8142898
8142898
8142898
8142898
8142898
11111476
11111476
11111476
11111476
11111476
11110789
11110789
11110789
11110789
11110789
14727244
14727244
14727244
14727244
14727244
4241848
4242051
4241848
4241848
4242051
11113286
11112425
11113286
11113286
11112425
858515
858515
858515
858515
858515
4239273
14732471
4239273
4239273
14732471
11111914
11111914
11111914
11111914
11111914
4253034
4253034
4253034
4253034
4253034
17412078
17412078
17412078
17412078
17412078
4238745
4238745
4238745
4238745
4238745
11111894
11111908
11113323
11113600
11111894
11112646
11112646
11112646
11112646
11112646
11111013
11111013
11111013
11111013
11111013
11111742
11111604
11113529
11111742
11111604
3712461
3712461
3712461
3712461
3712461
14726045
14726045
14726045
14726045
14726045
4237605
4237605
4237605
4237605
4237605
14738196
14738196
14738196
14738196
14738196
11112142
11112142
11112142
11112142
11112142
852502
852502
852502
852502
852502
11111572
11111572
11111572
11111572
11111572
11113144
11112820
11113144
11113144
11112820
11111510
17415900
11111510
11111510
17415900
851492
851492
851492
851492
851492
844118
851085
17410648
844118
851085
11111307
11111307
11111307
11111307
11111307
3714089
3714089
3714089
3714089
3714089
11113253
11113253
11113253
11113253
11113253
11113300
11113300
11113300
11113300
11113300
11114219
11114219
11114219
11114219
11114219
4252819
4252819
4252819
4252819
4252819
4254207
4254207
4254207
4254207
4254207
11111142
11111142
11111142
11111142
11111142
4238714
4238714
4238714
4238714
4238714
11110788
11110788
11110788
11110788
11110788
4238033
4238347
4238509
4239132
4239640
861762
861899
14726357
17410096
861762
11111417
11111417
11111417
11111417
11111417
14741538
14741538
14741538
14741538
14741538
14740181
14740181
14740181
14740181
14740181
4244531
4244531
4244531
4244531
4244531
859900
859900
859900
859900
859900
4238196
4238389
4238396
4240100
4240190
4238278
4238338
4239526
4238278
4238338
4238964
4238964
4238964
4238964
4238964
11113179
11113304
11113179
11113179
11113304
4238807
4238807
4238807
4238807
4238807
864330
864330
864330
864330
864330
17402301
17414685
17402301
17402301
17414685
11112814
11112814
11112814
11112814
11112814
4254122
4254122
4254122
4254122
4254122
4253870
4253870
4253870
4253870
4253870
14726349
14726349
14726349
14726349
14726349
860758
860758
860758
860758
860758
11113839
11113839
11113839
11113839
11113839
4242925
17402191
4242925
4242925
17402191
11111928
11111928
11111928
11111928
11111928
4254025
4254025
4254025
4254025
4254025
11114232
11114232
11114232
11114232
11114232
4242143
4242143
4242143
4242143
4242143
4253958
4253958
4253958
4253958
4253958
14741574
14741574
14741574
14741574
14741574
14732032
17387989
14732032
14732032
17387989
4254001
4254001
4254001
4254001
4254001
14738197
14738197
14738197
14738197
14738197
4239130
4240355
4239130
4239130
4240355
11114228
11114228
11114228
11114228
11114228
865820
865820
865820
865820
865820
4253188
4253188
4253188
4253188
4253188
4254052
4254052
4254052
4254052
4254052
4241367
4241367
4241367
4241367
4241367
11113305
11113305
11113305
11113305
11113305
11111211
11111211
11111211
11111211
11111211
4238081
4238356
4238536
4238594
4238081
4238795
4239445
4238795
4238795
4239445
4237996
4238991
4239627
4239747
4239897
17402189
17402189
17402189
17402189
17402189
4253409
4253409
4253409
4253409
4253409
4239465
4239465
4239465
4239465
4239465
11111445
17403093
11111445
11111445
17403093
14740866
14740866
14740866
14740866
14740866
4246453
4246453
4246453
4246453
4246453
4254309
4254309
4254309
4254309
4254309
14736712
17406748
14736712
14736712
17406748
853557
853557
853557
853557
853557
4254412
4254412
4254412
4254412
4254412
4252565
4252565
4252565
4252565
4252565
11113783
11113783
11113783
11113783
11113783
17401113
17401113
17401113
17401113
17401113
4266692
4266743
17384957
4266692
4266743
14736515
17406763
14736515
14736515
17406763
11112348
11112348
11112348
11112348
11112348
11111167
11111167
11111167
11111167
11111167
4250705
14726400
4250705
4250705
14726400
4237563
4238581
4237563
4237563
4238581
4237794
4238352
4237794
4237794
4238352
4252572
4252572
4252572
4252572
4252572
4254153
4254153
4254153
4254153
4254153
17387766
17387766
17387766
17387766
17387766
14734803
14734803
14734803
14734803
14734803
4253206
4253206
4253206
4253206
4253206
11112623
11112623
11112623
11112623
11112623
11112609
11112609
11112609
11112609
11112609
4247422
4247422
4247422
4247422
4247422
4238004
4238518
4238767
4238867
4239114
4237667
4238709
4238828
4239326
4240301
11111312
11111312
11111312
11111312
11111312
4250101
17387676
17407075
4250101
17387676
3714832
14731049
3714832
3714832
14731049
4238647
4238647
4238647
4238647
4238647
4253861
14745263
4253861
4253861
14745263
14730215
14730215
14730215
14730215
14730215
4251174
17401467
17403288
4251174
17401467
11114007
11114007
11114007
11114007
11114007
11114281
11114281
11114281
11114281
11114281
4253642
4253642
4253642
4253642
4253642
11111157
11111157
11111157
11111157
11111157
4245908
4245908
4245908
4245908
4245908
4253396
4253396
4253396
4253396
4253396
4238043
4238716
4238043
4238043
4238716
4238753
4238753
4238753
4238753
4238753
4242326
4242326
4242326
4242326
4242326
11110877
11110877
11110877
11110877
11110877
11111216
11111216
11111216
11111216
11111216
4249874
4249874
4249874
4249874
4249874
4237633
4238796
4238986
4239308
4237633
4237671
4238823
4239446
4239486
4240296
11111859
11111859
11111859
11111859
11111859
17402505
17410074
17402505
17402505
17410074
4252894
4252894
4252894
4252894
4252894
4252256
4252256
4252256
4252256
4252256
4245749
4245749
4245749
4245749
4245749
17409982
17409982
17409982
17409982
17409982
8142806
11111276
8142806
8142806
11111276
4253137
4253137
4253137
4253137
4253137
11112724
11112724
11112724
11112724
11112724
14732938
14743175
17412601
14732938
14743175
4249573
4249573
4249573
4249573
4249573
14740894
14740894
14740894
14740894
14740894
843859
4245695
843859
843859
4245695
11113082
11113082
11113082
11113082
11113082
858457
11113545
858457
858457
11113545
4246678
4248612
4249273
4251314
4246678
4254175
4254175
4254175
4254175
4254175
4253812
4253812
4253812
4253812
4253812
11113967
11113967
11113967
11113967
11113967
4237661
4237661
4237661
4237661
4237661
853614
853614
853614
853614
853614
4253651
4253651
4253651
4253651
4253651
4244745
4244745
4244745
4244745
4244745
4237540
4237699
4237726
4237940
4237944
4238662
4239060
4238662
4238662
4239060
4237707
4240142
17414507
4237707
4240142
17408914
17408914
17408914
17408914
17408914
849132
4244713
849132
849132
4244713
4247480
4253614
4247480
4247480
4253614
4237704
4238203
4238656
4238989
4239062
4237716
4238061
4238137
4238535
4239156
4254227
4254227
4254227
4254227
4254227
844835
861918
844835
844835
861918
4237815
4237916
4238179
4238443
4238494
4237735
4239722
4240043
4240204
4237735
11111622
11111622
11111622
11111622
11111622
4237904
4237934
4238134
4238366
4238583
14722171
14722171
14722171
14722171
14722171
4239178
4239685
4239178
4239178
4239685
4254389
4254389
4254389
4254389
4254389
846155
846155
846155
846155
846155
4239686
4237497
4237747
4238130
4238703
4253093
11111288
4253093
4253093
11111288
14732606
14732606
14732606
14732606
14732606
11112786
11112786
11112786
11112786
11112786
4239037
4237693
4238150
4238372
4238440
4239157
4239192
4239710
11114276
4239157
4248275
4248275
4248275
4248275
4248275
4253852
4253852
4253852
4253852
4253852
17402975
17402975
17402975
17402975
17402975
4237508
4237491
4239355
4239743
4240367
14743253
14743253
14743253
14743253
14743253
3712600
3712600
3712600
3712600
3712600
4239105
4245487
4239105
4239105
4245487
4266779
4244889
14727247
17403311
17403432
11111024
11111024
11111024
11111024
11111024
4248636
17414019
4248636
4248636
17414019
4252753
4252753
4252753
4252753
4252753
14742139
14742139
14742139
14742139
14742139
4253987
11111464
4253987
4253987
11111464
4252757
4252757
4252757
4252757
4252757
853202
11111977
11112291
853202
11111977
4254145
4254145
4254145
4254145
4254145
843813
843813
843813
843813
843813
4237538
4239155
4239348
4240080
4237538
14721914
14721914
14721914
14721914
14721914
14726094
14726094
14726094
14726094
14726094
8142803
8142803
8142803
8142803
8142803
14740282
14740286
14740282
14740282
14740286
11113711
11113711
11113711
11113711
11113711
11113663
11113663
11113663
11113663
11113663
17388011
17388011
17388011
17388011
17388011
17385051
17385051
17385051
17385051
17385051
4242655
4245209
4242655
4242655
4245209
844275
853361
17387762
17409327
844275
17411793
17411793
17411793
17411793
17411793
14745526
14745526
14745526
14745526
14745526
11110853
11114193
11110853
11110853
11114193
4238933
4239473
17406901
4238933
4239473
14740849
14740849
14740849
14740849
14740849
17409010
17413547
17409010
17409010
17413547
11113762
11113762
11113762
11113762
11113762
4237482
4239941
4237482
4237482
4239941
4247768
4247768
4247768
4247768
4247768
3715632
3715632
3715632
3715632
3715632
11111809
11111809
11111809
11111809
11111809
11113328
11113328
11113328
11113328
11113328
17411978
17411978
17411978
17411978
17411978
14735110
14735111
14735110
14735110
14735111
14731040
14731040
14731040
14731040
14731040
4238386
4239969
4238386
4238386
4239969
4254256
4254256
4254256
4254256
4254256
17408724
17408724
17408724
17408724
17408724
4253217
4253217
4253217
4253217
4253217
4252685
4252685
4252685
4252685
4252685
4249134
17402575
17402973
4249134
17402575
14726076
14726076
14726076
14726076
14726076
14723718
14723718
14723718
14723718
14723718
14741062
14741062
14741062
14741062
14741062
4245901
4245901
4245901
4245901
4245901
4238641
4239801
4238641
4238641
4239801
11111298
11111298
11111298
11111298
11111298
7974048
17410585
7974048
7974048
17410585
17407226
17407226
17407226
17407226
17407226
4253055
4253055
4253055
4253055
4253055
11110992
11110992
11110992
11110992
11110992
4237705
4237705
4237705
4237705
4237705
863479
863479
863479
863479
863479
4252686
4252686
4252686
4252686
4252686
14744434
14744434
14744434
14744434
14744434
11111822
11111822
11111822
11111822
11111822
11113123
11113123
11113123
11113123
11113123
4254326
4254326
4254326
4254326
4254326
4253840
4253840
4253840
4253840
4253840
17413258
17413258
17413258
17413258
17413258
4238368
4238923
4239915
4238368
4238923
4252990
4252990
4252990
4252990
4252990
4250184
4250184
4250184
4250184
4250184
4253944
4253944
4253944
4253944
4253944
14741988
14745040
14741988
14741988
14745040
4246998
17402387
4246998
4246998
17402387
17415236
17415236
17415236
17415236
17415236
11110733
11110733
11110733
11110733
11110733
4237780
4238136
4238474
4239224
4239323
11110726
11110726
11110726
11110726
11110726
11111645
11110990
11111179
11111664
11111873
17411585
17411585
17411585
17411585
17411585
14741615
14741615
14741615
14741615
14741615
4237567
4237965
4237567
4237567
4237965
17414069
17414069
17414069
17414069
17414069
4245122
4245122
4245122
4245122
4245122
4245567
4245567
4245567
4245567
4245567
11111629
11111629
11111629
11111629
11111629
4254183
4254183
4254183
4254183
4254183
17407476
17407483
17407476
17407476
17407483
11113167
11113167
11113167
11113167
11113167
11114261
11114261
11114261
11114261
11114261
14742383
14742383
14742383
14742383
14742383
11113607
11113607
11113607
11113607
11113607
8142822
8142822
8142822
8142822
8142822
4246300
17415818
4246300
4246300
17415818
17387789
17387789
17387789
17387789
17387789
17387651
17387651
17387651
17387651
17387651
4242702
4242702
4242702
4242702
4242702
4237478
4237551
4237674
4237827
4238301
17409196
17409196
17409196
17409196
17409196
17402213
17410903
17402213
17402213
17410903
4241793
4241793
4241793
4241793
4241793
17387748
17387748
17387748
17387748
17387748
17409969
17409969
17409969
17409969
17409969
11111832
851303
14741536
11111832
851303
4246294
14722192
4246294
4246294
14722192
4253472
4253473
14745981
4253472
4253473
11111173
11111173
11111173
11111173
11111173
4253603
11110879
4253603
4253603
11110879
4243198
17387788
4243198
4243198
17387788
11111058
11111058
11111058
11111058
11111058
4245574
4245574
4245574
4245574
4245574
17412045
17412045
17412045
17412045
17412045
4251016
4251016
4251016
4251016
4251016
4238468
4239170
4238468
4238468
4239170
11111803
11111803
11111803
11111803
11111803
4237530
4237530
4237530
4237530
4237530
4254417
17406688
4254417
4254417
17406688
4266686
4266693
4266686
4266686
4266693
17387552
17387552
17387552
17387552
17387552
4237972
4239139
4237972
4237972
4239139
4240857
4240857
4240857
4240857
4240857
17410156
17410156
17410156
17410156
17410156
17406728
17406728
17406728
17406728
17406728
14735331
14735331
14735331
14735331
14735331
17409894
17409894
17409894
17409894
17409894
3717913
3717913
3717913
3717913
3717913
4237807
4237956
4238146
4239052
4237807
14735335
14735335
14735335
14735335
14735335
842697
4250026
17408985
842697
4250026
4237629
4237629
4237629
4237629
4237629
17402767
17402767
17402767
17402767
17402767
4252742
4252742
4252742
4252742
4252742
4252658
4252658
4252658
4252658
4252658
853573
853573
853573
853573
853573
4243832
4252268
4243832
4243832
4252268
17409547
17409547
17409547
17409547
17409547
17406953
17406953
17406953
17406953
17406953
14737061
14737061
14737061
14737061
14737061
14738549
14738549
14738549
14738549
14738549
848009
17387703
848009
848009
17387703
14735727
14735727
14735727
14735727
14735727
4241369
4241369
4241369
4241369
4241369
11112884
11112884
11112884
11112884
11112884
14743565
14743565
14743565
14743565
14743565
11112824
11112824
11112824
11112824
11112824
4238560
4238770
4238860
4239238
4239330
17387924
17387924
17387924
17387924
17387924
4238506
4238506
4238506
4238506
4238506
14744859
14744859
14744859
14744859
14744859
11110739
11110750
11110739
11110739
11110750
11111766
11111766
11111766
11111766
11111766
3715879
3715879
3715879
3715879
3715879
14741617
14742462
14741617
14741617
14742462
17413117
17413117
17413117
17413117
17413117
4237791
4238086
4239706
4239923
4240048
845384
845384
845384
845384
845384
4239164
4239164
4239164
4239164
4239164
17384932
17384932
17384932
17384932
17384932
4244215
17407096
17407260
4244215
17407096
4254208
4254208
4254208
4254208
4254208
4254430
4254430
4254430
4254430
4254430
11113089
11113089
11113089
11113089
11113089
14723822
14723822
14723822
14723822
14723822
7976966
7976966
7976966
7976966
7976966
4246203
4246203
4246203
4246203
4246203
4242635
14743317
4242635
4242635
14743317
4252721
4252721
4252721
4252721
4252721
4253608
11112467
17408406
17415847
4253608
4253956
4253956
4253956
4253956
4253956
4238470
4239789
4238470
4238470
4239789
4239848
4239848
4239848
4239848
4239848
14744470
14744470
14744470
14744470
14744470
14745894
14745894
14745894
14745894
14745894
14736071
14736071
14736071
14736071
14736071
4238408
4238642
4238408
4238408
4238642
4237804
4237931
4240006
4237804
4237931
11111778
11111778
11111778
11111778
11111778
14742269
14742269
14742269
14742269
14742269
4237490
4237621
4237805
4238675
4238843
11111722
3717861
4245875
14723987
14745117
4247453
11114282
4247453
4247453
11114282
17409257
17409257
17409257
17409257
17409257
11114048
14744908
11114048
11114048
14744908
4238702
4238708
4240181
4240388
4238702
11111867
11111867
11111867
11111867
11111867
17409013
17409013
17409013
17409013
17409013
4242554
4242554
4242554
4242554
4242554
4253819
4253819
4253819
4253819
4253819
11111026
11111026
11111026
11111026
11111026
14730073
17401400
14730073
14730073
17401400
11112524
11112524
11112524
11112524
11112524
14731328
17409333
14731328
14731328
17409333
14743984
14743984
14743984
14743984
14743984
4238652
4239807
4238652
4238652
4239807
4238375
4238747
4238921
4240199
4238375
4245737
4245737
4245737
4245737
4245737
17407584
17407584
17407584
17407584
17407584
4253652
4253652
4253652
4253652
4253652
857842
14745478
857842
857842
14745478
865579
865579
865579
865579
865579
11113514
11113514
11113514
11113514
11113514
17415221
17415221
17415221
17415221
17415221
858812
858812
858812
858812
858812
14735114
14743075
14735114
14735114
14743075
4242299
4242299
4242299
4242299
4242299
861742
4242796
861742
861742
4242796
17411104
17411104
17411104
17411104
17411104
14745293
17402244
14745293
14745293
17402244
14732354
14732354
14732354
14732354
14732354
7975674
7975674
7975674
7975674
7975674
11114080
11114080
11114080
11114080
11114080
4252298
4252298
4252298
4252298
4252298
853274
853274
853274
853274
853274
3717423
3717423
3717423
3717423
3717423
849465
849465
849465
849465
849465
14731041
14731041
14731041
14731041
14731041
14743956
14743956
14743956
14743956
14743956
14727299
17409192
14727299
14727299
17409192
4240119
4240127
4240119
4240119
4240127
4237858
4237858
4237858
4237858
4237858
11110848
11110848
11110848
11110848
11110848
3711650
17403592
3711650
3711650
17403592
17409810
17409810
17409810
17409810
17409810
11112614
11112614
11112614
11112614
11112614
4238707
4239928
4238707
4238707
4239928
14723693
14723693
14723693
14723693
14723693
852799
852799
852799
852799
852799
4248391
4248391
4248391
4248391
4248391
11110890
11110890
11110890
11110890
11110890
4253771
4253771
4253771
4253771
4253771
865162
17409927
865162
865162
17409927
17409879
17409879
17409879
17409879
17409879
11112285
11112285
11112285
11112285
11112285
14727260
14727260
14727260
14727260
14727260
8142801
11110734
8142801
8142801
11110734
17406828
17406828
17406828
17406828
17406828
4238720
4239655
4239674
4240343
4238720
4239082
4239082
4239082
4239082
4239082
4252487
17414302
4252487
4252487
17414302
3715559
3715559
3715559
3715559
3715559
17413042
17413042
17413042
17413042
17413042
4251896
11113572
4251896
4251896
11113572
4238259
4238259
4238259
4238259
4238259
14745093
14745093
14745093
14745093
14745093
4266710
4266711
4266710
4266710
4266711
17403498
17403498
17403498
17403498
17403498
14745416
14745416
14745416
14745416
14745416
14741391
14741391
14741391
14741391
14741391
14733593
17406836
14733593
14733593
17406836
17401425
17401425
17401425
17401425
17401425
14737245
14737245
14737245
14737245
14737245
14734985
14734985
14734985
14734985
14734985
17401208
17401208
17401208
17401208
17401208
4254307
11110664
4254307
4254307
11110664
14725994
17410216
17410218
14725994
17410216
14741336
14741336
14741336
14741336
14741336
4244086
17402060
4244086
4244086
17402060
14745828
17411401
14745828
14745828
17411401
17411925
17411925
17411925
17411925
17411925
4237974
4238143
4238865
4239794
4240051
14726413
14726413
14726413
14726413
14726413
4238121
4239117
4239620
4239983
4238121
4247110
14726445
4247110
4247110
14726445
4250068
4250068
4250068
4250068
4250068
11112515
11114221
11112515
11112515
11114221
4251188
14723802
4251188
4251188
14723802
858319
858319
858319
858319
858319
4253203
11111018
11112352
4253203
11111018
17402372
17410964
17402372
17402372
17410964
17388006
17388006
17388006
17388006
17388006
858595
4238252
4238592
4238725
4238877
4237658
4238322
4239017
4240174
14738507
17402591
17409790
17409976
17410188
17402591
14727305
14727305
14727305
14727305
14727305
14743573
14743573
14743573
14743573
14743573
8142900
8142900
8142900
8142900
8142900
14723709
14723709
14723709
14723709
14723709
11113984
11113984
11113984
11113984
11113984
17414792
17414792
17414792
17414792
17414792
4247459
4247459
4247459
4247459
4247459
4239145
4239145
4239145
4239145
4239145
17387498
17387498
17387498
17387498
17387498
4237593
4237666
4237788
4238730
4238858
4241531
4241531
4241531
4241531
4241531
14744578
14744578
14744578
14744578
14744578
14723854
14723854
14723854
14723854
14723854
11111799
17411191
11111799
11111799
17411191
14722164
14722164
14722164
14722164
14722164
17408254
17408254
17408254
17408254
17408254
4243252
4243252
4243252
4243252
4243252
14741028
14742816
14743492
14743586
14744776
14743157
14743157
14743157
14743157
14743157
11113996
11113996
11113996
11113996
11113996
17403233
17403233
17403233
17403233
17403233
4254182
17402227
4254182
4254182
17402227
11110834
14729731
14731141
14742557
11110834
17415866
17415866
17415866
17415866
17415866
4240843
4250722
4240843
4240843
4250722
14742077
17406614
14742077
14742077
17406614
4237832
4239091
4237832
4237832
4239091
4254288
4254288
4254288
4254288
4254288
14745547
17415461
14745547
14745547
17415461
11112373
11112373
11112373
11112373
11112373
853124
14734775
14745230
853124
14734775
4240382
4240382
4240382
4240382
4240382
14743835
14743835
14743835
14743835
14743835
14735050
14735050
14735050
14735050
14735050
4252181
4252181
4252181
4252181
4252181
11110730
11110831
11113466
11113496
11110730
17415185
17415185
17415185
17415185
17415185
4246836
4246836
4246836
4246836
4246836
14744958
14744958
14744958
14744958
14744958
4247276
4249194
17412143
4247276
4249194
4237920
4237920
4237920
4237920
4237920
17402067
17402067
17402067
17402067
17402067
8142809
8142809
8142809
8142809
8142809
14743170
14743170
14743170
14743170
14743170
11112554
11112554
11112554
11112554
11112554
4238797
4240053
4238797
4238797
4240053
17411709
17411709
17411709
17411709
17411709
17413746
17413746
17413746
17413746
17413746
4251986
4251986
4251986
4251986
4251986
14737451
14737451
14737451
14737451
14737451
7975336
7975336
7975336
7975336
7975336
4244528
14737253
4244528
4244528
14737253
3717473
14723793
3717473
3717473
14723793
4238679
4239654
4239808
4240235
4238679
17406708
17406708
17406708
17406708
17406708
17387747
17387747
17387747
17387747
17387747
17384987
17403290
17384987
17384987
17403290
4248621
4248621
4248621
4248621
4248621
4242830
4242830
4242830
4242830
4242830
14743479
14743479
14743479
14743479
14743479
14741016
14741016
14741016
14741016
14741016
4238922
4238922
4238922
4238922
4238922
14735336
17415632
14735336
14735336
17415632
4252821
7973436
17416150
4252821
7973436
4253526
4253526
4253526
4253526
4253526
4252703
4252703
4252703
4252703
4252703
863998
863998
863998
863998
863998
14744710
14744710
14744710
14744710
14744710
17401153
17401153
17401153
17401153
17401153
14723415
14723415
14723415
14723415
14723415
17411776
17411776
17411776
17411776
17411776
17407632
17407632
17407632
17407632
17407632
11114269
11114269
11114269
11114269
11114269
4238127
4248195
4238127
4238127
4248195
862459
862459
862459
862459
862459
11111392
11111392
11111392
11111392
11111392
11111308
11111308
11111308
11111308
11111308
4253130
11110921
4253130
4253130
11110921
4238222
4238222
4238222
4238222
4238222
11112252
17406847
11112252
11112252
17406847
4266780
4266780
4266780
4266780
4266780
14745177
14745177
14745177
14745177
14745177
4237706
14741438
4237706
4237706
14741438
11112690
11112716
11112690
11112690
11112716
864964
864964
864964
864964
864964
17409867
17409867
17409867
17409867
17409867
4237495
4239135
4239187
4239616
4240067
4243993
4243993
4243993
4243993
4243993
4242948
4242948
4242948
4242948
4242948
11111626
14723912
14741054
14743916
11111626
14734986
14734986
14734986
14734986
14734986
17408547
17408547
17408547
17408547
17408547
4253066
4253776
4253066
4253066
4253776
4237550
4238589
4254215
17414817
4237550
11111880
4237634
11111880
11111880
4237634
4241391
4241391
4241391
4241391
4241391
17402455
17402455
17402455
17402455
17402455
14741595
14741595
14741595
14741595
14741595
4254221
11112718
4254221
4254221
11112718
17402954
17402954
17402954
17402954
17402954
11113551
11113551
11113551
11113551
11113551
11114152
11113575
11114152
11114152
11113575
4238671
4238671
4238671
4238671
4238671
4252495
11111321
4252495
4252495
11111321
4253973
4253973
4253973
4253973
4253973
4237541
4239644
4237541
4237541
4239644
11110714
11110714
11110714
11110714
11110714
11114082
11114082
11114082
11114082
11114082
859990
17411946
859990
859990
17411946
842584
4254131
842584
842584
4254131
14727288
14727288
14727288
14727288
14727288
17413732
17413732
17413732
17413732
17413732
4237914
4238504
4238947
4238951
4239551
11110760
11110760
11110760
11110760
11110760
17408812
17408812
17408812
17408812
17408812
7974256
7974256
7974256
7974256
7974256
14745895
14745895
14745895
14745895
14745895
14724133
14724133
14724133
14724133
14724133
17401869
17401869
17401869
17401869
17401869
11113808
11113808
11113808
11113808
11113808
17409825
17409825
17409825
17409825
17409825
14726715
14726715
14726715
14726715
14726715
4237709
4237710
4238848
4237709
4237710
4250644
11110798
4250644
4250644
11110798
7977783
7977783
7977783
7977783
7977783
17410108
17410108
17410108
17410108
17410108
17412145
17412145
17412145
17412145
17412145
17409821
17409821
17409821
17409821
17409821
17402328
17409832
17402328
17402328
17409832
4252203
4252665
4252203
4252203
4252665
848633
17402526
848633
848633
17402526
857377
857377
857377
857377
857377
14742052
14745799
14742052
14742052
14745799
14742737
14742737
14742737
14742737
14742737
8142902
8142902
8142902
8142902
8142902
17408876
17408876
17408876
17408876
17408876
17413315
17413315
17413315
17413315
17413315
17403677
17403677
17403677
17403677
17403677
4249574
4249574
4249574
4249574
4249574
4248297
4248297
4248297
4248297
4248297
17402368
17402368
17402368
17402368
17402368
4240013
4240319
4240013
4240013
4240319
11113138
11112540
11113138
11113138
11112540
14731460
17402138
17402150
17403071
17408907
17402000
17402000
17402000
17402000
17402000
4254127
4254127
4254127
4254127
4254127
14743146
17403487
17406782
14743146
17403487
11111632
11111651
11111632
11111632
11111651
14740895
14740895
14740895
14740895
14740895
14722148
14722148
14722148
14722148
14722148
859751
4245646
859751
859751
4245646
4238245
4239305
4239688
4240179
4238245
17410998
17410998
17410998
17410998
17410998
17406746
17406746
17406746
17406746
17406746
3712535
3712535
3712535
3712535
3712535
14738954
14738954
14738954
14738954
14738954
4253042
17401711
4253042
4253042
17401711
11112459
14732945
17412422
11112459
14732945
17384905
17384905
17384905
17384905
17384905
17387996
17387996
17387996
17387996
17387996
17415412
17415412
17415412
17415412
17415412
4252472
4252472
4252472
4252472
4252472
14741616
14741616
14741616
14741616
14741616
17415637
17415637
17415637
17415637
17415637
17388020
17388020
17388020
17388020
17388020
4251992
4251992
4251992
4251992
4251992
4249458
4249458
4249458
4249458
4249458
3712953
3712953
3712953
3712953
3712953
4246897
4246897
4246897
4246897
4246897
14723887
17385006
17408963
17414909
14723887
4249197
7976196
4249197
4249197
7976196
11113966
11113966
11113966
11113966
11113966
14723694
14723694
14723694
14723694
14723694
4246428
4253785
4246428
4246428
4253785
17402826
17402826
17402826
17402826
17402826
4237591
4238813
4239590
4239881
4240333
4246297
14743553
4246297
4246297
14743553
4253809
4253809
4253809
4253809
4253809
14742835
14742835
14742835
14742835
14742835
14740676
14740676
14740676
14740676
14740676
846619
846619
846619
846619
846619
861598
861598
861598
861598
861598
14734802
14734802
14734802
14734802
14734802
4266749
4266777
17385044
4266749
4266777
4254095
4254095
4254095
4254095
4254095
4239246
4239579
4239986
4252407
4239246
14742740
14742740
14742740
14742740
14742740
4254427
17410899
4254427
4254427
17410899
17411151
17411476
17411151
17411151
17411476
14741751
14741751
14741751
14741751
14741751
14723141
14723141
14723141
14723141
14723141
17412608
17412608
17412608
17412608
17412608
14741338
17401262
14741338
14741338
17401262
17416064
17416064
17416064
17416064
17416064
4238076
4238660
4239944
4239988
4253208
4243362
4243362
4243362
4243362
4243362
17414275
17414275
17414275
17414275
17414275
14724018
14724018
14724018
14724018
14724018
4237790
4237968
4238508
4239080
4239280
4237628
4237866
4237981
4238349
4239126
11114129
11114129
11114129
11114129
11114129
4240057
4240069
4240309
4240425
4240057
4244968
4244968
4244968
4244968
4244968
4238042
4239447
4239471
4239942
4240334
14744606
14745171
14744606
14744606
14745171
17385035
17385035
17385035
17385035
17385035
4266726
8148443
4266726
4266726
8148443
11111744
11111744
11111744
11111744
11111744
17411412
17411412
17411412
17411412
17411412
14726111
14726111
14726111
14726111
14726111
17401972
17401972
17401972
17401972
17401972
14730359
14730359
14730359
14730359
14730359
14745425
14745425
14745425
14745425
14745425
4254325
17411527
17416005
4254325
17411527
17409987
17409987
17409987
17409987
17409987
17406870
17406870
17406870
17406870
17406870
17410813
17410813
17410813
17410813
17410813
14740976
14740976
14740976
14740976
14740976
17412013
17412013
17412013
17412013
17412013
4246673
17403283
4246673
4246673
17403283
4252644
4252644
4252644
4252644
4252644
17410563
17410563
17410563
17410563
17410563
17402462
17402462
17402462
17402462
17402462
4249175
14731683
4249175
4249175
14731683
4241023
4241023
4241023
4241023
4241023
4237529
4237532
4238457
4238909
4239177
4252848
4252848
4252848
4252848
4252848
11112338
11112526
11112338
11112338
11112526
11111127
11111127
11111127
11111127
11111127
17402670
17414451
17402670
17402670
17414451
11111310
11111311
17408548
11111310
11111311
846286
846286
846286
846286
846286
4244619
4244619
4244619
4244619
4244619
17411219
17411219
17411219
17411219
17411219
17409897
17409897
17409897
17409897
17409897
14731297
17402250
14731297
14731297
17402250
11110971
14735328
11110971
11110971
14735328
4239301
17411599
4239301
4239301
17411599
14726371
14726371
14726371
14726371
14726371
7973477
17414810
7973477
7973477
17414810
17401134
17401134
17401134
17401134
17401134
17416218
17416218
17416218
17416218
17416218
4246398
17401253
4246398
4246398
17401253
11111556
11111556
11111556
11111556
11111556
4237492
4238275
4237492
4237492
4238275
17413110
17413110
17413110
17413110
17413110
11114268
11114268
11114268
11114268
11114268
17403673
17403673
17403673
17403673
17403673
14741541
14741541
14741541
14741541
14741541
4242740
4242740
4242740
4242740
4242740
14727295
14727295
14727295
14727295
14727295
17414839
17414839
17414839
17414839
17414839
864048
864048
864048
864048
864048
3715858
17388030
3715858
3715858
17388030
17410519
17410885
17410519
17410519
17410885
4242937
4242937
4242937
4242937
4242937
4238570
4238806
4239872
4239930
4240193
17403587
17403587
17403587
17403587
17403587
14723719
14723719
14723719
14723719
14723719
14726047
14726047
14726047
14726047
14726047
4254291
4254291
4254291
4254291
4254291
4245173
4245173
4245173
4245173
4245173
17412084
17412084
17412084
17412084
17412084
17413199
17413199
17413199
17413199
17413199
11112162
11112162
11112162
11112162
11112162
4238756
4239873
4238756
4238756
4239873
17408784
17408784
17408784
17408784
17408784
4252645
4252645
4252645
4252645
4252645
17406597
17406597
17406597
17406597
17406597
11111111
11111111
11111111
11111111
11111111
4239756
4239756
4239756
4239756
4239756
11113684
11113684
11113684
11113684
11113684
17411994
17413631
17411994
17411994
17413631
4237684
4237684
4237684
4237684
4237684
4254383
14741594
4254383
4254383
14741594
11112389
11112389
11112389
11112389
11112389
17414877
17414877
17414877
17414877
17414877
4239888
4239888
4239888
4239888
4239888
11114277
17413613
11114277
11114277
17413613
14724072
14724072
14724072
14724072
14724072
11111666
11111666
11111666
11111666
11111666
4253992
4253992
4253992
4253992
4253992
14730114
14730114
14730114
14730114
14730114
14736080
14736080
14736080
14736080
14736080
11112408
11112408
11112408
11112408
11112408
14723867
14723867
14723867
14723867
14723867
14732942
14732942
14732942
14732942
14732942
4239760
4240229
4239760
4239760
4240229
14727180
14727180
14727180
14727180
14727180
17402744
17402744
17402744
17402744
17402744
4239051
4239797
4239051
4239051
4239797
4238859
4240359
4238859
4238859
4240359
11114128
11114128
11114128
11114128
11114128
14734978
17407448
14734978
14734978
17407448
14726103
17401483
14726103
14726103
17401483
7977052
7977052
7977052
7977052
7977052
17402237
17402237
17402237
17402237
17402237
11114135
11114135
11114135
11114135
11114135
4239507
4239507
4239507
4239507
4239507
4240797
4240797
4240797
4240797
4240797
17414787
17414787
17414787
17414787
17414787
4237969
4239625
4237969
4237969
4239625
851660
851660
851660
851660
851660
17409107
17409107
17409107
17409107
17409107
14741041
14741041
14741041
14741041
14741041
17409334
17409334
17409334
17409334
17409334
14735180
14735180
14735180
14735180
14735180
4237474
4237812
4238007
4238064
4238173
14742200
14742200
14742200
14742200
14742200
14733073
14733073
14733073
14733073
14733073
17415949
17415949
17415949
17415949
17415949
14731511
14731511
14731511
14731511
14731511
4249467
11114028
4249467
4249467
11114028
14734435
14734435
14734435
14734435
14734435
11111882
11111882
11111882
11111882
11111882
11111612
11111612
11111612
11111612
11111612
17410037
17410037
17410037
17410037
17410037
17415931
17415931
17415931
17415931
17415931
17402314
17402314
17402314
17402314
17402314
14744499
17409119
14744499
14744499
17409119
11111107
11111107
11111107
11111107
11111107
4253146
14741276
4253146
4253146
14741276
4238646
4238826
4238832
4239251
4238646
4249123
11114231
17409779
4249123
11114231
11114065
11114065
11114065
11114065
11114065
17406780
17406780
17406780
17406780
17406780
11111740
14723907
11111740
11111740
14723907
4238247
4238895
4238247
4238247
4238895
14732936
17407826
14732936
14732936
17407826
14745147
14745147
14745147
14745147
14745147
14744976
14744976
14744976
14744976
14744976
14744590
14744590
14744590
14744590
14744590
4253902
17409754
4253902
4253902
17409754
17409647
17409647
17409647
17409647
17409647
17403050
17403050
17403050
17403050
17403050
17402542
17406732
17406734
17402542
17406732
7977532
7977532
7977532
7977532
7977532
11112680
11112695
11112744
11112813
11112680
11114115
11114115
11114115
11114115
11114115
17402161
17402161
17402161
17402161
17402161
4252680
4252862
4253114
4252680
4252862
4239264
4239264
4239264
4239264
4239264
4238113
4238250
4238388
4238407
4238704
7977873
17402405
7977873
7977873
17402405
17402667
17402667
17402667
17402667
17402667
3714911
3714911
3714911
3714911
3714911
14741236
14741236
14741236
14741236
14741236
11111232
11111232
11111232
11111232
11111232
11112384
11112384
11112384
11112384
11112384
17409843
17411608
17409843
17409843
17411608
4249054
14742081
4249054
4249054
14742081
17401408
17401408
17401408
17401408
17401408
17414561
17414561
17414561
17414561
17414561
14727156
14727156
14727156
14727156
14727156
14723152
14723152
14723152
14723152
14723152
14740836
14742193
14740836
14740836
14742193
14742364
14742364
14742364
14742364
14742364
11113968
11113968
11113968
11113968
11113968
14741026
14741027
14741026
14741026
14741027
17402754
17402754
17402754
17402754
17402754
4247608
4247608
4247608
4247608
4247608
17407046
17407046
17407046
17407046
17407046
14724132
14724132
14724132
14724132
14724132
11113863
11113863
11113863
11113863
11113863
4253027
4253027
4253027
4253027
4253027
11114062
11114069
11114062
11114062
11114069
14736953
14736953
14736953
14736953
14736953
846175
846175
846175
846175
846175
11111076
11111076
11111076
11111076
11111076
4238743
4239935
4239959
4238743
4239935
4248127
4248127
4248127
4248127
4248127
14723964
14723964
14723964
14723964
14723964
17411839
17411839
17411839
17411839
17411839
17387488
17387488
17387488
17387488
17387488
17406964
17406964
17406964
17406964
17406964
11112355
11112355
11112355
11112355
11112355
14740761
14740761
14740761
14740761
14740761
4248694
4253381
4253946
4248694
4253381
4253700
4253700
4253700
4253700
4253700
11112574
11112574
11112574
11112574
11112574
11111890
11111890
11111890
11111890
11111890
14726301
14726301
14726301
14726301
14726301
3711919
3711919
3711919
3711919
3711919
14727215
17408777
17415132
14727215
17408777
4238784
4238785
4239427
4239528
4240353
17410247
17410247
17410247
17410247
17410247
14727285
14727285
14727285
14727285
14727285
4238160
4239222
4239394
4248274
4238160
843808
849814
17409863
843808
849814
14745872
14745872
14745872
14745872
14745872
17402391
17402391
17402391
17402391
17402391
11111220
11111220
11111220
11111220
11111220
17402570
17402570
17402570
17402570
17402570
4253855
4253855
4253855
4253855
4253855
17403543
17403543
17403543
17403543
17403543
11112912
11112912
11112912
11112912
11112912
17402148
17402148
17402148
17402148
17402148
14742967
14742967
14742967
14742967
14742967
4253863
4253863
4253863
4253863
4253863
4246741
4246741
4246741
4246741
4246741
844782
17406974
844782
844782
17406974
14744620
17414702
14744620
14744620
17414702
17402883
17402883
17402883
17402883
17402883
4253716
17410005
4253716
4253716
17410005
4237487
4238764
4239776
4239839
4240016
4241082
4241082
4241082
4241082
4241082
842319
842319
842319
842319
842319
17403168
17403168
17403168
17403168
17403168
14734341
14734341
14734341
14734341
14734341
17411924
17411924
17411924
17411924
17411924
11111895
17403634
11111895
11111895
17403634
4253321
4253912
14727090
14743883
4253321
4252855
4254339
4252855
4252855
4254339
14723715
14723715
14723715
14723715
14723715
4238850
17412918
4238850
4238850
17412918
861921
4238102
11111687
11113671
861921
17407468
17407468
17407468
17407468
17407468
4237475
4237572
4237729
4237913
4238220
17406754
17406754
17406754
17406754
17406754
4244887
4251279
14734020
14735326
4244887
4237521
4237782
4237859
4237883
4238615
17413238
17413238
17413238
17413238
17413238
14723852
14723852
14723852
14723852
14723852
14726294
14743484
14726294
14726294
14743484
11111164
11111164
11111164
11111164
11111164
4248944
4248944
4248944
4248944
4248944
4241710
4241710
4241710
4241710
4241710
14741608
14741608
14741608
14741608
14741608
17416085
17416085
17416085
17416085
17416085
17402353
17411753
17402353
17402353
17411753
14731453
14731453
14731453
14731453
14731453
4252460
4253415
4252460
4252460
4253415
4237982
4239333
4239406
4239694
4239909
11114027
11114027
11114027
11114027
11114027
17411392
17411392
17411392
17411392
17411392
17408925
17408925
17408925
17408925
17408925
4244219
14738621
4244219
4244219
14738621
11112769
14740972
11112769
11112769
14740972
861945
14742810
861945
861945
14742810
14744595
17406815
14744595
14744595
17406815
4237518
4238195
4239411
4239600
4239792
17387993
17414624
17387993
17387993
17414624
17403492
17403492
17403492
17403492
17403492
17386133
17409042
17386133
17386133
17409042
14742257
14742257
14742257
14742257
14742257
863831
4254073
863831
863831
4254073
4247785
14741601
4247785
4247785
14741601
17414315
17414315
17414315
17414315
17414315
17413703
17413703
17413703
17413703
17413703
11114117
11114117
11114117
11114117
11114117
17410361
17410361
17410361
17410361
17410361
14727157
14727157
14727157
14727157
14727157
17415155
17415155
17415155
17415155
17415155
17415638
17415638
17415638
17415638
17415638
4238315
4238315
4238315
4238315
4238315
14737074
14737074
14737074
14737074
14737074
4254388
4254388
4254388
4254388
4254388
17406781
17406932
17406781
17406781
17406932
14735716
17408079
17412001
14735716
17408079
4252675
4252675
4252675
4252675
4252675
8142805
17416122
8142805
8142805
17416122
4254420
11114132
4254420
4254420
11114132
4247510
4247510
4247510
4247510
4247510
4266742
4266742
4266742
4266742
4266742
17411477
17411477
17411477
17411477
17411477
17403312
17403312
17403312
17403312
17403312
4240197
4240197
4240197
4240197
4240197
17408796
17408796
17408796
17408796
17408796
4248463
4248990
4248463
4248463
4248990
14745220
14745220
14745220
14745220
14745220
11111322
11111349
11111468
11111484
11112767
11113469
11113469
11113469
11113469
11113469
4242394
4242394
4242394
4242394
4242394
17401146
17401146
17401146
17401146
17401146
4243278
4243278
4243278
4243278
4243278
17416282
17416282
17416282
17416282
17416282
4246313
11112613
4246313
4246313
11112613
11112166
14740175
11112166
11112166
14740175
4254170
4254170
4254170
4254170
4254170
17402961
17402961
17402961
17402961
17402961
17407949
17407949
17407949
17407949
17407949
17412887
17412887
17412887
17412887
17412887
17409009
17409009
17409009
17409009
17409009
17416115
17416115
17416115
17416115
17416115
17403185
17403185
17403185
17403185
17403185
17413178
17413178
17413178
17413178
17413178
4237662
4238045
4240025
4237662
4238045
17412108
17412108
17412108
17412108
17412108
11111146
11111146
11111146
11111146
11111146
4252796
4252796
4252796
4252796
4252796
860163
860163
860163
860163
860163
7977090
17408882
7977090
7977090
17408882
4237673
4239604
4239757
4239790
4251970
11114122
11114122
11114122
11114122
11114122
17387540
17387540
17387540
17387540
17387540
17406880
17406880
17406880
17406880
17406880
848874
4238267
4238827
4240420
848874
14734105
14734105
14734105
14734105
14734105
14743138
14743138
14743138
14743138
14743138
17408612
17408612
17408612
17408612
17408612
4237919
4237919
4237919
4237919
4237919
14742054
14742054
14742054
14742054
14742054
4252740
4252740
4252740
4252740
4252740
7972667
17409250
7972667
7972667
17409250
14745448
14745448
14745448
14745448
14745448
14722149
14736520
17415357
14722149
14736520
846659
846659
846659
846659
846659
17411192
17411192
17411192
17411192
17411192
4240592
17409448
17412537
4240592
17409448
14737572
17408999
14737572
14737572
17408999
4253717
4253717
4253717
4253717
4253717
4245266
14740424
14745202
4245266
14740424
4254398
4254398
4254398
4254398
4254398
11111300
11111300
11111300
11111300
11111300
11113952
11113952
11113952
11113952
11113952
14742293
14742293
14742293
14742293
14742293
4239175
4240011
4239175
4239175
4240011
17409389
17409389
17409389
17409389
17409389
14739976
17401117
17401206
17410838
14739976
17408563
17408563
17408563
17408563
17408563
17414304
17414304
17414304
17414304
17414304
17415910
17415910
17415910
17415910
17415910
4247932
4247932
4247932
4247932
4247932
11114043
11114043
11114043
11114043
11114043
14737060
14737060
14737060
14737060
14737060
11114190
11114190
11114190
11114190
11114190
11113511
11113511
11113511
11113511
11113511
14742384
17415332
14742384
14742384
17415332
11113662
11113662
11113662
11113662
11113662
4238525
4238532
4239293
4238525
4238532
11112790
11112923
11112790
11112790
11112923
14743567
14743567
14743567
14743567
14743567
17402273
17402273
17402273
17402273
17402273
17401265
17409531
17401265
17401265
17409531
4266750
14745166
17385113
4266750
14745166
17402903
17409351
17402903
17402903
17409351
17415342
17415342
17415342
17415342
17415342
17411028
17411028
17411028
17411028
17411028
4252830
4252830
4252830
4252830
4252830
4254329
4254329
4254329
4254329
4254329
11110962
11112711
11110962
11110962
11112711
14746025
14746025
14746025
14746025
14746025
851833
4245444
14744211
17412861
851833
14726066
14726066
14726066
14726066
14726066
17415571
17415571
17415571
17415571
17415571
11112169
11112169
11112169
11112169
11112169
14742786
14742786
14742786
14742786
14742786
17406979
17406979
17406979
17406979
17406979
14745229
14745229
14745229
14745229
14745229
843987
4249708
14721848
17408722
17409126
4238116
4238668
4246249
4238116
4238668
4237750
4240370
4237750
4237750
4240370
14733895
17414435
17416013
14733895
17414435
8142802
8142811
17385047
8142802
8142811
17412872
17412872
17412872
17412872
17412872
14741018
14741648
14741018
14741018
14741648
14742116
14742116
14742116
14742116
14742116
17414907
17414907
17414907
17414907
17414907
14741100
14741100
14741100
14741100
14741100
857272
14725999
857272
857272
14725999
14743346
14743346
14743346
14743346
14743346
17402794
17410697
17402794
17402794
17410697
11111014
11111014
11111014
11111014
11111014
17416250
17416250
17416250
17416250
17416250
17412181
17412181
17412181
17412181
17412181
11112882
11112882
11112882
11112882
11112882
4246349
4246349
4246349
4246349
4246349
4254003
4254003
4254003
4254003
4254003
14730502
14730502
14730502
14730502
14730502
4243590
11112335
4243590
4243590
11112335
17409972
17409972
17409972
17409972
17409972
17413738
17413738
17413738
17413738
17413738
17406705
17406705
17406705
17406705
17406705
14743590
14743590
14743590
14743590
14743590
17411767
17411767
17411767
17411767
17411767
17403298
17403298
17403298
17403298
17403298
4252494
4252494
4252494
4252494
4252494
17410600
17410600
17410600
17410600
17410600
17401870
17401870
17401870
17401870
17401870
17411937
17411937
17411937
17411937
17411937
17406650
17406650
17406650
17406650
17406650
14745206
14745218
17408874
14745206
14745218
14726350
14726350
14726350
14726350
14726350
859331
17387700
859331
859331
17387700
7972272
7972272
7972272
7972272
7972272
17402699
17402699
17402699
17402699
17402699
17410385
17410385
17410385
17410385
17410385
3715068
14737475
17385092
3715068
14737475
14727151
14727151
14727151
14727151
14727151
17401135
17401135
17401135
17401135
17401135
4237971
4238421
4239791
4239975
4237971
14745859
14745859
14745859
14745859
14745859
17387622
17387622
17387622
17387622
17387622
4240297
14723684
4240297
4240297
14723684
4238343
4238715
4238878
14726726
4238343
4238410
4239809
4238410
4238410
4239809
14722168
14722168
14722168
14722168
14722168
17413794
17413794
17413794
17413794
17413794
4247905
4247905
4247905
4247905
4247905
11111370
11111370
11111370
11111370
11111370
14744630
14744630
14744630
14744630
14744630
849137
849137
849137
849137
849137
17414993
17414993
17414993
17414993
17414993
11111826
11111826
11111826
11111826
11111826
14727164
17411836
14727164
14727164
17411836
4237836
4238814
4238857
4239159
14741471
17414556
17414556
17414556
17414556
17414556
3711555
17403486
3711555
3711555
17403486
14723549
14723549
14723549
14723549
14723549
4238950
4239181
4238950
4238950
4239181
14725809
14725809
14725809
14725809
14725809
4247689
4248663
4247689
4247689
4248663
17414653
17414653
17414653
17414653
17414653
4244546
11111911
17402118
4244546
11111911
17402434
17402934
17402434
17402434
17402934
17414338
17414338
17414338
17414338
17414338
17415907
17415907
17415907
17415907
17415907
14734155
14734155
14734155
14734155
14734155
14742322
14742322
14742322
14742322
14742322
17385005
17385005
17385005
17385005
17385005
851134
851134
851134
851134
851134
4241892
7972294
14734111
17410295
4241892
14742195
14742195
14742195
14742195
14742195
14745528
14745528
14745528
14745528
14745528
850865
4239603
850865
850865
4239603
14730426
14730426
14730426
14730426
14730426
4237585
4237905
4238095
4238324
4238336
7978203
17412089
7978203
7978203
17412089
17408749
17414862
17415442
17408749
17414862
17416140
17416140
17416140
17416140
17416140
4237737
4237796
4237928
4238321
4238626
17388475
17388475
17388475
17388475
17388475
848623
848623
848623
848623
848623
14732472
17410378
14732472
14732472
17410378
17408434
17408434
17408434
17408434
17408434
4248739
4248739
4248739
4248739
4248739
17402680
17402680
17402680
17402680
17402680
11111954
11111954
11111954
11111954
11111954
14737477
14737477
14737477
14737477
14737477
4254214
4254214
4254214
4254214
4254214
4253510
4253510
4253510
4253510
4253510
17403225
17403225
17403225
17403225
17403225
14740121
14740121
14740121
14740121
14740121
17413040
17414595
17413040
17413040
17414595
17414751
17414751
17414751
17414751
17414751
4246659
4246659
4246659
4246659
4246659
11114053
11114053
11114053
11114053
11114053
11114047
17415267
11114047
11114047
17415267
14742112
14743116
14742112
14742112
14743116
17407320
17407320
17407320
17407320
17407320
17415821
17415821
17415821
17415821
17415821
4237862
4238074
4238746
4239270
4239412
17402296
17402296
17402296
17402296
17402296
17402708
17402708
17402708
17402708
17402708
14731682
17410102
14731682
14731682
17410102
17414060
17414060
17414060
17414060
17414060
17411786
17411786
17411786
17411786
17411786
17411601
17412911
17413643
17415779
17416167
4242508
17401456
4242508
4242508
17401456
17387742
17409992
17387742
17387742
17409992
14722655
14722655
14722655
14722655
14722655
17388362
17388362
17388362
17388362
17388362
14726309
17411738
14726309
14726309
17411738
11112296
11112296
11112296
11112296
11112296
4251855
7974907
4251855
4251855
7974907
4252959
4253805
4252959
4252959
4253805
4253945
4253945
4253945
4253945
4253945
17403560
17403560
17403560
17403560
17403560
4254019
4254019
4254019
4254019
4254019
17412174
17412174
17412174
17412174
17412174
14723995
14723995
14723995
14723995
14723995
11111477
17387648
17403287
11111477
17387648
14743379
14743379
14743379
14743379
14743379
4239112
17406873
4239112
4239112
17406873
17411248
17411248
17411248
17411248
17411248
4248419
4248419
4248419
4248419
4248419
17385332
17385332
17385332
17385332
17385332
11110810
11110810
11110810
11110810
11110810
14742326
14742326
14742326
14742326
14742326
17413542
17413542
17413542
17413542
17413542
858482
4239672
4251114
858482
4239672
14730358
17410077
14730358
14730358
17410077
14742483
14742483
14742483
14742483
14742483
17414427
17414427
17414427
17414427
17414427
17410352
17410352
17410352
17410352
17410352
14744392
14744392
14744392
14744392
14744392
17409896
17409896
17409896
17409896
17409896
17402902
17402902
17402902
17402902
17402902
11111471
11111833
11111471
11111471
11111833
11114108
11114108
11114108
11114108
11114108
17385001
17385001
17385001
17385001
17385001
843526
843526
843526
843526
843526
17412200
17412200
17412200
17412200
17412200
4238449
4239454
4240266
4238449
4239454
17406575
17406575
17406575
17406575
17406575
4252809
4252809
4252809
4252809
4252809
14738125
14741791
14738125
14738125
14741791
11112879
11112879
11112879
11112879
11112879
17407358
17407358
17407358
17407358
17407358
4239982
4239982
4239982
4239982
4239982
17416203
17416203
17416203
17416203
17416203
4237562
4238077
4238578
4239006
4239372
17402607
17402758
17402607
17402607
17402758
4266748
4266748
4266748
4266748
4266748
11114238
11114238
11114238
11114238
11114238
14739382
14739382
14739382
14739382
14739382
11110847
11113459
11113665
11110847
11113459
14739420
14739420
14739420
14739420
14739420
11111783
11111783
11111783
11111783
11111783
17409939
17409939
17409939
17409939
17409939
4254154
14724155
17411309
4254154
14724155
4246476
14726347
4246476
4246476
14726347
11111879
17411107
11111879
11111879
17411107
14745959
14745959
14745959
14745959
14745959
4245422
4245422
4245422
4245422
4245422
4253712
4253712
4253712
4253712
4253712
11111452
11114275
17412088
11111452
11114275
17416251
17416251
17416251
17416251
17416251
14730458
17406902
14730458
14730458
17406902
4244940
4244940
4244940
4244940
4244940
14727117
14727117
14727117
14727117
14727117
17414845
17414845
17414845
17414845
17414845
4252464
4252464
4252464
4252464
4252464
17411536
17411542
17411536
17411536
17411542
17409707
17409707
17409707
17409707
17409707
4243208
4243208
4243208
4243208
4243208
17387951
17387951
17387951
17387951
17387951
11113872
11113872
11113872
11113872
11113872
17415336
17415336
17415336
17415336
17415336
4239020
4239020
4239020
4239020
4239020
14743377
17413646
14743377
14743377
17413646
3712493
4242934
14727223
17414722
17414739
17402522
17402522
17402522
17402522
17402522
11111820
11113948
11111820
11111820
11113948
11111372
11111372
11111372
11111372
11111372
14724121
14724121
14724121
14724121
14724121
3712359
3712359
3712359
3712359
3712359
11111125
11111125
11111125
11111125
11111125
4238955
4238955
4238955
4238955
4238955
11111896
4253010
11111896
11111896
4253010
11110961
11110961
11110961
11110961
11110961
14734162
14734162
14734162
14734162
14734162
14742100
14742100
14742100
14742100
14742100
860294
860294
860294
860294
860294
11113619
14731458
17414678
11113619
14731458
17402633
17414475
17402633
17402633
17414475
845652
14727134
845652
845652
14727134
4240348
4240348
4240348
4240348
4240348
11111956
14745722
11111956
11111956
14745722
4237650
4237823
4237893
4238230
4238397
17401963
17401963
17401963
17401963
17401963
11113169
11112656
17413857
11113169
11112656
4253263
11111771
4253263
4253263
11111771
4240005
4240005
4240005
4240005
4240005
4253536
4253536
4253536
4253536
4253536
14726691
14726691
14726691
14726691
14726691
17387677
17411895
17411931
17387677
17411895
14744491
14744491
14744491
14744491
14744491
17412912
17412912
17412912
17412912
17412912
17409672
17409672
17409672
17409672
17409672
11112287
11112288
11112287
11112287
11112288
14744985
17401422
14744985
14744985
17401422
847614
14732220
847614
847614
14732220
7973242
11114097
17402234
7973242
11114097
17409453
17409453
17409453
17409453
17409453
14741575
14741575
14741575
14741575
14741575
17412978
17412978
17412978
17412978
17412978
11114050
17384947
17384955
11114050
17384947
4244899
14745915
4244899
4244899
14745915
17416322
17416322
17416322
17416322
17416322
17408154
17408154
17408154
17408154
17408154
4253786
4253786
4253786
4253786
4253786
17408111
17408111
17408111
17408111
17408111
17412605
17412605
17412605
17412605
17412605
4240670
4240670
4240670
4240670
4240670
14744480
14744480
14744480
14744480
14744480
11114036
11114036
11114036
11114036
11114036
14740902
14741499
14740902
14740902
14741499
14742785
14742785
14742785
14742785
14742785
17409692
17409692
17409692
17409692
17409692
17411986
17412104
17414986
17411986
17412104
17410200
17410200
17410200
17410200
17410200
17410217
17410217
17410217
17410217
17410217
17409787
17414691
17409787
17409787
17414691
11113702
11113702
11113702
11113702
11113702
17402581
17409761
17402581
17402581
17409761
17402730
17411541
17402730
17402730
17411541
4242520
4242520
4242520
4242520
4242520
17402960
17402960
17402960
17402960
17402960
11110694
11110694
11110694
11110694
11110694
17410389
17410389
17410389
17410389
17410389
14742432
14742432
14742432
14742432
14742432
17409970
17409970
17409970
17409970
17409970
14735464
14735464
14735464
14735464
14735464
17387558
17387558
17387558
17387558
17387558
4238039
4238039
4238039
4238039
4238039
17409853
17409853
17409853
17409853
17409853
14732899
17414933
14732899
14732899
17414933
14745857
14745857
14745857
14745857
14745857
17401693
17401693
17401693
17401693
17401693
4238960
4239628
4240251
4240369
4238960
17410679
17410679
17410679
17410679
17410679
846109
14723173
846109
846109
14723173
14742294
14742294
14742294
14742294
14742294
17402111
17402890
17402111
17402111
17402890
17413215
17413215
17413215
17413215
17413215
17402407
17402407
17402407
17402407
17402407
4238617
4238774
4239451
4238617
4238774
17409604
17409604
17409604
17409604
17409604
17413622
17413622
17413622
17413622
17413622
4248559
4248559
4248559
4248559
4248559
14727114
17413007
14727114
14727114
17413007
17401881
17401881
17401881
17401881
17401881
3717701
4252825
11111123
3717701
4252825
4246413
4246413
4246413
4246413
4246413
859761
14723667
17406872
17406957
859761
4237687
4238049
4238791
4239868
4237687
17406706
17413133
17406706
17406706
17413133
4242258
14742444
4242258
4242258
14742444
14742819
17402169
14742819
14742819
17402169
17412850
17412850
17412850
17412850
17412850
860508
860508
860508
860508
860508
17413223
17413223
17413223
17413223
17413223
4247167
4247167
4247167
4247167
4247167
17403500
17403500
17403500
17403500
17403500
4237841
4238891
4239461
4240047
4240078
4240114
4240273
4240284
4240114
4240273
17410834
17410834
17410834
17410834
17410834
14726390
14726390
14726390
14726390
14726390
14743252
14743252
14743252
14743252
14743252
4243060
4243060
4243060
4243060
4243060
17410350
17410350
17410350
17410350
17410350
4251055
4251055
4251055
4251055
4251055
17409719
17409719
17409719
17409719
17409719
14745129
14745129
14745129
14745129
14745129
4247708
4247708
4247708
4247708
4247708
17406934
17409629
17406934
17406934
17409629
17406573
17406573
17406573
17406573
17406573
4252840
4252856
4253000
4253630
4253641
17412020
17413909
17415641
17412020
17413909
17412100
17412100
17412100
17412100
17412100
14740893
14740893
14740893
14740893
14740893
17402585
17402585
17402585
17402585
17402585
14745947
14745947
14745947
14745947
14745947
11111082
11113759
11111082
11111082
11113759
11114242
11114242
11114242
11114242
11114242
11110936
17410220
11110936
11110936
17410220
14742291
14742291
14742291
14742291
14742291
17410061
17413847
17410061
17410061
17413847
4252511
4252511
4252511
4252511
4252511
14739742
17408850
17416397
14739742
17408850
14731967
14731967
14731967
14731967
14731967
847542
847542
847542
847542
847542
17384992
17384992
17384992
17384992
17384992
14726376
14726376
14726376
14726376
14726376
17414121
17414121
17414121
17414121
17414121
17414011
17414011
17414011
17414011
17414011
11111548
11111548
11111548
11111548
11111548
4253909
17408993
17414940
4253909
17408993
4238837
4239549
4238837
4238837
4239549
17410747
17410747
17410747
17410747
17410747
14744580
14744580
14744580
14744580
14744580
4242076
17408479
4242076
4242076
17408479
11113129
11113129
11113129
11113129
11113129
14734961
14734961
14734961
14734961
14734961
4244777
4244777
4244777
4244777
4244777
17402441
17402441
17402441
17402441
17402441
847251
4251837
17415841
847251
4251837
17401191
17401191
17401191
17401191
17401191
14744658
14744658
14744658
14744658
14744658
4266755
4266755
4266755
4266755
4266755
14744869
14744869
14744869
14744869
14744869
11111353
11111353
11111353
11111353
11111353
14731451
14731451
14731451
14731451
14731451
17411193
17411529
17411193
17411193
17411529
17410752
17410841
17410752
17410752
17410841
17416234
17416234
17416234
17416234
17416234
4246855
4246855
4246855
4246855
4246855
17413879
17413879
17413879
17413879
17413879
17411918
17411918
17411918
17411918
17411918
862915
14740975
862915
862915
14740975
864407
864407
864407
864407
864407
3712355
14743497
3712355
3712355
14743497
4250895
14745006
14745083
17415178
4250895
17387841
17387841
17387841
17387841
17387841
14734096
14743918
14734096
14734096
14743918
4237544
4237702
4237730
4237869
4237903
4238318
4238483
4238503
4239032
4239392
14737571
14737577
14737571
14737571
14737577
4249341
4249341
4249341
4249341
4249341
4242456
11114202
4242456
4242456
11114202
14742110
14742110
14742110
14742110
14742110
848751
848751
848751
848751
848751
17387490
17411259
17387490
17387490
17411259
17402334
17402417
17402904
17402965
17402334
14734081
14734081
14734081
14734081
14734081
11111533
17406570
17414723
11111533
17406570
14726209
14739437
14726209
14726209
14739437
14724126
14724126
14724126
14724126
14724126
4244398
14736256
4244398
4244398
14736256
14721893
17402999
14721893
14721893
17402999
17402116
17402116
17402116
17402116
17402116
17410937
17410937
17410937
17410937
17410937
17406843
17412667
17406843
17406843
17412667
17414503
17414503
17414503
17414503
17414503
4239559
4239559
4239559
4239559
4239559
17406864
17416066
17406864
17406864
17416066
17409248
17409248
17409248
17409248
17409248
4244375
4244375
4244375
4244375
4244375
17406914
17406914
17406914
17406914
17406914
14734804
14745943
14734804
14734804
14745943
8142808
4254323
8142808
8142808
4254323
4237840
4237868
4237899
4238079
4239773
4237526
4237821
4237876
4238852
4239266
11114014
11114014
11114014
11114014
11114014
14731283
14731283
14731283
14731283
14731283
4252773
4252773
4252773
4252773
4252773
14742169
14742169
14742169
14742169
14742169
17408692
17408692
17408692
17408692
17408692
14726324
14726324
14726324
14726324
14726324
11114248
17409512
11114248
11114248
17409512
17411271
17411416
17411271
17411271
17411416
14742392
14744555
14742392
14742392
14744555
17401402
17401402
17401402
17401402
17401402
17411321
17412149
17411321
17411321
17412149
4239089
4239089
4239089
4239089
4239089
17402436
17412888
17402436
17402436
17412888
17411966
17411966
17411966
17411966
17411966
846056
14735228
846056
846056
14735228
11111835
11111835
11111835
11111835
11111835
17408146
17408146
17408146
17408146
17408146
17416178
17416178
17416178
17416178
17416178
14724096
14744661
17402075
14724096
14744661
14742643
14743508
14742643
14742643
14743508
14742172
14742172
14742172
14742172
14742172
11111712
11111712
11111712
11111712
11111712
4237485
4238209
4238567
4238893
4237485
14734882
14734882
14734882
14734882
14734882
17408870
17408870
17408870
17408870
17408870
4253345
4253345
4253345
4253345
4253345
14745156
17401180
14745156
14745156
17401180
4252853
4252853
4252853
4252853
4252853
17402854
17402854
17402854
17402854
17402854
4243523
4243523
4243523
4243523
4243523
14735525
14735525
14735525
14735525
14735525
17416035
17416035
17416035
17416035
17416035
14740633
17414312
14740633
14740633
17414312
17409809
17409809
17409809
17409809
17409809
14724158
14734768
17401351
17414995
17415918
17410639
17410639
17410639
17410639
17410639
4266756
4266756
4266756
4266756
4266756
14736007
14736007
14736007
14736007
14736007
17387566
17387566
17387566
17387566
17387566
17406691
17406894
17406691
17406691
17406894
4250479
4250479
4250479
4250479
4250479
11111785
11111785
11111785
11111785
11111785
14740345
17406877
14740345
14740345
17406877
17387450
17387943
17387450
17387450
17387943
17414956
17414956
17414956
17414956
17414956
4251954
4251954
4251954
4251954
4251954
17412279
17412279
17412279
17412279
17412279
4239958
4240061
4253759
11110803
4239958
17401471
17407053
17401471
17401471
17407053
11112222
11112222
11112222
11112222
11112222
17413090
17413090
17413090
17413090
17413090
3712312
14745294
3712312
3712312
14745294
17402572
17402572
17402572
17402572
17402572
17410843
17410843
17410843
17410843
17410843
17409306
17409306
17409306
17409306
17409306
4252697
4252697
4252697
4252697
4252697
11111810
11111810
11111810
11111810
11111810
17411737
17411737
17411737
17411737
17411737
14742824
14743094
14743560
14743583
14742824
14741006
14741006
14741006
14741006
14741006
17409578
17409578
17409578
17409578
17409578
17410300
17410300
17410300
17410300
17410300
14727064
17410035
14727064
14727064
17410035
17411785
17411785
17411785
17411785
17411785
14743494
14743494
14743494
14743494
14743494
17415973
17415973
17415973
17415973
17415973
14737448
14737448
14737448
14737448
14737448
17408967
17413084
17408967
17408967
17413084
11112839
11112839
11112839
11112839
11112839
11111840
11111137
11111840
11111840
11111137
4251901
17413528
4251901
4251901
17413528
17406662
17413815
17406662
17406662
17413815
4249564
4249564
4249564
4249564
4249564
14745429
14745429
14745429
14745429
14745429
14741702
14741702
14741702
14741702
14741702
17415053
17415175
17416103
17415053
17415175
17402928
17402928
17402928
17402928
17402928
14725996
14725996
14725996
14725996
14725996
17411058
17411058
17411058
17411058
17411058
4253419
4253419
4253419
4253419
4253419
17413771
17413771
17413771
17413771
17413771
17387958
17387958
17387958
17387958
17387958
14726108
14734801
17413322
17415898
14726108
17415978
17415978
17415978
17415978
17415978
14723060
14740674
14723060
14723060
14740674
3713399
17406862
3713399
3713399
17406862
4247636
4247636
4247636
4247636
4247636
11113674
11113674
11113674
11113674
11113674
11112403
17413121
11112403
11112403
17413121
11111553
17411867
11111553
11111553
17411867
14723737
14723737
14723737
14723737
14723737
14745317
14745317
14745317
14745317
14745317
14743841
14743841
14743841
14743841
14743841
14740860
14740860
14740860
14740860
14740860
17407009
17407009
17407009
17407009
17407009
14734490
17409007
14734490
14734490
17409007
14723942
14745001
14723942
14723942
14745001
11110952
11110952
11110952
11110952
11110952
4253859
4253859
4253859
4253859
4253859
17414329
17414329
17414329
17414329
17414329
17401220
17401220
17401220
17401220
17401220
17401911
17401911
17401911
17401911
17401911
4239940
11113641
14742830
4239940
11113641
17410837
17410837
17410837
17410837
17410837
17407793
17407793
17407793
17407793
17407793
17416024
17416024
17416024
17416024
17416024
8142800
8142810
8142821
8142800
8142810
4254306
4254306
4254306
4254306
4254306
17411102
17411102
17411102
17411102
17411102
14742461
14742461
14742461
14742461
14742461
17409041
17409041
17409041
17409041
17409041
17407700
17407700
17407700
17407700
17407700
14734436
17401322
14734436
14734436
17401322
17387971
17387971
17387971
17387971
17387971
8142813
8142813
8142813
8142813
8142813
17387900
17403551
17409044
17415192
17387900
4237845
17402406
17411152
4237845
17402406
4238038
4238803
4238811
4238946
4239770
17415007
17415007
17415007
17415007
17415007
14739045
17412024
14739045
14739045
17412024
17415924
17415924
17415924
17415924
17415924
17415295
17415295
17415295
17415295
17415295
17401137
17406673
17401137
17401137
17406673
4252678
4252714
17409730
4252678
4252714
7974664
7974664
7974664
7974664
7974664
4237564
4239413
4237564
4237564
4239413
4237829
4238114
4239705
17409838
4237829
7973909
14745162
7973909
7973909
14745162
4242809
4248196
14726036
14726306
17403437
17415812
17415812
17415812
17415812
17415812
14740855
14741703
17411904
14740855
14741703
17412863
17412863
17412863
17412863
17412863
17410815
17410815
17410815
17410815
17410815
4238621
4238621
4238621
4238621
4238621
3713981
4242750
14722569
3713981
4242750
17409607
17411235
17411280
17411338
17409607
17411347
17411347
17411347
17411347
17411347
4241218
4241218
4241218
4241218
4241218
11111382
14732943
17402336
11111382
14732943
4245105
4245105
4245105
4245105
4245105
14726341
14726341
14726341
14726341
14726341
11114251
11114251
11114251
11114251
11114251
17406761
17409373
17411825
17406761
17409373
4252536
17410240
4252536
4252536
17410240
17402343
17402343
17402343
17402343
17402343
14741302
14741302
14741302
14741302
14741302
14727229
14727229
14727229
14727229
14727229
11111297
11114144
11111297
11111297
11114144
14744862
17412858
14744862
14744862
17412858
11113484
14722941
11113484
11113484
14722941
4246292
14743282
17407306
4246292
14743282
14732862
14732862
14732862
14732862
14732862
14745871
14745871
14745871
14745871
14745871
11111720
11111720
11111720
11111720
11111720
17413768
17413768
17413768
17413768
17413768
17409151
17409151
17409151
17409151
17409151
11114159
11114159
11114159
11114159
11114159
17415892
17415892
17415892
17415892
17415892
11111202
17411881
17412340
11111202
17411881
17415783
17415783
17415783
17415783
17415783
11113807
11113807
11113807
11113807
11113807
17413720
17413720
17413720
17413720
17413720
14725997
14725997
14725997
14725997
14725997
17385066
17385066
17385066
17385066
17385066
17407953
17407953
17407953
17407953
17407953
4253233
4253234
4253233
4253233
4253234
4253626
4253626
4253626
4253626
4253626
11114074
11114074
11114074
11114074
11114074
8142901
8142901
8142901
8142901
8142901
17409684
17409684
17409684
17409684
17409684
14723889
14723889
14723889
14723889
14723889
17414962
17414962
17414962
17414962
17414962
11112245
11112246
11112907
11112245
11112246
17414924
17414924
17414924
17414924
17414924
11112395
17403391
11112395
11112395
17403391
14723910
14737573
14723910
14723910
14737573
17411210
17411210
17411210
17411210
17411210
17402636
17411765
17402636
17402636
17411765
17415914
17415914
17415914
17415914
17415914
17414631
17414631
17414631
17414631
17414631
17408932
17408932
17408932
17408932
17408932
4251500
17413321
4251500
4251500
17413321
14743593
17402226
17406857
14743593
17402226
14745530
17387601
14745530
14745530
17387601
11113632
11113632
11113632
11113632
11113632
14743165
14743165
14743165
14743165
14743165
17414714
17414714
17414714
17414714
17414714
17401190
17401190
17401190
17401190
17401190
4251285
4251285
4251285
4251285
4251285
17410219
17410219
17410219
17410219
17410219
4239738
14744477
4239738
4239738
14744477
17407126
17407126
17407126
17407126
17407126
17408688
17408688
17408688
17408688
17408688
4246722
14743213
14744173
17386655
4246722
14737249
14737249
14737249
14737249
14737249
14742578
14742578
14742578
14742578
14742578
4250357
4250357
4250357
4250357
4250357
14734511
17387580
17387581
17415678
14734511
17408864
17415201
17415477
17408864
17415201
4253070
4253070
4253070
4253070
4253070
14739887
14739887
14739887
14739887
14739887
17387643
17387643
17387643
17387643
17387643
7978071
17408542
17415174
7978071
17408542
17411953
17411953
17411953
17411953
17411953
11112517
11112517
11112517
11112517
11112517
4253109
4253109
4253109
4253109
4253109
17406915
17406915
17406915
17406915
17406915
14743177
14743177
14743177
14743177
14743177
17409201
17409201
17409201
17409201
17409201
17402414
17402414
17402414
17402414
17402414
4239978
4239978
4239978
4239978
4239978
14745781
17413558
14745781
14745781
17413558
4253249
4253249
4253249
4253249
4253249
4266741
17411668
4266741
4266741
17411668
17406577
17414334
17415723
17406577
17414334
17407250
17413838
17407250
17407250
17413838
4239075
4239075
4239075
4239075
4239075
11110686
11110686
11110686
11110686
11110686
14738640
14738640
14738640
14738640
14738640
17413074
17413074
17413074
17413074
17413074
848129
17407829
848129
848129
17407829
17401333
17401333
17401333
17401333
17401333
17387828
17387828
17387828
17387828
17387828
11110901
11113768
11113832
11110901
11113768
17413699
17413699
17413699
17413699
17413699
4243770
4243770
4243770
4243770
4243770
853529
4251714
853529
853529
4251714
4239191
4239191
4239191
4239191
4239191
17403588
17413024
17403588
17403588
17413024
17409940
17409940
17409940
17409940
17409940
17414321
17414321
17414321
17414321
17414321
4239309
4239309
4239309
4239309
4239309
17406951
17406951
17406951
17406951
17406951
17403118
17403118
17403118
17403118
17403118
14726407
14726407
14726407
14726407
14726407
17387564
17387564
17387564
17387564
17387564
17403449
17403449
17403449
17403449
17403449
17411372
17411372
17411372
17411372
17411372
14741392
14741392
14741392
14741392
14741392
17413790
17413790
17413790
17413790
17413790
17403180
17403180
17403180
17403180
17403180
4243086
4243086
4243086
4243086
4243086
14741300
14741300
14741300
14741300
14741300
17402307
17402449
17402307
17402307
17402449
17410321
17410321
17410321
17410321
17410321
11113122
11113122
11113122
11113122
11113122
14738123
14738123
14738123
14738123
14738123
17413778
17414515
17416265
17413778
17414515
17414814
17414814
17414814
17414814
17414814
17413506
17413506
17413506
17413506
17413506
4254000
4254000
4254000
4254000
4254000
17408015
17408903
17408015
17408015
17408903
17401339
17401339
17401339
17401339
17401339
11112165
11112165
11112165
11112165
11112165
4253664
11113971
4253664
4253664
11113971
17412945
17412945
17412945
17412945
17412945
17412864
17412864
17412864
17412864
17412864
17410990
17410990
17410990
17410990
17410990
3716063
17410940
17413399
3716063
17410940
862310
14727205
17401145
862310
14727205
11111828
11111828
11111828
11111828
11111828
17409175
17409175
17409175
17409175
17409175
14744693
17409403
17411919
14744693
17409403
17413369
17413369
17413369
17413369
17413369
4237753
4245658
4251450
4252365
4237753
11113701
11113701
11113701
11113701
11113701
4248345
4248345
4248345
4248345
4248345
17412855
17413412
17412855
17412855
17413412
17384969
17384969
17384969
17384969
17384969
11111427
11111427
11111427
11111427
11111427
17401288
17401288
17401288
17401288
17401288
17415952
17415952
17415952
17415952
17415952
14744761
14744761
14744761
14744761
14744761
861425
14745655
17403132
17415352
861425
14723743
14723743
14723743
14723743
14723743
4237803
4237958
4238871
4237803
4237958
4238487
4238613
4239490
4239833
4238487
17402335
17402335
17402335
17402335
17402335
14744673
14744673
14744673
14744673
14744673
3717932
17407098
17412981
3717932
17407098
4252061
4252061
4252061
4252061
4252061
17412989
17412989
17412989
17412989
17412989
4240108
4240108
4240108
4240108
4240108
17403303
17403303
17403303
17403303
17403303
17415739
17415739
17415739
17415739
17415739
17406592
17413693
17406592
17406592
17413693
11111608
11113727
11113739
11111608
11113727
17412217
17412217
17412217
17412217
17412217
17411662
17411662
17411662
17411662
17411662
14742739
14742739
14742739
14742739
14742739
14735504
14735504
14735504
14735504
14735504
17413048
17413048
17413048
17413048
17413048
4249489
4250288
4249489
4249489
4250288
17402543
17402543
17402543
17402543
17402543
14729201
14729949
14729201
14729201
14729949
4253302
4253302
4253302
4253302
4253302
14745984
14745984
14745984
14745984
14745984
4254206
4254206
4254206
4254206
4254206
4239673
4239673
4239673
4239673
4239673
4254076
17402262
4254076
4254076
17402262
4254151
4254151
4254151
4254151
4254151
4237580
4238683
4239278
4239298
4239362
17402704
17403103
17402704
17402704
17403103
17413282
17415251
17413282
17413282
17415251
11114164
14724139
14745122
11114164
14724139
17410497
17412027
17410497
17410497
17412027
4245647
4245647
4245647
4245647
4245647
17414673
17414673
17414673
17414673
17414673
11114146
11114146
11114146
11114146
11114146
17415181
17415181
17415181
17415181
17415181
14734949
14734949
14734949
14734949
14734949
14724163
14726414
14744608
14724163
14726414
17406743
17406743
17406743
17406743
17406743
14727241
14727241
14727241
14727241
14727241
17411692
17411922
17411692
17411692
17411922
11112541
11112541
11112541
11112541
11112541
14742978
14742978
14742978
14742978
14742978
7972566
7972566
7972566
7972566
7972566
3712474
4253403
14735491
17402217
17402238
14735007
14735007
14735007
14735007
14735007
17410364
17410364
17410364
17410364
17410364
4254352
4254352
4254352
4254352
4254352
14732645
14732645
14732645
14732645
14732645
4245191
4251421
17412036
4245191
4251421
4251706
4251706
4251706
4251706
4251706
17402394
17402394
17402394
17402394
17402394
14736471
14736471
14736471
14736471
14736471
17414896
17414896
17414896
17414896
17414896
14727137
17415358
14727137
14727137
17415358
17402867
17402932
17402867
17402867
17402932
4238047
4238047
4238047
4238047
4238047
17402046
17402046
17402046
17402046
17402046
14734579
17402278
17402899
17410292
17415877
17411747
17411747
17411747
17411747
17411747
4246165
4246165
4246165
4246165
4246165
14741084
14741085
14741642
17410145
14741084
4237537
4237559
4237711
4237759
4237993
17385115
17416021
17385115
17385115
17416021
17406858
17406858
17406858
17406858
17406858
11111776
11111776
11111776
11111776
11111776
17409884
17409884
17409884
17409884
17409884
4249678
17401931
4249678
4249678
17401931
17412095
17412095
17412095
17412095
17412095
17401158
17401428
17406820
17401158
17401428
14743815
17413433
17413769
14743815
17413433
17412035
17412035
17412035
17412035
17412035
17401172
17401172
17401172
17401172
17401172
4252871
17407074
17408942
17409280
4252871
14741457
14741457
14741457
14741457
14741457
17401531
17401531
17401531
17401531
17401531
17401348
17401348
17401348
17401348
17401348
17409648
17409648
17409648
17409648
17409648
17412338
17412338
17412338
17412338
17412338
4252956
4252956
4252956
4252956
4252956
4250519
4250519
4250519
4250519
4250519
17410027
17410103
17410342
17410027
17410103
4237773
4237847
4238263
4238690
4239095
4254263
4254263
4254263
4254263
4254263
8142799
8142799
8142799
8142799
8142799
17411930
17411930
17411930
17411930
17411930
14735181
14735181
14735181
14735181
14735181
17388000
17412216
17388000
17388000
17412216
4237579
4237894
4238069
4238855
4239219
17387674
17407199
17387674
17387674
17407199
11110835
11110835
11110835
11110835
11110835
4254290
11110820
11113907
4254290
11110820
17412939
17412940
17412939
17412939
17412940
17409454
17409454
17409454
17409454
17409454
4238414
4239524
4239594
4240178
4240338
17416231
17416231
17416231
17416231
17416231
14723707
14723707
14723707
14723707
14723707
3712502
3712502
3712502
3712502
3712502
17406660
17411813
17406660
17406660
17411813
17415990
17415990
17415990
17415990
17415990
17413260
17413260
17413260
17413260
17413260
4243300
4243300
4243300
4243300
4243300
17407085
17407085
17407085
17407085
17407085
17406863
17406863
17406863
17406863
17406863
4238512
4238925
4239751
4238512
4238925
4241412
4241412
4241412
4241412
4241412
14743564
14743564
14743564
14743564
14743564
11112575
14734434
17408818
11112575
14734434
4242334
17387638
4242334
4242334
17387638
17406617
17411479
17406617
17406617
17411479
17410006
17410006
17410006
17410006
17410006
4244884
4253654
11111006
4244884
4253654
4238243
4238853
4238995
4238243
4238853
4254295
17416367
4254295
4254295
17416367
17414252
17414252
17414252
17414252
17414252
14727238
14734431
14727238
14727238
14734431
11112199
11112199
11112199
11112199
11112199
17387619
17387620
17387619
17387619
17387620
14744341
14744341
14744341
14744341
14744341
17387932
17387932
17387932
17387932
17387932
17406910
17406910
17406910
17406910
17406910
17388602
17388602
17388602
17388602
17388602
17414472
17414472
17414472
17414472
17414472
11112516
11112516
11112516
11112516
11112516
11113692
11113692
11113692
11113692
11113692
17415611
17415612
17415611
17415611
17415612
17413356
17415302
17415316
17413356
17415302
17411391
17411391
17411391
17411391
17411391
14726342
17412894
14726342
14726342
17412894
17407395
17407395
17407395
17407395
17407395
17413019
17413019
17413019
17413019
17413019
14723711
14723711
14723711
14723711
14723711
4266735
17384933
4266735
4266735
17384933
17387449
17387649
17402225
17387449
17387649
17413432
17413432
17413432
17413432
17413432
859733
859733
859733
859733
859733
17410598
17415377
17410598
17410598
17415377
17401876
17401876
17401876
17401876
17401876
4252548
17413563
17414752
4252548
17413563
17411531
17411531
17411531
17411531
17411531
17385288
17385288
17385288
17385288
17385288
17409964
17409964
17409964
17409964
17409964
3715149
3715149
3715149
3715149
3715149
17414674
17414674
17414674
17414674
17414674
17387895
17387895
17387895
17387895
17387895
14741032
14741032
14741032
14741032
14741032
4246827
4246827
4246827
4246827
4246827
4245114
14745650
4245114
4245114
14745650
14732864
17416017
14732864
14732864
17416017
14735717
14735717
14735717
14735717
14735717
17385732
17385732
17385732
17385732
17385732
4238757
4238757
4238757
4238757
4238757
17411286
17411286
17411286
17411286
17411286
4240308
4240308
4240308
4240308
4240308
14731963
14737474
14731963
14731963
14737474
4237659
4237959
4240183
4237659
4237959
4253927
4253927
4253927
4253927
4253927
17415151
17416113
17415151
17415151
17416113
4247261
17414895
4247261
4247261
17414895
14742729
17408113
14742729
14742729
17408113
17412925
17413370
17413371
17412925
17413370
14745913
17411706
17411818
17414103
14745913
14732917
14732917
14732917
14732917
14732917
17409961
17409961
17409961
17409961
17409961
14722158
17409387
14722158
14722158
17409387
17412042
17412042
17412042
17412042
17412042
17401374
17401374
17401374
17401374
17401374
14734576
14734576
14734576
14734576
14734576
14726356
14726356
14726356
14726356
14726356
14742454
14742457
17414397
14742454
14742457
14741576
14741576
14741576
14741576
14741576
847691
14741012
847691
847691
14741012
17406566
17406566
17406566
17406566
17406566
11114220
11114220
11114220
11114220
11114220
17402419
17402419
17402419
17402419
17402419
17410207
17410895
17410207
17410207
17410895
851595
14732159
14738667
17402317
17409873
17408869
17408869
17408869
17408869
17408869
14744478
14745456
17412239
14744478
14745456
3716536
3716536
3716536
3716536
3716536
17407663
17407663
17407663
17407663
17407663
17416181
17416181
17416181
17416181
17416181
14726085
14726085
14726085
14726085
14726085
17416204
17416204
17416204
17416204
17416204
17410593
17410593
17410593
17410593
17410593
17388380
17388380
17388380
17388380
17388380
850554
850554
850554
850554
850554
11114243
11114243
11114243
11114243
11114243
845245
14744735
17414163
845245
14744735
17403413
17412069
17403413
17403413
17412069
14727273
14727273
14727273
14727273
14727273
17401239
17401239
17401239
17401239
17401239
4251889
17403206
4251889
4251889
17403206
11114237
17413915
11114237
11114237
17413915
861506
861506
861506
861506
861506
4244229
17413567
4244229
4244229
17413567
17410394
17410394
17410394
17410394
17410394
17408845
17408845
17408845
17408845
17408845
17414642
17414642
17414642
17414642
17414642
14726317
14726317
14726317
14726317
14726317
4245895
11112304
4245895
4245895
11112304
14729372
14729372
14729372
14729372
14729372
4238835
4238835
4238835
4238835
4238835
14742404
17410181
14742404
14742404
17410181
17412003
17412003
17412003
17412003
17412003
17402229
17406729
17406794
17402229
17406729
17413045
17414215
17413045
17413045
17414215
11111983
11111983
11111983
11111983
11111983
17415121
17415795
17415121
17415121
17415795
4245443
4245443
4245443
4245443
4245443
4237493
4238277
4238550
4238800
4238915
4241113
4241113
4241113
4241113
4241113
17385999
17385999
17385999
17385999
17385999
14744641
14744641
14744641
14744641
14744641
17413309
17413309
17413309
17413309
17413309
17402411
17402411
17402411
17402411
17402411
17411635
17411635
17411635
17411635
17411635
4252752
4252752
4252752
4252752
4252752
11114157
11114157
11114157
11114157
11114157
17410072
17410072
17410072
17410072
17410072
17411175
17411175
17411175
17411175
17411175
17406839
17406839
17406839
17406839
17406839
17402440
17402440
17402440
17402440
17402440
17409899
17409926
17409899
17409899
17409926
11112247
11113881
17408960
17412082
11112247
4253747
4253747
4253747
4253747
4253747
845859
845859
845859
845859
845859
4253309
4253309
4253309
4253309
4253309
4254308
4254308
4254308
4254308
4254308
17402609
17411371
17402609
17402609
17411371
11113488
11113488
11113488
11113488
11113488
17412423
17414824
17412423
17412423
17414824
14740471
14740471
14740471
14740471
14740471
4253718
4253718
4253718
4253718
4253718
14724135
14744005
14724135
14724135
14744005
4240141
4240141
4240141
4240141
4240141
14744304
14744304
14744304
14744304
14744304
14732792
17407125
14732792
14732792
17407125
17411003
17411421
17411003
17411003
17411421
17403384
17410413
17403384
17403384
17410413
17415915
17415915
17415915
17415915
17415915
4237930
4238899
4238959
4239256
4239733
4254301
4254301
4254301
4254301
4254301
14731330
14731330
14731330
14731330
14731330
14736977
14736977
14736977
14736977
14736977
17414146
17414146
17414146
17414146
17414146
17414492
17416268
17414492
17414492
17416268
17412881
17414955
17412881
17412881
17414955
11111441
11111441
11111441
11111441
11111441
17411295
17411295
17411295
17411295
17411295
17402298
17402298
17402298
17402298
17402298
17406860
17406860
17406860
17406860
17406860
17415246
17415246
17415246
17415246
17415246
17409513
17409513
17409513
17409513
17409513
17410010
17410172
17410010
17410010
17410172
17415278
17415278
17415278
17415278
17415278
846035
14745761
846035
846035
14745761
14723935
14727239
17403270
14723935
14727239
14737068
14737068
14737068
14737068
14737068
17413904
17415742
17413904
17413904
17415742
17411387
17411387
17411387
17411387
17411387
864212
17413005
864212
864212
17413005
17414122
17414122
17414122
17414122
17414122
4238031
4252965
4238031
4238031
4252965
11113498
11113498
11113498
11113498
11113498
11111317
11112239
11111317
11111317
11112239
11111124
11111124
11111124
11111124
11111124
11112883
11112883
11112883
11112883
11112883
4238037
14735083
4238037
4238037
14735083
4239891
4239891
4239891
4239891
4239891
17414380
17414380
17414380
17414380
17414380
851015
851015
851015
851015
851015
4246954
17407495
4246954
4246954
17407495
17412198
17414186
17412198
17412198
17414186
14740920
14740920
14740920
14740920
14740920
17410552
17410552
17410552
17410552
17410552
11113820
11113820
11113820
11113820
11113820
4238546
17402791
4238546
4238546
17402791
4253964
4253964
4253964
4253964
4253964
4252599
4252599
4252599
4252599
4252599
17411253
17411253
17411253
17411253
17411253
17411450
17411450
17411450
17411450
17411450
4247506
4247506
4247506
4247506
4247506
17412450
17412450
17412450
17412450
17412450
861075
862116
4242014
4250334
4251093
4237489
4237589
4238344
4238943
4239050
17416045
17416045
17416045
17416045
17416045
17406845
17406845
17406845
17406845
17406845
858631
858631
858631
858631
858631
4237486
4237506
4238165
4238239
4238398
17414110
17414110
17414110
17414110
17414110
11111345
11111345
11111345
11111345
11111345
17411177
17411177
17411177
17411177
17411177
17415908
17415908
17415908
17415908
17415908
17402569
17402569
17402569
17402569
17402569
17409914
17409914
17409914
17409914
17409914
17409773
17409773
17409773
17409773
17409773
11113147
858164
4240587
11113147
858164
4237938
4239638
4240154
4237938
4239638
861468
861468
861468
861468
861468
4241899
4241899
4241899
4241899
4241899
17408135
17408135
17408135
17408135
17408135
4253772
4253772
4253772
4253772
4253772
4251197
4251197
4251197
4251197
4251197
17406952
17406952
17406952
17406952
17406952
11112163
11112163
11112163
11112163
11112163
17406985
17406985
17406985
17406985
17406985
11111909
11111909
11111909
11111909
11111909
17415374
17415374
17415374
17415374
17415374
17411833
17412428
17412633
17411833
17412428
4240205
4240205
4240205
4240205
4240205
4253673
4253673
4253673
4253673
4253673
17401896
17401896
17401896
17401896
17401896
4248565
4248565
4248565
4248565
4248565
14737405
14737405
14737405
14737405
14737405
17414272
17414272
17414272
17414272
17414272
11111702
11111702
11111702
11111702
11111702
17414904
17414934
17414904
17414904
17414934
17407522
17407522
17407522
17407522
17407522
4254292
11110666
11112332
17413415
4254292
14731984
14731984
14731984
14731984
14731984
11111769
11111769
11111769
11111769
11111769
4243975
4243975
4243975
4243975
4243975
17407511
17407511
17407511
17407511
17407511
4245981
4245981
4245981
4245981
4245981
11114173
11114173
11114173
11114173
11114173
17406779
17414549
17406779
17406779
17414549
17407958
17407958
17407958
17407958
17407958
861403
14742043
861403
861403
14742043
17415903
17415903
17415903
17415903
17415903
4266760
4266760
4266760
4266760
4266760
11110644
11111685
11110644
11110644
11111685
4250158
17408266
4250158
4250158
17408266
17387855
17387855
17387855
17387855
17387855
4239901
4239901
4239901
4239901
4239901
843293
843293
843293
843293
843293
17403585
17403585
17403585
17403585
17403585
17415217
17415344
17415217
17415217
17415344
4253984
4253984
4253984
4253984
4253984
17401324
17401324
17401324
17401324
17401324
4254283
4254283
4254283
4254283
4254283
4254242
14744742
14745131
4254242
14744742
17414538
17414538
17414538
17414538
17414538
17407076
17407076
17407076
17407076
17407076
4248398
4248398
4248398
4248398
4248398
17407045
17407045
17407045
17407045
17407045
14744969
14744969
14744969
14744969
14744969
17412924
17412924
17412924
17412924
17412924
17408514
17408514
17408514
17408514
17408514
4238771
4238771
4238771
4238771
4238771
17412197
17412197
17412197
17412197
17412197
17409918
17409918
17409918
17409918
17409918
17402265
17402398
17402401
17413850
17402265
14743412
17413814
14743412
14743412
17413814
17387816
17387816
17387816
17387816
17387816
4242495
4242495
4242495
4242495
4242495
4244122
4244122
4244122
4244122
4244122
4237749
4238000
4239218
4239457
4239480
17413550
17413550
17413550
17413550
17413550
14745919
14745919
14745919
14745919
14745919
4239896
4239896
4239896
4239896
4239896
17408996
17408996
17408996
17408996
17408996
17403371
17408078
17403371
17403371
17408078
7973139
7973139
7973139
7973139
7973139
17411223
17411974
17411223
17411223
17411974
14745099
14745099
14745099
14745099
14745099
17408962
17408962
17408962
17408962
17408962
14730919
17410258
14730919
14730919
17410258
14734519
14734519
14734519
14734519
14734519
4237758
4238404
4238418
4239369
4239540
17407354
17407354
17407354
17407354
17407354
17402943
17402943
17402943
17402943
17402943
14735444
14735444
14735444
14735444
14735444
4237781
4238748
4238976
4239161
4239320
7973497
7973497
7973497
7973497
7973497
17401211
17401211
17401211
17401211
17401211
4247435
4249477
4247435
4247435
4249477
17415402
17415402
17415402
17415402
17415402
17410395
17412033
17414105
17415041
17410395
17408167
17408167
17408167
17408167
17408167
859984
859984
859984
859984
859984
14745112
14745112
14745112
14745112
14745112
17412637
17412637
17412637
17412637
17412637
14737454
14737454
14737454
14737454
14737454
4251435
4251435
4251435
4251435
4251435
4251655
4251655
4251655
4251655
4251655
4251703
4251703
4251703
4251703
4251703
17402129
17402129
17402129
17402129
17402129
4253880
17407855
4253880
4253880
17407855
14732561
14732561
14732561
14732561
14732561
4244259
4244259
4244259
4244259
4244259
4252700
4252700
4252700
4252700
4252700
4250031
11112737
4250031
4250031
11112737
11111701
11111754
11111701
11111701
11111754
17415603
17415603
17415603
17415603
17415603
17402206
17402206
17402206
17402206
17402206
4253060
4253060
4253060
4253060
4253060
17402350
17409849
17413940
17402350
17409849
3712364
3712364
3712364
3712364
3712364
4252415
4252415
4252415
4252415
4252415
14724131
14724131
14724131
14724131
14724131
4252831
4252831
4252831
4252831
4252831
17387627
17408761
17387627
17387627
17408761
17411388
17411388
17411388
17411388
17411388
17412853
17412853
17412853
17412853
17412853
4252972
4252972
4252972
4252972
4252972
861256
861256
861256
861256
861256
4248772
4248772
4248772
4248772
4248772
14740859
14741011
14740859
14740859
14741011
17402285
17402359
17402285
17402285
17402359
17414513
17414513
17414513
17414513
17414513
4245131
4245131
4245131
4245131
4245131
4237955
4239761
4237955
4237955
4239761
14745221
14745221
14745221
14745221
14745221
4245246
4245246
4245246
4245246
4245246
17413671
17416057
17413671
17413671
17416057
17408631
17408631
17408631
17408631
17408631
4241088
17412487
4241088
4241088
17412487
861767
861767
861767
861767
861767
17403364
17403364
17403364
17403364
17403364
17413817
17413817
17413817
17413817
17413817
17410374
17410374
17410374
17410374
17410374
14741503
14741503
14741503
14741503
14741503
14741197
17415568
14741197
14741197
17415568
17406664
17406664
17406664
17406664
17406664
17411581
17411581
17411581
17411581
17411581
17412221
17412221
17412221
17412221
17412221
4237524
4237774
4237962
4238123
4238306
17403295
17403295
17403295
17403295
17403295
17406720
17406720
17406720
17406720
17406720
17414353
17414353
17414353
17414353
17414353
11110826
11110826
11110826
11110826
11110826
17415077
17415077
17415077
17415077
17415077
14741373
14741373
14741373
14741373
14741373
4253656
4253656
4253656
4253656
4253656
7978231
14744119
17406826
7978231
14744119
17414071
17414071
17414071
17414071
17414071
4252652
4252652
4252652
4252652
4252652
17402222
17402222
17402222
17402222
17402222
17401336
17401336
17401336
17401336
17401336
4253825
4253825
4253825
4253825
4253825
17406874
17408310
17406874
17406874
17408310
17402236
17402236
17402236
17402236
17402236
14741619
14741619
14741619
14741619
14741619
17409885
17409885
17409885
17409885
17409885
11112244
14744551
11112244
11112244
14744551
17413839
17415741
17413839
17413839
17415741
17402959
17410366
17402959
17402959
17410366
4240892
7976341
4240892
4240892
7976341
17403468
17403468
17403468
17403468
17403468
14739733
14739733
14739733
14739733
14739733
17410375
17410376
17410375
17410375
17410376
17408288
17408288
17408288
17408288
17408288
14745271
17411593
14745271
14745271
17411593
4240800
14732429
4240800
4240800
14732429
17401155
17401155
17401155
17401155
17401155
17410086
17410086
17410086
17410086
17410086
17409746
17410303
17410304
17409746
17410303
17402677
17402677
17402677
17402677
17402677
859914
14722190
859914
859914
14722190
17406609
17406609
17406609
17406609
17406609
17406707
17406707
17406707
17406707
17406707
17401143
17401143
17401143
17401143
17401143
