11113253
11113303
11113306
846619
4237868
4254263
11111321
11111867
11112225
11113575
11111105
11113215
11112115
11112192
11112515
844085
4254165
844085
844085
4254165
14745414
14745414
14745414
14745414
14745414
26752581
26752652
4238216
4238653
4238954
11113143
11113200
11113143
11113143
11113200
11111492
11111592
11111272
11112307
11114100
11113831
11114148
11113831
11113831
11114148
858418
858418
858418
858418
858418
11113179
844455
11113179
11113179
844455
4243056
4245567
14726324
14745830
17407829
3715599
14739413
14741457
17401191
3715599
4248188
11113352
17414817
4248188
11113352
844782
860986
864964
3717397
4247316
11111388
11114108
11114267
11111388
11114108
14741007
14741018
14741007
14741007
14741018
4253034
4253034
4253034
4253034
4253034
11113199
11111228
11113199
11113199
11111228
4250026
7972921
14733418
17402043
17406706
4237792
4240049
14726034
4237792
4240049
17384986
26752723
26752725
26752727
3712157
856953
4237625
4238712
4238781
4238843
4242520
11111297
11114144
17401900
4242520
11114219
11114219
11114219
11114219
11114219
4249546
4250288
14738621
17402536
4249546
4241831
4248573
14724105
14740730
17385332
4245155
11113800
14727318
14737688
17413695
14735756
14735756
14735756
14735756
14735756
4237718
4237985
4238569
4238788
4239578
4253306
14740875
14741062
4253306
14740875
14737691
17401127
17401472
17413910
14737691
7975616
14730358
14742293
14744185
17385082
4249400
4251736
4253853
14734155
14740773
26752500
26752686
26752716
850554
4252791
26752474
4237633
4238796
17409555
17409927
860294
4246287
17411921
17415105
26750994
4249489
4252863
14743242
17403492
17409600
14741798
14741798
14741798
14741798
14741798
11113360
14721907
17412011
11113360
14721907
11113089
4239672
4254155
17411643
17412631
847355
4239347
4246398
4251114
4251336
14725997
14725997
14725997
14725997
14725997
4246149
4247991
11111845
11112887
14723800
4237654
4239434
4239981
4240211
4240301
4253846
7973798
11111370
17413914
4253846
4248194
4248194
4248194
4248194
4248194
11110733
14741011
17386002
11110733
14741011
26752463
4244500
4251678
4253033
4253055
4245285
17406895
4245285
4245285
17406895
4242640
4243842
4244010
4248167
4250221
4241218
14737064
14745942
17408864
17409946
11111452
14741821
17406647
11111452
14741821
4243770
14745781
17385812
17407130
17415662
14727207
14737074
14741262
14741399
14741595
4237871
4238240
4239359
4242623
11113926
843298
3714119
4246683
4250935
14726294
11114193
17407826
17408052
17413087
11114193
4248426
4250079
11113856
14729611
17387708
4251421
14741257
17402124
17402269
17402526
11113988
11113988
11113988
11113988
11113988
11113211
11113277
4252499
11111750
11113211
14732938
17387622
17401814
17402100
17402488
4254389
14732606
14734519
14734880
17387991
14726371
17402366
17406597
17407615
17408310
851085
861945
4249916
17402406
17403420
4251111
17401966
4251111
4251111
17401966
4237845
4240235
4246165
4252619
4254131
4252896
4254043
4254245
14729731
14731141
4237971
4238421
4238581
11112724
17409175
17385806
17401374
17409283
17411782
17385806
845577
4237705
4238933
4239638
4248397
4251285
4251285
4251285
4251285
4251285
4253727
11112239
11114027
14740855
17385118
858319
4252862
4252874
4253717
4254205
4253025
4253025
4253025
4253025
4253025
843048
4240447
14737063
17415783
843048
843813
848536
4252972
4253195
11113684
11114055
14739806
17415332
11114055
14739806
843859
4240553
4245695
14741594
843859
11111146
17385007
17385033
4254208
11111058
7977466
11114216
7977466
7977466
11114216
14739887
17408616
17411775
14739887
17408616
11113194
11113266
11113194
11113194
11113266
4246968
7972382
11113602
14743319
4246968
11113315
11113316
11113347
11113520
11113863
11113207
14721904
14722625
17385234
17403234
17406575
17408749
17415477
17406575
17408749
4253678
14744774
4253678
4253678
14744774
4238185
14740860
4238185
4238185
14740860
842584
17402148
17406754
17411309
17414300
7974448
14741617
14742462
14743545
17401155
4239567
4239590
4239881
4240333
4240392
4252698
4252755
4252856
11110644
11112654
14741577
17407869
17408925
14741577
17407869
11111372
11111372
11111372
11111372
11111372
848633
861403
861762
3712953
4237563
11112695
11112813
14739976
11112695
11112813
11113082
11112840
14738495
17401845
11113082
14723718
17402428
17409918
17410087
17410089
3712535
4253934
11111744
14729810
17406708
11111526
26752464
4252753
4252830
4253501
843611
845652
846659
847058
847614
11113951
11114070
14736520
14738525
17387628
4241589
4246297
4248333
11111859
14736074
3713267
4245312
4249912
14736435
14743548
14742081
14742081
14742081
14742081
14742081
4246588
14724079
14745220
17401474
17409707
14726702
14737246
14726702
14726702
14737246
4242258
4242258
4242258
4242258
4242258
11113298
11113299
11113298
11113298
11113299
842618
4243523
4244375
4248323
4249740
4238033
4239362
4239861
4244887
4244968
11113092
4240828
4247546
4251188
14727160
4240527
11113323
11113600
17408907
17409235
4247711
11114202
14723801
14742484
17401424
26752514
4245044
4246096
4246970
4252153
4252517
11114143
4252517
4252517
11114143
14723382
14744302
17412338
14723382
14744302
3713415
4248417
11114037
14721854
14723746
852016
4243013
4243953
4244484
4244564
859218
4242830
4247459
4251986
7977783
14722152
14743918
17407514
14722152
14743918
11111362
4253324
11113494
14729201
14729949
4238387
17412896
4238387
4238387
17412896
843295
851770
4237604
4240670
4240779
14726339
17409897
14726339
14726339
17409897
7973380
14734767
14734882
14735050
14740916
17407663
17414321
17407663
17407663
17414321
4253615
14721905
14723889
14727076
17413156
11113770
11113794
17385134
11113770
11113794
4239170
7975336
11112680
11112711
11112744
4244568
14733941
14744453
4244568
14733941
4250129
14723141
4250129
4250129
14723141
11111814
14742737
17401134
11111814
14742737
14742100
14742100
14742100
14742100
14742100
865579
4253630
14724124
14741648
17415114
7976966
14736953
17415148
7976966
14736953
860967
11111756
11113817
14724131
14741129
4239273
4239293
14745121
17402339
4239273
4252558
11113811
11114230
14727156
14741391
4252819
14735107
14740230
14743175
17409894
11111799
7977295
11112235
17411185
11111799
4253126
11111273
4237580
4239612
4239673
4249564
4253345
11114275
14727229
14734842
4253479
14733825
14735112
14740958
17385006
4253379
11114242
17413369
17413744
4253379
4241088
4253028
11113916
14723822
14727233
4248260
4253376
4253791
17388602
17408818
4245019
14735228
14739050
14744614
17401117
14726316
14726316
14726316
14726316
14726316
14741109
17387932
17406729
14741109
17387932
858482
14738820
14741167
14741568
14743377
852560
852761
4240382
7974447
14722620
4241688
4246674
14731049
14742815
14743496
4252365
11114163
17384947
17384955
17384977
14740859
17411978
14740859
14740859
17411978
4252752
4252848
4252990
4253759
14741438
17402540
17415675
17402540
17402540
17415675
4245122
4248694
4252460
4252796
4253776
859990
4244065
4253577
14738950
17407958
11111167
11113075
4239900
4253477
4254433
17408936
17408936
17408936
17408936
17408936
3714089
14743091
17385143
3714089
14743091
4252488
11113751
14744470
17412045
17412125
4252359
17401137
17401212
17406815
17415055
4250482
14723995
14732599
17408777
17411909
861899
14722158
17411536
861899
14722158
11114261
11114261
11114261
11114261
11114261
11113122
17403543
17406912
17415896
11113122
14743381
17411918
17416065
14743381
17411918
4238748
4239461
4240047
4240061
4240371
4237958
4238589
4239897
4240420
4253269
847676
4248885
11112786
847676
4248885
14722081
14722569
14735326
14741006
14741642
4246294
4248739
4253263
14745083
17387804
844835
4237791
4239112
4240296
4240389
11110899
14743253
17402161
17407509
11110899
4238512
4239130
4240355
4249967
14734961
861895
14722190
14741012
14741458
861895
4248756
14741054
14743593
14743822
14745221
14723852
14726691
14736820
14745263
17387700
4240280
4237482
4237489
4237693
4237735
17401960
17402883
17402975
17409790
17401960
844873
4242394
4246659
4250895
14727158
4237982
4238277
4238746
4238850
4239733
3714832
4237491
4237506
4237519
4237532
848874
859865
3715881
4237550
4237687
3712364
3715494
4237730
4239404
4240627
4239164
4247768
14741084
14741085
14745448
3713298
4239797
4248565
11114236
14731283
853614
4252487
14722719
14737249
14742739
860196
860223
4240609
4241079
4244479
859914
4238791
4238922
4240204
14726341
4237579
4238150
4238353
4238626
4239134
4239447
4253131
17387497
17402436
17406610
861921
4238000
4238617
4239457
4248549
3715559
4238570
4239728
4247608
11113498
4239706
17410375
4239706
4239706
17410375
4238878
4246957
4248428
14726111
14727198
4254420
17408154
17409421
17409715
17412450
4237662
4238925
4240078
14726082
4237662
11110865
11113147
11113214
11113244
26752469
26752523
3712355
4241683
4246673
14724096
3712600
4239466
4253054
14744491
17410181
7974256
11114268
17410020
7974256
11114268
4237585
4237936
4238271
4238489
4238660
4252704
863062
4252703
11113499
14742241
861918
4237544
4237711
4237869
4238160
3712307
3717951
4244593
4244810
14723786
847542
848129
853202
4242914
14727164
14722704
14744776
14745147
17387958
17411280
844035
847836
4239480
14726076
14741663
4252963
4253480
4253880
11113739
14726006
858515
11113466
11113467
14730875
14745998
858595
4239249
4253031
858595
4239249
4239334
4242606
4239334
4239334
4242606
857272
11110710
11110730
11112704
11113465
4237508
4240005
4243372
14742195
14744862
4246167
4248555
14726321
4246167
4248555
14743317
17411601
14743317
14743317
17411601
11111934
4249223
14724146
14734355
14739371
861400
4237537
4237782
4237883
4238176
4243422
4243993
4245487
4249175
4252407
4241588
14731297
14741338
17401329
17402111
847691
4238958
4239927
4240700
4246203
859949
4240043
4250462
7977391
14722641
26752513
26752671
26752675
865244
3712474
845245
4242953
17402391
17412192
17415903
863013
3713412
3714713
4237516
4238219
4244229
14735329
14736071
14741792
14742432
846056
3712502
4237490
4237609
4237972
11111505
843808
848062
3715858
4242937
858593
860043
3717960
4244342
4245131
4249498
4249498
4249498
4249498
4249498
4246741
14735239
14744479
17403221
4246741
14744869
14745895
17402992
17409931
14744869
859900
14743567
17409250
859900
14743567
4241630
14737599
14740836
17411012
17411932
4240963
4241511
4246510
4249966
7977747
4239686
3714825
4238375
4238703
4239951
17384999
17385050
4252554
4253344
4253375
4250318
4252845
14724165
14736977
17403406
17385078
17386118
17410027
17410270
17410278
14740712
17409247
14740712
14740712
17409247
846772
4241113
4241126
4241150
4243237
17406796
17411542
17406796
17406796
17411542
11110887
4238127
7973436
14723815
14726088
864048
866021
4237749
4253217
17407870
4239709
4239978
14741471
14742346
17408556
14737253
14740359
14742291
17402297
17409999
4248419
17402902
17406677
4248419
17402902
863214
3717473
4250103
14740865
17387610
4252623
14742383
14742645
14743835
17402854
4237493
4237540
4238220
4238258
4238457
4239037
4237758
4238230
4238902
4239077
14741615
17402084
17410156
14741615
17402084
4254146
11113607
11113947
14735444
14745429
3713398
4246998
7977873
14724018
14732501
17402150
17408886
17413771
17402150
17408886
844570
4252324
17387543
17387962
17415899
4243142
14745864
17413650
4243142
14745864
11113123
851940
4242412
11111547
11112789
11112142
14727157
14745117
17415185
11112142
847619
14726071
14741476
17406970
17407252
11111394
844043
845406
862506
4238099
11113862
11113924
11113969
11114019
11114175
4247580
11112262
11113689
14742409
17384879
4244219
14726032
14740849
14742441
14743260
14734700
17402262
17402586
17414881
14734700
17385138
17385158
17385161
17385179
17385188
4238416
17406883
17414262
4238416
17406883
4249742
14723741
14731961
17387535
4249742
4243385
11111349
17409447
4243385
11111349
4245737
7977090
11113698
11113997
14726414
4237864
4237960
4238166
4238916
4239231
4253234
4254288
14724093
14742200
14743282
4238497
4239957
4240030
4245059
7974056
14731682
14740889
17401912
17402172
17407046
4247631
17406709
17409944
17413793
4247631
851235
863831
3716458
3717536
4240634
4252229
11111626
14743916
17385059
17407999
11111142
4239145
4240297
14722202
14735501
4240223
4242299
17387920
4240223
4242299
14732220
14738125
17408677
17412863
17414397
4243356
4252510
17402191
17403017
4243356
4237707
4238318
4238583
4238848
4239343
865820
3717861
4237487
4237559
4237702
11113662
17414748
11113662
11113662
17414748
11113162
4252465
4252472
11113162
4252465
4253472
851833
862310
4246639
4249458
11113129
7976204
11111829
17387468
11113129
4254308
11114127
14722575
14722666
17403298
842697
4240786
4241415
4244754
4245173
26752432
26752595
4246248
11112384
14743494
4237956
4238146
4253866
4254255
4254284
4237630
4237801
4237908
4238222
4254189
4252947
14740419
17401143
17409389
17409879
844275
850865
851015
3712241
3712493
11113701
14745649
17401239
17410263
11113701
17411151
17411210
17411476
17415914
17411151
17408821
17408852
17408821
17408821
17408852
4245234
4248659
4249263
14726048
14726090
4241094
17409453
4241094
4241094
17409453
26752604
4244884
4245444
4248391
11111123
4253106
11110853
26752434
11111572
17406592
861546
4241710
4248274
4249447
4251837
4249477
4252157
4254151
14723912
14726047
4241718
17409191
17409758
17409841
17412183
4239132
4239640
4240093
4253081
14734978
26752533
4242778
4252700
4253840
11112287
26752627
14724068
14731753
14731983
17387505
11111555
4248854
14731219
17406748
17406756
3712414
14732032
14741616
17387902
17402416
850189
14722149
14727134
14734431
14737445
4248610
17403118
17410523
4248610
17403118
4241007
11110920
11111175
14744478
14745919
11110848
26752638
4250845
14734803
14745202
11111389
857377
4242051
4247641
4248818
4252449
4252450
4252827
14723060
14726438
861781
4244188
17387462
17403588
17410378
4248584
14726031
14737075
17387943
17408926
4242540
4245001
4245114
4247689
4248663
14735049
17388008
17411966
17415175
17416181
14736007
14743177
17406629
14736007
14743177
17401454
17402581
17401454
17401454
17402581
11113556
11113556
11113556
11113556
11113556
4242456
4252545
11111345
14740687
14742458
26752678
11113710
17386591
26752678
11113710
4254107
14724023
14724031
14736515
17385056
14739483
17406571
17412084
17413614
17413817
847923
4245095
7974225
14731240
14734739
851303
14731451
14741536
17386133
17406803
26752517
26752553
26752560
850283
857056
846286
4242792
14724147
14742136
17402236
11111783
17388601
17403093
17411199
17414057
26752673
26752681
4244817
4247785
4250100
4248127
14735114
17387904
4248127
14735114
11110814
11111507
11111548
11111432
11112757
4241754
4245127
4247261
11112516
14745156
863998
7976920
17411450
17412992
17415821
4252866
14722916
17402247
17407378
17409939
4245612
4248986
4252526
14741751
14744447
26752605
26752610
852799
863576
14738197
4239202
4239698
4243362
4251279
4254326
11111832
26752711
4250513
4252495
14737415
865913
4247136
4252120
11113683
14722911
4245647
4249574
4252894
14732937
14733934
26752453
26752456
862646
26751109
26751110
4242675
11114239
14732883
14737255
14744000
11111181
853529
4242655
4244144
4245512
4253136
7977434
11114134
14724126
14732159
14727285
14727288
14727294
14738127
14744458
14735190
14740939
17406990
17407819
14735190
26752577
26752659
4246300
4253000
4253468
11114199
14745206
14745218
17402278
17402434
14743554
17402211
17411514
14743554
17402211
3714876
14722206
17402390
17414787
17415955
26752554
26752561
26752580
26752607
26752612
4248636
4251949
14723798
14726103
14730506
849292
4241102
4251869
14730920
14742326
26752515
4244134
14724041
14741302
14745168
3711783
14745303
17401149
17406590
17406910
4241034
11114258
14739744
17401333
17407725
4252850
17401248
17402543
17410813
4252850
11110748
4246791
17385089
17385127
17387522
17387759
17411265
17387759
17387759
17411265
7975125
14745093
17402807
17402961
17403082
17409042
17409387
17409042
17409042
17409387
14724108
14735717
17402677
17403486
17407448
17407198
17414373
17407198
17407198
17414373
3712461
4242019
11114082
17401261
17401402
4248196
14732563
14735716
14743558
17387996
4251314
7978445
14723185
14731994
14737405
3712042
4246855
14726408
14744673
3712042
4252678
4252680
4252714
4253419
4253803
860508
17387931
17406566
17406873
17411796
14741133
14741133
14741133
14741133
14741133
14724100
14727330
17384906
17384915
17403155
4238182
851466
4237704
4237821
4237841
4242247
4248772
17387933
17414353
17414891
859796
4238404
4239027
4239715
4240063
848762
3713981
14722468
14737247
14738616
843526
4240592
4242577
4247524
4247533
17401377
17416276
17401377
17401377
17416276
11113484
11113641
14744552
17387674
17388362
4254152
17387676
17402401
17413648
4254152
843662
862915
4242070
4242089
4248700
4244036
14722655
14743069
14744658
17408878
26752540
4244899
17411839
17412200
17412209
26752731
26752731
26752731
26752731
26752731
4240025
11111308
17408722
17411953
4240025
17401211
17401211
17401211
17401211
17401211
4249874
14731718
14741324
14745913
17401190
859689
7972303
14732667
14741392
17409672
4251354
17385133
17385141
17385148
17385155
17402392
17402392
17402392
17402392
17402392
17408947
17408947
17408947
17408947
17408947
4244708
4245749
4247451
4249080
14745309
11113961
14741126
14742562
14744849
17387624
858435
4244291
4254052
17414502
17414539
14726356
14738370
17413090
17413560
17414752
4242570
14722171
14743342
14745001
17407600
11111107
11113660
17408761
11111107
11113660
4252670
14721947
17402542
17403560
17409719
7973242
14730455
14740759
14742392
17403480
11113832
14726407
11113832
11113832
14726407
847251
860207
3715068
3716539
4242809
7977532
17412632
17413581
17415201
7977532
4245701
17387703
17402652
17406650
17409525
861506
14745767
17413199
861506
14745767
11114281
26751172
11114281
11114281
26751172
17408078
17413573
17408078
17408078
17413573
17402116
17410310
17402116
17402116
17410310
844118
17403288
17403489
844118
17403288
4245941
14734434
14744859
14745894
17410061
4253805
11114191
14723719
4253805
11114191
11111393
14745226
17407837
17409578
17410149
4238338
4240319
4251197
4253641
14722168
4246782
4253518
11114135
14724043
14724088
4252956
4253705
17387641
17402569
17407743
4265494
7976938
7978437
11111733
14737416
14742461
17386005
17402680
17403303
17406669
11111769
4242495
4249134
4249918
14723887
26752507
857531
4250708
17387584
17401116
7972294
11114251
14723898
14726033
14732943
11111504
17402285
17406735
17407349
17408962
846379
14740674
17403679
17413547
846379
11111310
11111828
11111826
14741538
17412939
4241531
17414790
4241531
4241531
17414790
4242796
4248974
11111322
14745722
17387482
14724066
17408679
17409787
17416232
14724066
3712357
3716063
4244148
4251500
14744211
14740286
17403296
17408915
17413641
14740286
4241793
4241952
4243252
4251983
7975646
4245288
4247636
4248728
4251506
14732051
14736725
14741004
14745073
14736725
14741004
17385063
17410437
17415251
17385063
17410437
858631
4246477
4252575
4253593
14726357
4248720
14744320
17402497
17403483
4248720
4244193
4248463
4253960
14734804
14735328
4253230
14745959
4253230
4253230
14745959
851134
4248987
17414727
17414877
851134
11114156
17413215
11114156
11114156
17413215
4245574
14742018
14743165
4245574
14742018
17402164
17402164
17402164
17402164
17402164
4238713
4238785
4262034
11111820
11112882
4239677
17406820
17412628
4239677
17406820
846890
4250705
11113808
11114222
14726400
4241360
4246836
14744343
17387908
17388011
11113079
14742364
11113079
11113079
14742364
7973477
14733895
14735008
14745416
17413371
4248354
14721847
14721874
14726046
17403318
4253312
4253312
4253312
4253312
4253312
858812
859733
4249667
14726066
14726349
11113083
4242708
4249561
4252842
4253070
4250001
4252063
4252511
4253478
4253746
14742816
14742816
14742816
14742816
14742816
3713065
14727222
14745984
3713065
14727222
4239912
11114240
14742967
17402562
17406785
860758
14744499
17401281
17406779
17406880
11113208
26752691
11114015
17406896
17406940
17387971
17415192
17415295
17415795
17387971
4246090
14732354
14735110
17385145
17385162
852933
14726064
852933
852933
14726064
4237840
4239696
14745317
17411235
17411327
17407306
17414366
17407306
17407306
17414366
4253409
17406974
17408932
4253409
17406974
17406786
17412052
17406786
17406786
17412052
17402067
17406870
17409547
17402067
17406870
4250357
4253988
11113491
14727246
17402733
11111168
14726413
17409969
17410389
17411372
17402131
17402257
17402462
17408890
17409518
849465
14740735
17408122
17408624
17411816
865162
14743984
865162
865162
14743984
4254374
17408611
4254374
4254374
17408611
4253651
14725996
14732472
14743546
17410679
3717932
4241373
14734938
14743993
14744993
845632
4247361
4248214
4250031
14733826
14742252
14742252
14742252
14742252
14742252
26751332
26751332
26751332
26751332
26751332
