8142813
8142898
4237749
4238000
4239218
4250357
11111476
4250357
4250357
11111476
11110789
11110789
11110789
11110789
11110789
14727244
14727244
14727244
14727244
14727244
4241848
4242051
4244884
4253654
4253656
11113286
11112425
11113286
11113286
11112425
858515
858515
858515
858515
858515
11111828
4239273
4240892
4242520
7976341
11111914
3712359
11111914
11111914
3712359
4253034
4253034
4253034
4253034
4253034
17412078
17412078
17412078
17412078
17412078
4238745
4247167
4238745
4238745
4247167
11111894
11111908
11113323
11113600
14741302
861403
11112646
11113511
14742043
861403
11111013
11111013
11111013
11111013
11111013
11111742
11111604
11113529
11111742
11111604
3712461
4244899
4244940
4254151
14745915
14726045
17402407
17412198
17414186
17415978
4237605
14744869
4237605
4237605
14744869
14726341
14738196
17410300
14726341
14738196
11111353
11112142
11111353
11111353
11112142
852502
852502
852502
852502
852502
4266760
4254329
11111572
17385001
4266760
11113144
11112820
11113144
11113144
11112820
4266735
11111510
17384933
17415900
4266735
851492
851492
851492
851492
851492
844118
851085
17410648
844118
851085
11111307
4247905
11111307
11111307
4247905
8142901
3714089
8142901
8142901
3714089
11113253
11113253
11113253
11113253
11113253
11113300
17409201
11113300
11113300
17409201
11114219
11114219
11114219
11114219
11114219
4252819
4252819
4252819
4252819
4252819
859984
4254207
11111125
17408135
859984
11111142
11111142
11111142
11111142
11111142
4237485
4238209
4238567
4238714
4238893
4240205
7978203
11110788
11111441
17401220
4237580
4238033
4238347
4238509
4238683
861762
861899
4246349
14726357
17410096
4252700
11111417
17412605
4252700
11111417
14741538
14741538
14741538
14741538
14741538
3712502
14740181
3712502
3712502
14740181
4239191
4244531
4239191
4239191
4244531
859900
859900
859900
859900
859900
4238196
4238389
4238396
4240100
4240190
4238278
4238338
4239526
4238278
4238338
4238964
4239020
4238964
4238964
4239020
11113179
11113304
11113179
11113179
11113304
4238807
17387951
17409513
4238807
17387951
864330
864330
864330
864330
864330
17387900
17402301
17403551
17409044
17414685
11112814
11112814
11112814
11112814
11112814
4254122
4254122
4254122
4254122
4254122
4253870
4253870
4253870
4253870
4253870
14726349
14726349
14726349
14726349
14726349
860758
860758
860758
860758
860758
11113839
17415812
11113839
11113839
17415812
4242925
17402191
17402960
4242925
17402191
4244375
11111928
4244375
4244375
11111928
4254025
4254025
4254025
4254025
4254025
11114232
11114232
11114232
11114232
11114232
4242143
17401143
4242143
4242143
17401143
11111896
4239940
4249678
4253010
4253958
11111370
14741574
11111370
11111370
14741574
14732032
17387989
14732032
14732032
17387989
4254001
4254001
4254001
4254001
4254001
14738197
14738197
14738197
14738197
14738197
4239130
4240355
14742384
14744658
17415332
11114228
11114228
11114228
11114228
11114228
861767
865820
17409972
861767
865820
4253188
17403588
17413024
4253188
17403588
4254052
14734882
17401211
4254052
14734882
4241367
4241367
4241367
4241367
4241367
11113305
11113305
11113305
11113305
11113305
11111211
14735464
14743177
11111211
14735464
4238081
4238356
4238536
4238594
11110835
4238795
4239445
17410834
17411937
4238795
4237996
4238991
4239627
4239747
4239897
17402189
17410394
17402189
17402189
17410394
4253409
17402572
4253409
4253409
17402572
4239465
14724131
4239465
4239465
14724131
11111445
17403093
11111445
11111445
17403093
14740866
14740866
14740866
14740866
14740866
4246453
4246453
4246453
4246453
4246453
4254309
17410207
17410895
17414338
4254309
14736712
17406748
14736712
14736712
17406748
853557
4253070
11110961
853557
4253070
4237750
4240370
4254412
14735444
14741702
4243975
4252565
4243975
4243975
4252565
11113783
11113783
11113783
11113783
11113783
14733895
17401113
17414435
17416013
14733895
4266692
4266743
4241892
7972294
14734111
14736515
17406763
17409151
14736515
17406763
11112199
11112348
11112199
11112199
11112348
11111167
3712474
4238410
4239809
4250519
4250705
14726400
14744641
4250705
14726400
4237563
4238581
4237563
4237563
4238581
4237526
4237773
4237794
4237821
4237847
4252572
17406650
17409773
4252572
17406650
4254153
17387490
17411259
4254153
17387490
17387766
17409940
17387766
17387766
17409940
14734803
14745206
14745218
17408874
14734803
4253206
11114159
17410352
4253206
11114159
11112623
11112623
11112623
11112623
11112623
11112609
17414321
11112609
11112609
17414321
4245131
4247422
17408870
4245131
4247422
4238004
4238518
4238767
4238867
4239114
4237667
4238709
4238828
4239326
4240301
11111312
11111312
11111312
11111312
11111312
4250101
17387676
17407075
4250101
17387676
847542
3714832
4254242
14731049
14744742
4238647
4240800
14732429
4238647
4240800
859331
4253861
14745263
17387700
859331
14730215
14730215
14730215
14730215
14730215
4251174
4254154
14724155
14739382
17401467
11114007
14727241
17403500
11114007
14727241
11111372
11114281
11111372
11111372
11114281
4253642
4253642
4253642
4253642
4253642
11111157
11111157
11111157
11111157
11111157
4245908
4245908
4245908
4245908
4245908
4253396
4253396
4253396
4253396
4253396
4238043
4238716
4239309
4238043
4238716
4238753
4238753
4238753
4238753
4238753
4242326
17412200
4242326
4242326
17412200
11110877
11110877
11110877
11110877
11110877
11111216
11111216
11111216
11111216
11111216
4249874
14727117
14742195
17402730
17411541
4237633
4238796
4238986
4239308
4237633
4237671
4238823
4239446
4239486
4239896
11111859
11111859
11111859
11111859
11111859
17402505
17410074
17413356
17415302
17415316
4252894
17415892
4252894
4252894
17415892
4252256
4252256
4252256
4252256
4252256
4245749
17408434
17416045
4245749
17408434
17409982
17409982
17409982
17409982
17409982
8142806
11111276
8142806
8142806
11111276
4253137
4253137
4253137
4253137
4253137
11112724
11112724
11112724
11112724
11112724
14732938
14743175
17406951
17408749
17412601
4247708
4249573
4247708
4247708
4249573
14740894
14740894
14740894
14740894
14740894
843859
848751
4245695
14740121
843859
11113082
4254301
11113082
11113082
4254301
858457
4249564
11113545
14723549
14732561
4246678
4248612
4249273
4251314
14726390
860294
4238047
4254175
11114243
860294
4253812
4253812
4253812
4253812
4253812
4251703
11113967
14734096
14743918
4251703
4237661
4237661
4237661
4237661
4237661
853614
14735007
853614
853614
14735007
4253651
4253651
4253651
4253651
4253651
4244745
4244745
4244745
4244745
4244745
4237486
4237506
4237540
4237699
4237726
4238662
4239060
4240670
4238662
4239060
4237707
4240142
14742169
17414507
4237707
17408914
17414556
17408914
17408914
17414556
849132
4244713
11114248
14727064
14740920
4247480
4253614
4254290
11110820
11111701
4237704
4238203
4238656
4238989
4239062
4237716
4238061
4238137
4238535
4239156
4254227
4254227
4254227
4254227
4254227
844835
861918
4237841
4238891
4239461
4237815
4237916
4238179
4238443
4238494
4237735
4237862
4238074
4238746
4239270
11111622
11110847
11113459
11113665
11111622
4237904
4237934
4238134
4238366
4238414
14722171
17384969
14722171
14722171
17384969
4238512
4238925
4239178
4239685
4239751
4254389
17413040
17414595
4254389
17413040
846155
4237659
4237959
4240183
846155
4239686
4237497
4237747
4238130
4238703
4253093
11111288
11113701
17412174
4253093
14732606
17403118
14732606
14732606
17403118
11112786
17414845
11112786
11112786
17414845
4239037
4237693
4238150
4238372
4238440
11113147
858164
4239157
4239192
4239710
4266748
4246954
4248275
14726209
14739437
4241412
4252464
4253852
14727114
17413007
14745317
17402975
14745317
14745317
17402975
4237508
4237491
4239355
4239743
4240367
11111427
14743253
11111427
11111427
14743253
3712600
4238617
4238774
4239451
3712600
4239105
4245487
4239105
4239105
4245487
4266779
4244889
11113619
14727247
14731458
11111024
14734511
17387580
17387581
17402222
4248636
17411785
17414019
17414122
4248636
4252753
14726407
4252753
4252753
14726407
14742139
14742139
14742139
14742139
14742139
4253987
7972272
11111464
14734804
14745943
4252757
4252757
4252757
4252757
4252757
853202
11111977
11112291
853202
11111977
4254145
4254145
4254145
4254145
4254145
843813
4237544
4237702
4237730
4237869
3712364
4237538
4239155
4239348
4240080
14721914
14721914
14721914
14721914
14721914
14726094
17387564
17402296
14726094
17387564
8142803
17406566
17413542
8142803
17406566
14740282
14740286
17387558
14740282
14740286
11113711
11113711
11113711
11113711
11113711
11113663
11113663
11113663
11113663
11113663
17388011
17409692
17388011
17388011
17409692
17385051
17385051
17385051
17385051
17385051
11111202
4242655
4245209
17387449
17387649
844275
853361
14743841
17387762
17409327
17406660
17411793
17411813
17406660
17411793
14745526
14745526
14745526
14745526
14745526
11110853
4254003
11111909
11114193
11110853
858482
4238933
4239473
4239672
4251114
14740849
14740849
14740849
14740849
14740849
17409010
17413547
17409010
17409010
17413547
11113762
11113762
11113762
11113762
11113762
4237482
4239941
4253772
4237482
4239941
4247768
14745530
17387601
4247768
14745530
3715632
3715632
3715632
3715632
3715632
11111809
14745984
11111809
11111809
14745984
11113328
11113328
11113328
11113328
11113328
17411978
17411978
17411978
17411978
17411978
14735110
14735111
17387895
14735110
14735111
14731040
14731040
14731040
14731040
14731040
4238386
4238525
4238532
4239293
4239969
4254256
17402928
17412221
17414907
4254256
17408724
17408724
17408724
17408724
17408724
4253217
4253927
4253217
4253217
4253927
4252685
14731984
4252685
4252685
14731984
4249134
14734579
17402278
17402575
17402899
14726076
14726076
14726076
14726076
14726076
4237585
4237905
4238095
4238324
4238336
14741062
14741062
14741062
14741062
14741062
4245901
14745857
4245901
4245901
14745857
4238641
4239801
4240308
11112882
4238641
11111298
11111298
11111298
11111298
11111298
8142802
8142811
7974048
14726108
14734801
17407226
17407226
17407226
17407226
17407226
4243060
4253055
4243060
4243060
4253055
11110992
17402633
17414475
11110992
17402633
4237705
4237705
4237705
4237705
4237705
863479
17411536
17411542
863479
17411536
4252686
4252686
4252686
4252686
4252686
14744434
14744434
14744434
14744434
14744434
11111822
11111822
11111822
11111822
11111822
11113123
11113123
11113123
11113123
11113123
4252831
4254326
4252831
4252831
4254326
4253840
4253840
4253840
4253840
4253840
17413258
17413258
17413258
17413258
17413258
4238368
4238923
4239915
4252959
4253805
4252990
17412939
17412940
4252990
17412939
4250184
14737405
14745528
4250184
14737405
4253944
11110644
11111685
4253944
11110644
14741988
14744392
14745040
14741988
14744392
4246998
4253345
17402387
4246998
4253345
4245422
17415236
4245422
4245422
17415236
11110733
11110733
11110733
11110733
11110733
850865
862310
4237780
4238136
4238474
11110726
17402441
11110726
11110726
17402441
11111645
11110990
11111179
11111664
11111873
14743494
17411585
14743494
14743494
17411585
14741615
14741615
14741615
14741615
14741615
4237567
4237965
4238318
4238483
4238503
4248739
17414069
4248739
4248739
17414069
4245122
4245122
4245122
4245122
4245122
4245567
14734949
17406575
4245567
14734949
11111629
4252809
11111629
11111629
4252809
4254183
17408692
4254183
4254183
17408692
17407476
17407483
17407476
17407476
17407483
11113167
11113167
11113167
11113167
11113167
11114261
11114261
11114261
11114261
11114261
14742383
14743564
17413550
14742383
14743564
4252678
4252714
11113607
17409730
4252678
8142822
17388380
8142822
8142822
17388380
4246300
4250158
17408266
17415818
4246300
14731451
17387789
17414993
14731451
17387789
14730358
14737068
17385066
17387651
17410077
4242702
11112790
11112923
14731963
14737474
4237478
4237551
4237674
4237758
4237827
17409196
17409196
17409196
17409196
17409196
17402213
17410903
17402213
17402213
17410903
845652
4241793
14727134
17410219
17415990
17387748
17387748
17387748
17387748
17387748
14741100
17409969
14741100
14741100
17409969
11111832
851303
14741536
17403449
11111832
4246294
14722192
14743815
17413433
17413769
4253472
4253473
14745981
17384992
17407076
11111173
17411372
17411833
17412428
17412633
4253603
11110879
17413260
4253603
11110879
4243198
17387788
17403364
17411662
17413309
4254352
11111058
4254352
4254352
11111058
4245574
14723060
14740674
4245574
14723060
17412045
17412045
17412045
17412045
17412045
4246165
4251016
14742786
4246165
4251016
4238468
4239170
4240348
4238468
4239170
11111803
857272
4251197
14725999
17415783
4237530
4238031
4252965
4237530
4238031
4252956
4254417
17406688
17412872
17415973
4266686
4266693
4238950
4239181
4266686
17387552
17387552
17387552
17387552
17387552
4237972
4239139
4252853
14724135
14744005
4240857
14737249
4240857
4240857
14737249
17410156
17410156
17410156
17410156
17410156
17401881
17406728
17401881
17401881
17406728
14735331
14738125
14741791
14735331
14738125
17409894
17409894
17409894
17409894
17409894
847251
3717913
4251837
17413817
17415841
4237807
4237840
4237868
4237899
4237956
4253945
14735335
4253945
4253945
14735335
842697
4250026
11111956
14745722
17387674
4237629
4246292
14743282
17407306
4237629
17402767
17402767
17402767
17402767
17402767
4252742
14725809
14726324
17387643
4252742
3717701
4252658
4252825
4253249
11111123
853573
17402854
853573
853573
17402854
4243832
4252268
4243832
4243832
4252268
17409547
17409547
17409547
17409547
17409547
14734155
17406953
14734155
14734155
17406953
11113488
14737061
11113488
11113488
14737061
14722168
14738549
14722168
14722168
14738549
848009
4237753
4239738
4245658
4247689
14735727
14740855
14741703
17411904
14735727
4241369
4253964
17387958
4241369
4253964
11112884
11112884
11112884
11112884
11112884
14743565
17403225
14743565
14743565
17403225
11112824
17416231
11112824
11112824
17416231
4237650
4237823
4237893
4238230
4238343
4266755
17387924
4266755
4266755
17387924
4238506
4238506
4238506
4238506
4238506
14744859
17402298
14744859
14744859
17402298
11110739
11110750
11110739
11110739
11110750
11111766
11111766
11111766
11111766
11111766
3715879
14744341
3715879
3715879
14744341
14741617
14742462
14741617
14741617
14742462
17413117
17414653
17413117
17413117
17414653
4237791
4238086
4239706
4239923
4240048
845384
846056
14735228
14741457
845384
4239164
17401693
4239164
4239164
17401693
14727164
17384932
17411836
17412450
14727164
4244215
4248398
11112575
14734434
17407096
4254208
4254208
4254208
4254208
4254208
4254430
4254430
4254430
4254430
4254430
11113089
11113089
11113089
11113089
11113089
14723822
17402046
14723822
14723822
17402046
7976966
7976966
7976966
7976966
7976966
4246203
4248419
11111820
11113948
14738640
11113169
4242635
11112656
14743317
17413857
4243300
4252721
4243300
4243300
4252721
4252061
4253608
7972566
11112467
14730502
4253956
14732645
17409918
17414751
4253956
4238470
4239789
4240108
4238470
4239789
4238960
4239628
4239848
4240251
4240369
14742739
14744470
14742739
14742739
14744470
14731967
14745894
17402699
14731967
14745894
4253712
14736071
4253712
4253712
14736071
4238408
4238642
17406934
17406952
17409629
4237804
4237931
4240006
17402414
4237804
11111778
11111835
11111778
11111778
11111835
14742269
14742269
14742269
14742269
14742269
4237490
4237621
4237805
4238675
4238843
11111722
3717861
4245875
14723987
14745117
4247453
11114282
4247453
4247453
11114282
14724126
17409257
14724126
14724126
17409257
4253263
11111771
11114048
14744908
17401911
4238702
4238708
4240181
4240388
17401531
11111867
11111867
11111867
11111867
11111867
17409013
17411193
17411529
17409013
17411193
4242554
17413790
4242554
4242554
17413790
4241113
4242334
4246413
4253819
14730919
11111026
11111297
11114144
11111026
11111297
14730073
17401400
14730073
14730073
17401400
11112524
17403180
11112524
11112524
17403180
14731328
14739887
17409333
14731328
14739887
14743984
14743984
14743984
14743984
14743984
4238652
4239807
4240005
4238652
4239807
4238375
4238747
4238921
4240199
4243086
4245737
4246476
14726347
4245737
4246476
17407584
17407584
17407584
17407584
17407584
4253309
4253652
4254206
4254306
4253309
857842
14735504
14745478
17410374
857842
865579
4237955
4239761
11114251
14737454
4246659
11113514
17409899
17409926
4246659
17410679
17415221
17410679
17410679
17415221
858812
858812
858812
858812
858812
14735114
14743075
14735114
14735114
14743075
846109
4242299
14723173
846109
4242299
11111840
861742
4242796
4245114
4247261
4239673
17411104
4239673
4239673
17411104
7978071
14727137
14745293
17402244
17408542
14732354
17388362
14732354
14732354
17388362
4237845
7975674
17402406
17411152
4237845
11114080
17410815
11114080
11114080
17410815
4252298
4252298
4252298
4252298
4252298
853274
853529
4251714
853274
853529
3717423
7974664
17407045
3717423
7974664
849465
11110962
11112711
849465
11110962
14731041
17412925
17413370
17413371
14731041
11113632
14743956
17408154
11113632
14743956
14727299
14741300
17409192
14727299
14741300
4240119
4240127
17411953
4240119
4240127
4237858
14740345
17387619
17387620
17406877
11110848
17402307
17402449
11110848
17402307
3711650
17403592
3711650
3711650
17403592
17401374
17409810
17401374
17401374
17409810
4241899
4252415
11112614
14742578
14745129
4238707
4239928
17410837
4238707
4239928
14723693
14723693
14723693
14723693
14723693
852799
852799
852799
852799
852799
4243523
4248391
4243523
4243523
4248391
11110890
4254283
14732862
11110890
4254283
4253771
17402902
17411210
4253771
17402902
11111471
11111833
865162
17402581
17406691
4253536
17409879
4253536
4253536
17409879
11112285
11113498
11112285
11112285
11113498
14727260
14742824
14743094
14743560
14743583
8142801
11110734
8142801
8142801
11110734
17385332
17406828
17385332
17385332
17406828
4238720
4239655
4239674
4240343
4238720
4239082
4245191
4251421
14743377
17412036
4252487
17414302
4252487
4252487
17414302
848129
3715559
4253880
14726309
17406705
17407354
17413042
17413048
17407354
17413042
4251896
11113572
14745871
4251896
11113572
859761
3715149
4238259
14723667
14742729
14730426
14745093
14730426
14730426
14745093
4266710
4266711
14743346
4266710
4266711
17403498
17403498
17403498
17403498
17403498
14745416
17402334
17402417
17402904
17402965
14741391
14741391
14741391
14741391
14741391
14733593
17406836
14733593
14733593
17406836
17401425
17401425
17401425
17401425
17401425
11112517
14737245
11112517
11112517
14737245
14734985
14734985
14734985
14734985
14734985
17401208
17401208
17401208
17401208
17401208
4254307
11110664
14741018
14741648
4254307
858631
14725994
17410216
17410218
17412035
14741336
14741336
14741336
14741336
14741336
4244086
14721893
17402060
17402273
17402411
14745828
17411401
14745828
14745828
17411401
14726691
17411925
14726691
14726691
17411925
4237974
4238143
4238865
4239794
4240051
14726413
17410752
17410841
14726413
17410752
4238121
4239117
4239620
4239983
4250479
4247110
14726445
4247110
4247110
14726445
4250068
4250068
4250068
4250068
4250068
11112515
11114221
11112515
11112515
11114221
4251188
14723802
14740860
17407793
4251188
858319
858319
858319
858319
858319
4253203
11111018
11111082
11112352
11113759
17402372
17410964
17402372
17402372
17410964
17387677
17388006
17411895
17411931
17387677
858595
4237524
4237737
4237774
4237796
4237658
4238322
4239017
4240174
14732864
17402591
17402794
17409790
17409976
17410010
11112879
14727305
14739045
17412024
11112879
14743573
14744969
14743573
14743573
14744969
8142900
17410843
8142900
8142900
17410843
14723709
14723709
14723709
14723709
14723709
11113984
11113984
11113984
11113984
11113984
17414792
17414792
17414792
17414792
17414792
4247459
4247459
4247459
4247459
4247459
4239145
17401265
17409531
4239145
17401265
14734519
14744491
17387498
17414011
14734519
4237593
4237666
4237788
4237930
4238487
4241531
4247435
4249477
4241531
4247435
4247506
14731682
14744578
17410027
17410102
851595
14723854
14732159
14738667
14746025
11111799
4251285
17411191
11111799
4251285
14722164
17402116
14722164
14722164
17402116
17408254
17408254
17408254
17408254
17408254
11111785
4243252
11114053
17401333
17412853
14741028
14742816
14743492
14743586
14744776
14743157
14743157
14743157
14743157
14743157
11111014
11113996
11111014
11111014
11113996
17403233
17403233
17403233
17403233
17403233
4254182
17402227
17402636
17411765
4254182
11110834
14729731
14731141
14742557
11110834
17406573
17415866
17406573
17406573
17415866
4240843
4243590
4250722
11112335
4240843
14742077
17406614
14742077
14742077
17406614
4237832
4239091
4237832
4237832
4239091
4254288
14734576
17387932
4254288
14734576
11114237
14745547
17413915
17415461
11114237
11113122
11112373
11113122
11113122
11112373
853124
14734775
14745230
17407358
853124
4240382
4240382
4240382
4240382
4240382
14743835
14743835
14743835
14743835
14743835
4238039
11111452
11114275
14735050
17412088
4252181
14744480
4252181
4252181
14744480
11110730
11110831
11113466
11113496
17403560
17415185
17415185
17415185
17415185
17415185
4244546
4246836
11111911
17402118
17411321
11111124
11114047
11114050
14737448
14744958
4247276
4249194
17406761
17409373
17411825
4237920
4251954
4237920
4237920
4251954
17402067
17411635
17402067
17402067
17411635
8142809
861506
4239982
14741503
8142809
11113807
14743170
17408864
17415201
17415477
11112554
11112554
11112554
11112554
11112554
4238797
4240053
17388475
4238797
4240053
17387841
17411709
17387841
17387841
17411709
11114242
17413746
11114242
11114242
17413746
4251986
4251986
4251986
4251986
4251986
11111548
14737451
17387450
17387943
17406863
7975336
7975336
7975336
7975336
7975336
4244528
14737253
14742294
17407511
4244528
851833
3716063
3717473
4245444
4251901
4238679
4239654
4239808
4240235
11111720
17406708
17406708
17406708
17406708
17406708
4253786
17387747
4253786
4253786
17387747
17384987
17403290
17411271
17411416
17384987
4248621
17401190
17402680
4248621
17401190
4242830
4242830
4242830
4242830
4242830
14743479
17401348
17413904
17415402
17415742
11110936
14741016
17410220
17410395
17411253
859914
4237687
4238049
4238791
4238922
14735336
17387855
17415632
14735336
17387855
4252821
7973436
17408146
17416150
4252821
4253526
4253526
4253526
4253526
4253526
4252703
4252703
4252703
4252703
4252703
863998
4249341
863998
863998
4249341
14744710
14744710
14744710
14744710
14744710
17401153
17401153
17401153
17401153
17401153
11114014
14723415
11114014
11114014
14723415
14726066
17411776
14726066
14726066
17411776
17407632
17409578
17412912
17407632
17409578
4252972
11114269
17410385
4252972
11114269
4266750
4238127
4238621
4248195
14742326
862459
4242456
11114202
862459
4242456
11111382
11111392
14732943
14741619
14743590
11111308
11111308
11111308
11111308
11111308
4253130
11110921
14742112
14743116
17401172
4238222
4238222
4238222
4238222
4238222
11112252
17406847
17411986
17412104
17414986
4266780
4244777
14735717
17385999
4266780
14745177
17403295
14745177
14745177
17403295
4237706
14741438
17410200
4237706
14741438
11112690
11112716
17402111
17402890
17415603
864964
4245981
17406979
864964
4245981
4238757
17409867
4238757
4238757
17409867
4237495
4239135
4239187
4239616
4240067
4243993
14725996
4243993
4243993
14725996
861075
861425
862116
3712493
4242014
11111626
14723912
14741054
14743593
14743916
14734986
17401155
17410937
14734986
17401155
4253909
17408547
17408993
17414940
4253909
4253066
4253776
14742322
4253066
4253776
3713981
4237550
4237803
4237958
4238589
11111880
4237634
4238038
4238803
4238811
4241391
4249489
4250288
4241391
4249489
17402455
17414060
17402455
17402455
17414060
14741595
14741595
14741595
14741595
14741595
4254221
11112718
14742461
4254221
11112718
17402954
17402954
17402954
17402954
17402954
11113551
11113551
11113551
11113551
11113551
11114152
11113575
14739420
17411531
11114152
4238671
14742392
14744555
4238671
14742392
4252495
11111321
4252495
4252495
11111321
8142808
4253973
4254323
14742172
8142808
4237541
4239644
17415914
4237541
4239644
11110714
14745229
11110714
11110714
14745229
11114082
11114082
11114082
11114082
11114082
859990
17411058
17411946
859990
17411058
842584
4254131
842584
842584
4254131
4244259
14727288
14731330
14737477
4244259
17413732
17413732
17413732
17413732
17413732
4237914
4237938
4238504
4238947
4238951
11110760
11110760
11110760
11110760
11110760
17408812
17408812
17408812
17408812
17408812
7974256
7974256
7974256
7974256
7974256
14745895
17409684
14745895
14745895
17409684
14724133
14724133
14724133
14724133
14724133
4238837
4239549
17401869
17409175
4238837
11113808
11113808
11113808
11113808
11113808
14736977
17409825
14736977
14736977
17409825
14726715
17413720
14726715
14726715
17413720
4237709
4237710
4238848
4237709
4237710
4250644
11110798
17416251
4250644
11110798
3711555
7977783
14740893
17403486
3711555
4251706
17410108
4251706
4251706
17410108
11112163
14735525
17412145
17414492
17416268
4241088
17409821
17412487
4241088
17409821
17402328
17409832
17402328
17402328
17409832
4252203
4252665
17416035
4252203
4252665
848633
14738123
17402526
848633
14738123
11110901
857377
11113768
11113832
11110901
14742052
14745799
17409648
17409707
17409746
11110694
14742737
11110694
11110694
14742737
8142902
4254214
11112883
8142902
4254214
17408876
17408876
17408876
17408876
17408876
17413315
17413778
17414515
17416265
17413315
17403677
17412423
17414824
17403677
17412423
4249574
11111954
11113702
17411003
17411421
4248297
4248297
4248297
4248297
4248297
17402368
17402543
17402368
17402368
17402543
4240013
4240319
14745947
4240013
4240319
11113138
4237537
4237559
4237711
4237759
14731460
17402138
17402150
17403071
17408907
17402000
17402129
17402000
17402000
17402129
4254127
4254127
4254127
4254127
4254127
14743146
17403487
17406782
17413699
14743146
11111632
11111651
11111632
11111632
11111651
14740895
14740895
14740895
14740895
14740895
14722148
17402436
17412888
14722148
17402436
859751
4245646
859751
859751
4245646
4238245
4239305
4239688
4240179
17416234
17410998
17410998
17410998
17410998
17410998
14734490
17406746
17409007
14734490
17406746
3712535
17385005
17410747
3712535
17385005
4253747
14738954
17402522
17416024
4253747
4238037
4253042
14735083
17401711
4238037
11112459
14732945
17412422
11112459
14732945
14744580
17384905
14744580
14744580
17384905
4246855
17387996
4246855
4246855
17387996
17415412
17415412
17415412
17415412
17415412
4252472
4252472
4252472
4252472
4252472
14741616
14741616
14741616
14741616
14741616
17415637
17415637
17415637
17415637
17415637
17388020
17388020
17388020
17388020
17388020
4251992
17402335
4251992
4251992
17402335
4239901
4249458
4239901
4239901
4249458
3712953
3712953
3712953
3712953
3712953
861256
4244398
4246897
14736256
14745919
14723887
17385006
17408963
17414814
17414909
4249197
7976196
14723711
14741006
4249197
843987
847691
3715068
4242809
4248196
14723694
14729201
14729949
14723694
14729201
4246428
4253785
7973909
14745162
17406779
17402826
17402826
17402826
17402826
17402826
4237591
4238813
4239590
4239881
4240333
4246297
14743553
17411692
17411922
4246297
4253809
4253809
4253809
4253809
4253809
14742835
14742835
14742835
14742835
14742835
14740676
14740676
14740676
14740676
14740676
846619
846619
846619
846619
846619
861598
4251055
14723743
861598
4251055
14734802
17412924
14734802
14734802
17412924
4266749
4266777
4254000
17385044
17408967
851134
4254095
851134
851134
4254095
4266741
3712312
4239246
4239579
4239986
14742740
14742740
14742740
14742740
14742740
4254427
17410899
4254427
4254427
17410899
17411151
17411476
17411151
17411151
17411476
14741751
17415151
17416113
14741751
17415151
14723141
17414631
14723141
14723141
17414631
17412608
17412608
17412608
17412608
17412608
14741338
17401262
17412042
17413215
14741338
17416064
17416064
17416064
17416064
17416064
4238076
4238660
4239944
4239988
4253208
4243362
4243362
4243362
4243362
4243362
17414275
17414275
17414275
17414275
17414275
11112287
11112288
11114164
14724018
14724139
4237790
4237968
4238508
4239080
4239280
4237628
4237866
4237981
4238349
4239126
11114129
11114129
11114129
11114129
11114129
4240057
4240069
4240309
4240425
4240057
4244968
4244968
4244968
4244968
4244968
4238042
4239447
4239471
4239942
4240334
14744606
14745171
17409719
14744606
14745171
17385035
17385035
17385035
17385035
17385035
4266726
8148443
4253109
14734081
14744630
851015
11111744
17415821
851015
11111744
17411412
17411412
17411412
17411412
17411412
14726111
14726111
14726111
14726111
14726111
17401972
17401972
17401972
17401972
17401972
14730359
14730359
14730359
14730359
14730359
849137
14745221
14745425
17402343
17416204
4252599
4254325
17410389
17411527
17416005
4248565
14726085
14726376
17409987
17412338
17406870
17406870
17406870
17406870
17406870
4237564
4239413
17410813
17411450
4237564
4252752
14740976
4252752
4252752
14740976
17412013
17412013
17412013
17412013
17412013
4246673
17401336
17403283
17406706
17408688
4252644
4252644
4252644
4252644
4252644
17410563
17410563
17410563
17410563
17410563
17402462
17402462
17402462
17402462
17402462
4249175
14731683
14745913
17411706
17411818
4241023
4241023
4241023
4241023
4241023
4237529
4237532
4238457
4238909
4239177
4252848
14723889
4252848
4252848
14723889
11112338
11112526
17406662
17413815
17413879
11111127
11111127
11111127
11111127
11111127
17402670
17414451
17402670
17402670
17414451
11111310
11111311
17408548
17408932
11111310
846286
11111783
14722158
17409387
17411028
4244619
14723942
14745001
4244619
14723942
17411219
17411219
17411219
17411219
17411219
17409897
17409897
17409897
17409897
17409897
3713399
14731297
17402250
17406862
3713399
11110971
14735328
14742291
11110971
14735328
843526
4239301
11111608
11113727
11113739
14726371
14744304
14726371
14726371
14744304
7973477
17414810
7973477
7973477
17414810
17401134
17402285
17402359
17401134
17402285
17415007
17416218
17415007
17415007
17416218
4246398
17401253
4246398
4246398
17401253
4254076
11111556
14723995
17402262
17402265
4237492
4238275
4237492
4237492
4238275
17413110
17413110
17413110
17413110
17413110
11114268
17411918
11114268
11114268
17411918
17403673
17415571
17415908
17403673
17415571
11114157
14741541
11114157
11114157
14741541
4242740
14745781
17411786
17413558
4242740
14727295
17412279
14727295
14727295
17412279
17414839
17414839
17414839
17414839
17414839
864048
11114036
17402206
864048
11114036
3715858
17388030
17407700
3715858
17388030
17410519
17410885
17415278
17416203
17410519
846035
4242937
14745761
17407126
846035
4238570
4238806
4239872
4239930
4240193
17403587
17403587
17403587
17403587
17403587
14723719
14723719
14723719
14723719
14723719
14726047
17406843
17412667
14726047
17406843
3716536
4254291
11112839
3716536
4254291
4242258
4245173
14742444
4242258
4245173
17412084
17412084
17412084
17412084
17412084
17413199
17413199
17413199
17413199
17413199
11112162
17411601
17412911
17413643
17415779
4237562
4238077
4238578
4238756
4239006
17408784
17411767
17415952
17408784
17411767
4252645
4253302
4253673
4254263
17414503
17406597
17408514
17406597
17406597
17408514
11111111
11111111
11111111
11111111
11111111
4239756
4239756
4239756
4239756
4239756
11113684
11113684
11113684
11113684
11113684
17411994
17413631
17411994
17411994
17413631
4237684
4237684
4237684
4237684
4237684
4254383
14741594
17410061
17413847
4254383
11112389
17408111
11112389
11112389
17408111
4244122
17414877
17416178
4244122
17414877
4239888
4239958
4240061
4253759
11110803
11114277
17401339
17413613
11114277
17401339
14724072
14724072
14724072
14724072
14724072
11111666
17388602
11111666
11111666
17388602
4253992
11114108
4253992
4253992
11114108
14730114
17407663
17408962
14730114
17407663
11111879
14736080
17411107
11111879
14736080
11112408
11112408
11112408
11112408
11112408
860508
14723867
17403298
860508
14723867
4242076
4252871
14732942
17406860
17407074
4239760
4240229
17410350
4239760
4240229
14727180
14727180
14727180
14727180
14727180
4253825
17401471
17402744
17407053
17407250
4239051
4239797
11111702
4239051
4239797
4238859
4240359
14744761
17414538
17415336
11112165
11114128
11112165
11112165
11114128
14734978
17407448
14734978
14734978
17407448
4245647
14726103
14742110
17401483
4245647
7977052
17402229
17406729
17406794
7977052
17402237
17402237
17402237
17402237
17402237
11114135
11114135
11114135
11114135
11114135
4239507
14744985
17401422
4239507
14744985
4240797
4240797
4240797
4240797
4240797
11111769
17414787
11111769
11111769
17414787
11111477
4237969
4239625
17387648
17403287
843293
847614
851660
4253060
14723707
17409107
17409107
17409107
17409107
17409107
14741041
14741041
14741041
14741041
14741041
17409334
17409334
17409334
17409334
17409334
14723935
14727239
14735180
17403270
17410072
4237474
4237781
4237812
4238007
4238064
14729372
14742200
17401135
17401158
17401428
14733073
14733073
14733073
14733073
14733073
17409454
17415949
17409454
17409454
17415949
14731511
17407085
17413671
17414962
17416057
4249467
11112516
11114028
4249467
11112516
14734435
14734435
14734435
14734435
14734435
11111882
4251435
17402394
17406617
17411479
4237829
4237971
4238114
4238421
4239705
4253419
17410037
4253419
4253419
17410037
17415931
17415931
17415931
17415931
17415931
11110952
17402314
11110952
11110952
17402314
14744499
17409119
14744499
14744499
17409119
11111107
14745859
11111107
11111107
14745859
4253146
14741276
4253146
4253146
14741276
4238646
4238826
4238832
4239251
4253859
4249123
11114231
17409779
4249123
11114231
11114065
11114065
11114065
11114065
11114065
4253984
17406780
4253984
4253984
17406780
11111740
14723907
11111740
11111740
14723907
4238247
4238895
4238247
4238247
4238895
14732936
17407826
17409853
14732936
17407826
14745147
17402607
17402758
14745147
17402607
4251655
14742432
14744976
17411175
4251655
14744590
14744590
14744590
14744590
14744590
4253902
7973242
11114097
14724163
14726414
17409647
17409647
17409647
17409647
17409647
4245246
17403050
4245246
4245246
17403050
17402542
17406732
17406734
17406985
17402542
7973497
7977532
14744673
7973497
7977532
11112680
11112695
11112744
11112813
17410217
11114115
14745959
17409885
11114115
14745959
17402161
17402161
17402161
17402161
17402161
4252680
4252862
4253114
17409787
17414691
4239264
14732899
17413282
17414933
17415251
4238113
4238250
4238388
4238407
4238704
7977873
17402405
17406915
17408845
7977873
848623
4252548
17387566
17402667
17413563
3714911
4250031
11112737
17388000
17412216
859733
14741236
859733
859733
14741236
11111232
11111232
11111232
11111232
11111232
11112384
11112384
11112384
11112384
11112384
17409843
17411608
17409843
17409843
17411608
4249054
14742081
4249054
4249054
14742081
17401408
17401408
17401408
17401408
17401408
17414561
17414561
17414561
17414561
17414561
11112244
11112245
11112246
11112907
14727156
14723152
17402419
17414329
14723152
17402419
14740836
14742193
14740836
14740836
14742193
4238835
11113692
14742364
17409970
4238835
11111826
11113968
11111826
11111826
11113968
14741026
14741027
14741026
14741026
14741027
14732917
17402754
14732917
14732917
17402754
4247608
4247608
4247608
4247608
4247608
17407046
17407958
17407046
17407046
17407958
4252697
14724132
4252697
4252697
14724132
4253718
11113863
17410598
17412181
17415377
4253027
4253664
11113971
17409453
17410375
11114062
11114069
11114062
11114062
11114069
14736953
14736953
14736953
14736953
14736953
846175
17385115
17416021
846175
17385115
11111076
11111076
11111076
11111076
11111076
4238743
4239935
4239959
14745429
17402867
4248127
4248127
4248127
4248127
4248127
14723964
14723964
14723964
14723964
14723964
17411839
17411839
17411839
17411839
17411839
17387488
17387488
17387488
17387488
17387488
4247636
17406964
4247636
4247636
17406964
11112355
14741575
11112355
11112355
14741575
4239559
14740761
4239559
4239559
14740761
4248694
4253381
4253946
4248694
4253381
4253700
4253700
4253700
4253700
4253700
11111810
11112574
11111810
11111810
11112574
11111890
11111890
11111890
11111890
11111890
845859
14726301
14743165
845859
14726301
3711919
4252773
14724121
17403585
17412989
14727215
17408777
17415132
14727215
17408777
4238784
4238785
4239427
4239528
4240353
14740471
17410247
14740471
14740471
17410247
14727285
17406864
17416066
14727285
17406864
4238160
4239222
4239394
4248274
14736471
843808
849814
4252494
17409863
843808
14745872
17411391
14745872
14745872
17411391
17402391
17402391
17402391
17402391
17402391
4238771
11111220
11114146
4238771
11111220
17402570
17412855
17413412
17402570
17412855
4253855
17387622
4253855
4253855
17387622
17403543
17403543
17403543
17403543
17403543
11112912
11112912
11112912
11112912
11112912
17402148
17406874
17408310
17409607
17411235
14742967
14742967
14742967
14742967
14742967
4253863
4253863
4253863
4253863
4253863
4246741
14740633
17406577
17414312
17414334
844782
11113674
17406974
844782
11113674
14744620
17414702
14744620
14744620
17414702
17402883
17412197
17402883
17402883
17412197
4253716
17403371
17408078
17410005
17412945
11111317
4237487
4238764
4239776
4239839
4241082
4242508
17401456
17411388
4241082
842319
14741373
17406743
842319
14741373
14725997
17403168
14725997
14725997
17403168
14734341
17413045
17414215
14734341
17413045
14741197
17411924
17415568
14741197
17411924
11111895
17403634
11111895
11111895
17403634
4251500
4253321
4253912
14727090
14730458
4252855
4254339
11111553
11114220
17407522
14723715
17409809
14723715
14723715
17409809
4238850
17412918
4238850
4238850
17412918
861921
4238102
4238116
4238243
4238668
17406609
17407468
17416322
17406609
17407468
4237475
4237493
4237572
4237729
4237913
17406754
17406754
17406754
17406754
17406754
4244887
4251279
14734020
14735326
4244887
4237521
4237782
4237859
4237883
4238615
17401191
17413238
17401191
17401191
17413238
11113129
14723852
11113129
11113129
14723852
862915
4244229
14726294
14740975
14743484
11111164
11111164
11111164
11111164
11111164
4248944
4252511
11114238
4248944
4252511
4241710
17409248
4241710
4241710
17409248
8142800
8142810
8142821
4248345
4254292
4253626
17416085
4253626
4253626
17416085
845245
3717932
14744735
17402353
17407098
4243770
14731453
4243770
4243770
14731453
4252460
4253415
17414642
4252460
4253415
4237489
4237589
4237982
4238344
4238943
11114027
11114027
11114027
11114027
11114027
14726317
17411392
14726317
14726317
17411392
17408925
17408925
17408925
17408925
17408925
4244219
14738621
17412864
4244219
14738621
11112769
14726356
14740972
11112769
14726356
861945
4245443
14742810
861945
4245443
14744595
17406815
17414924
14744595
17406815
4237518
4238195
4239411
4239600
4239792
14726342
14742819
17387993
17401324
17402169
17403413
17403492
17412069
17403413
17403492
17386133
17409042
17386133
17386133
17409042
8142799
14742257
8142799
8142799
14742257
863831
4254073
863831
863831
4254073
4247785
4252536
14741601
17410240
4247785
864407
17414315
864407
864407
17414315
17413703
17413703
17413703
17413703
17413703
11114117
11114117
11114117
11114117
11114117
17410361
17410361
17410361
17410361
17410361
861468
4240297
14723684
14727157
17411347
17415155
17415155
17415155
17415155
17415155
17415638
17415638
17415638
17415638
17415638
4238315
4238315
4238315
4238315
4238315
4241218
14737074
4241218
4241218
14737074
4245895
4252840
4252856
4253000
4253630
17406781
17406932
17406781
17406781
17406932
14735716
17408079
17412001
17412978
14735716
4252675
4252675
4252675
4252675
4252675
8142805
11112395
17403391
17416122
8142805
4254420
11114132
4254420
4254420
11114132
4247510
4247510
4247510
4247510
4247510
4266742
4248559
4254019
17406592
17406664
14727273
17411477
14727273
14727273
17411477
17387971
17403312
17411248
17387971
17403312
4240197
4240197
4240197
4240197
4240197
17408796
17408796
17408796
17408796
17408796
4248463
4248990
17385732
17407395
4248463
4239075
14745220
4239075
4239075
14745220
11111322
11111349
11111468
11111484
11112767
11113469
11113469
11113469
11113469
11113469
4242394
17401870
17406839
17410086
4242394
17401146
17408869
17414714
17401146
17408869
864212
4243278
14724158
14734768
17401351
11111983
17416282
11111983
11111983
17416282
4246313
11111533
11112613
14744693
17406570
11112166
14740175
17414427
11112166
14740175
4254170
4254170
4254170
4254170
4254170
17402961
17402961
17402961
17402961
17402961
17407949
17407949
17407949
17407949
17407949
11111345
17412887
11111345
11111345
17412887
17409009
17409961
17409009
17409009
17409961
17416115
17416115
17416115
17416115
17416115
7973139
17403185
17412020
17413909
17415641
17413178
17413178
17413178
17413178
17413178
4237662
4238045
4240025
4248772
14734961
17406858
17412108
17406858
17406858
17412108
11111146
11111146
11111146
11111146
11111146
4252796
4252796
4252796
4252796
4252796
860163
860163
860163
860163
860163
7977090
17403303
17408882
17413090
7977090
3712355
4237673
4239604
4239757
4239790
11114122
11114122
11114122
11114122
11114122
850554
17387540
850554
850554
17387540
17406880
17415246
17406880
17406880
17415246
848874
4238267
4238827
4240420
14739742
14734105
14734105
14734105
14734105
14734105
14743138
17406914
14743138
14743138
17406914
17402943
17408612
17402943
17402943
17408612
4237579
4237894
4237919
4238069
4238855
14739733
14742054
14743379
14739733
14742054
4252740
11112541
17403468
17412850
4252740
7972667
17401137
17406673
17409250
17410600
14745448
14745448
14745448
14745448
14745448
14722149
14736520
14742454
14742457
17410639
846659
4243208
11112403
17413121
17414896
17411192
17411192
17411192
17411192
17411192
4240592
14724096
14744661
14745112
17402075
14737572
17408999
14737572
14737572
17408999
4253717
4253717
4253717
4253717
4253717
4245266
14723910
14727238
14734431
14737573
4254398
17410497
17412027
4254398
17410497
11111300
11111300
11111300
11111300
11111300
11113952
17410990
11113952
11113952
17410990
14741576
14742293
17414121
14741576
14742293
4239175
4240011
14742116
17387627
17408761
17409389
17409389
17409389
17409389
17409389
14739976
17401117
17401206
17410838
14739976
11110686
17387742
17387828
17402350
17402959
17410006
17414304
17410006
17410006
17414304
17415910
17415910
17415910
17415910
17415910
4247932
14740859
14741011
4247932
14740859
11114043
14732472
17410378
17416250
11114043
4266756
14737060
4266756
4266756
14737060
11114190
11114190
11114190
11114190
11114190
