26753175
26753175
26753175
26753175
26753175
26754185
17385041
26754185
26754185
17385041
4240392
11110962
4240392
4240392
11110962
11112744
11112744
11112744
11112744
11112744
4237521
4237730
4237956
4238926
4238958
4240389
4249916
17410600
4240389
4249916
4238546
4239273
4239293
4239309
4239673
11113544
11113544
11113544
11113544
11113544
11114152
17389298
4237821
4238852
4241113
14735336
17412632
14735336
14735336
17412632
17389717
11111859
17389717
17389717
11111859
14722207
14744557
17416023
14722207
14744557
4238468
17411371
4238468
4238468
17411371
7973477
7975125
17414810
7973477
7975125
11113692
11113692
11113692
11113692
11113692
14735008
14735008
14735008
14735008
14735008
4237592
11110760
4237592
4237592
11110760
4238862
4238866
4238862
4238862
4238866
863580
863580
863580
863580
863580
26749866
26754248
4252115
17407331
26749866
11114130
11114131
17402301
17402652
11114130
4239777
4239777
4239777
4239777
4239777
11114251
14741338
17406681
17413156
11114251
14726341
14726341
14726341
14726341
14726341
4237845
4237847
4237869
4238033
4238172
26752709
26752709
26752709
26752709
26752709
26754015
26754015
26754015
26754015
26754015
17389865
26749630
17389865
17389865
26749630
4242608
4243237
4249803
4242608
4243237
4237571
4237604
4237975
4238402
4238531
26752692
26752711
26752692
26752692
26752711
4238124
4238124
4238124
4238124
4238124
855658
26749254
26749305
26749983
26754368
26749456
4240531
4245285
26749456
4240531
4245908
14731968
4245908
4245908
14731968
26753868
26751240
26751241
26751242
26751259
855757
17388829
26748322
855757
17388829
11113982
14737475
11113982
11113982
14737475
26749372
26749373
26749374
26749375
26749376
14740286
14740286
14740286
14740286
14740286
4245749
4249498
4251688
4245749
4249498
4251248
4251248
4251248
4251248
4251248
4252268
14727071
4252268
4252268
14727071
17388663
17389521
26749350
17388663
17389521
4248974
11111733
11113929
14737416
4248974
14731219
17412605
17415930
14731219
17412605
17408775
17408937
17408775
17408775
17408937
26749994
26750053
26752592
4242495
17402531
11114118
11114118
11114118
11114118
11114118
26753854
26753864
26753866
26753874
26753875
4248772
4248772
4248772
4248772
4248772
4239722
4239897
4239919
4240304
4239722
4242299
4242299
4242299
4242299
4242299
4245173
4245173
4245173
4245173
4245173
17389858
17389858
17389858
17389858
17389858
11111312
11112711
17410029
11111312
11112711
4238039
4238315
4239881
4238039
4238315
4237593
4238959
4237593
4237593
4238959
26754354
26754357
26754354
26754354
26754357
11111502
11111502
11111502
11111502
11111502
17389451
26749241
17389451
17389451
26749241
17385379
17389076
17390047
11114260
17385379
4238706
4238718
4239515
4239724
4240241
11114182
11114182
11114182
11114182
11114182
17407349
17407949
17407349
17407349
17407949
4237905
4239220
4239352
4240382
4240423
26753179
4239872
17402542
26753179
4239872
4237506
4238352
4238702
4239334
4240063
7975336
7975336
7975336
7975336
7975336
11113569
11113569
11113569
11113569
11113569
4249581
14740837
4249581
4249581
14740837
4237529
4237812
4238205
4239134
4239492
4237486
4237491
4237823
4237858
4237932
4242934
4249311
14740345
4242934
4249311
11113684
11113699
11113684
11113684
11113699
11111867
11111918
14745303
11111867
11111918
26749562
26749782
11111750
14745786
26751245
4239757
4239757
4239757
4239757
4239757
4246238
14743898
4246238
4246238
14743898
4237487
4237993
4238044
4238121
4238814
4241150
4241150
4241150
4241150
4241150
11111292
17387621
11111292
11111292
17387621
14738820
14738820
14738820
14738820
14738820
26754343
11113347
26754343
26754343
11113347
11114423
4237769
4237809
4239071
4239718
4240609
4240609
4240609
4240609
4240609
862646
862646
862646
862646
862646
17385574
4249574
17385574
17385574
4249574
4238594
4238991
4239490
4238594
4238991
861075
862116
4240589
4247361
4247554
17389243
17389243
17389243
17389243
17389243
11114021
17411110
11114021
11114021
17411110
4246248
17410028
4246248
4246248
17410028
11114202
11114202
11114202
11114202
11114202
4251714
14742346
17412108
4251714
14742346
26753552
851303
11113952
11114007
17406915
26753256
26753546
26753256
26753256
26753546
11114438
11114491
11114438
11114438
11114491
17407130
17407130
17407130
17407130
17407130
17402746
17402992
17402746
17402746
17402992
26754060
17411914
26754060
26754060
17411914
17389219
17389219
17389219
17389219
17389219
849465
14726082
17414210
849465
14726082
861468
865820
861468
861468
865820
14738044
17403498
14738044
14738044
17403498
17385033
11111810
17385033
17385033
11111810
11114500
11114508
11114500
11114500
11114508
14741617
14745522
14741617
14741617
14745522
4237497
4237749
4237780
4237807
4237840
17415914
17415914
17415914
17415914
17415914
17385345
26752669
26752681
11114256
17385345
14727157
14744336
14727157
14727157
14744336
26749950
26750034
11114028
17402620
17403382
4237783
4238735
4238884
4239207
4239485
4238064
4238230
4238650
4238810
4239507
17389478
4253776
17389478
17389478
4253776
26749493
26749508
26749514
26749685
26750044
4237915
4239916
11111002
11113564
4237915
26753277
4238875
4239677
4240053
14741129
14724134
14741011
14742019
17414051
14724134
11114146
11114146
11114146
11114146
11114146
26749780
26749780
26749780
26749780
26749780
17385388
17385504
17385513
17385544
17385571
11111727
11111727
11111727
11111727
11111727
4254242
14724124
14734961
14741471
17406763
4238636
4238636
4238636
4238636
4238636
4248726
4248726
4248726
4248726
4248726
14724079
14724079
14724079
14724079
14724079
3715479
3715479
3715479
3715479
3715479
26749367
26749970
26749367
26749367
26749970
4238118
4238746
4239406
4239579
4240204
26753961
26753961
26753961
26753961
26753961
4244564
14744641
14744673
14744868
4244564
14726033
14734490
14744695
17387510
17406779
862915
4247785
862915
862915
4247785
14741391
17409914
14741391
14741391
17409914
26753848
26753858
26753879
847691
4242076
4238038
4238439
4238803
4238038
4238439
4237846
4237930
4238271
4238489
4238780
4237702
4237791
4238397
4239158
4239446
4238337
4238971
17403679
17407819
4238337
26753878
26753878
26753878
26753878
26753878
4249088
4249088
4249088
4249088
4249088
4244568
14741084
14742110
14745131
17403585
4240530
4240530
4240530
4240530
4240530
14743075
14743075
14743075
14743075
14743075
3712535
3712535
3712535
3712535
3712535
4238950
4240044
4240049
4253432
17415249
11114065
11114065
11114065
11114065
11114065
11110992
11111890
11113487
11110992
11111890
26753951
26753985
14722903
26753951
26753985
14740296
14745294
17402670
17408901
14740296
4239431
4239960
11113999
17402532
17409084
4254200
4254200
4254200
4254200
4254200
855694
17388746
11111743
11114106
855694
11111364
14726064
11111364
11111364
14726064
3713065
11111845
3713065
3713065
11111845
11111894
11113323
11113600
17385064
17385332
26754055
26754055
26754055
26754055
26754055
4241218
4241218
4241218
4241218
4241218
4247316
14727179
14744595
17407509
4247316
17401454
17401454
17401454
17401454
17401454
14744051
17408652
14744051
14744051
17408652
846772
4240779
17411641
17413857
17414787
11114437
11114450
11114453
14743492
11114437
11114485
11114485
11114485
11114485
11114485
4237489
4237585
4237589
4237936
4237964
14737255
17406785
17414969
14737255
17406785
26752686
4237829
4238114
4238469
4238791
4248659
11113641
14742830
4248659
11113641
26753597
26753623
863831
4241369
26753597
4238679
4239901
4240263
4238679
4239901
17410246
17410246
17410246
17410246
17410246
11111041
17411269
17411504
11111041
17411269
11111728
11111774
17406893
17410310
11111728
14735525
14735525
14735525
14735525
14735525
17388888
17388904
26752733
17401322
17388888
11111164
11111164
11111164
11111164
11111164
17385365
17385369
17385582
11113698
17413228
4253263
4253263
4253263
4253263
4253263
14741693
17401963
14741693
14741693
17401963
4237866
4238368
4254288
4237866
4238368
4237687
4237982
4239256
4240119
17402677
11114456
4238201
4238766
4238948
11114456
11111215
11111216
11111215
11111215
11111216
26753254
847355
4248885
14741458
26753254
4254307
11111311
11111895
11114091
11114225
4237478
4237482
4237716
4238079
4238137
11112729
11114097
14724068
14737570
17385044
4244784
14727223
17409327
17412216
4244784
4237747
4239451
4237747
4237747
4239451
14745005
17384880
17384910
17384934
17384938
4241094
4248573
4241094
4241094
4248573
17387920
17387920
17387920
17387920
17387920
848762
848762
848762
848762
848762
11113511
11113511
11113511
11113511
11113511
14722655
14745011
17409841
17412853
14722655
11114454
14737258
11114454
11114454
14737258
17384905
17412880
17384905
17384905
17412880
17389809
4239734
17411450
17416180
17389809
4238960
14740471
14744640
14745309
17413076
26753610
4238498
4239645
26753610
4238498
11111948
11111948
11111948
11111948
11111948
26749106
11112869
14724135
26749106
11112869
4238239
4238239
4238239
4238239
4238239
4252146
4252146
4252146
4252146
4252146
17385360
17385360
17385360
17385360
17385360
4240115
14741109
17408805
4240115
14741109
4237892
4238497
4238698
4246819
4249223
4246050
4246050
4246050
4246050
4246050
26748455
26753229
11112824
17385070
26748455
26752624
26752624
26752624
26752624
26752624
4237563
4239130
14729949
4237563
4239130
4238662
4244940
14727249
4238662
4244940
14745177
17413542
14745177
14745177
17413542
17388674
14744392
17388674
17388674
14744392
17389919
11112132
17389919
17389919
11112132
17385077
17408416
17385077
17385077
17408416
26753987
14723731
14726316
17385078
26753987
26752664
26752664
26752664
26752664
26752664
11114049
14740425
17387919
17412974
11114049
26753213
26753213
26753213
26753213
26753213
4237474
4237693
4237726
4238123
4238578
11111058
11114107
11111058
11111058
11114107
4252229
14745166
17406908
4252229
14745166
26750794
26750794
26750794
26750794
26750794
4250513
14724146
17409754
17414902
17415751
17389996
11111666
11112338
17401153
17389996
26748098
11113916
17387788
17410395
26748098
855541
26750011
855541
855541
26750011
11112680
17406870
11112680
11112680
17406870
26754079
11111098
26754079
26754079
11111098
17388779
17388779
17388779
17388779
17388779
11114467
11114490
11114502
11110934
14743586
4253608
4253608
4253608
4253608
4253608
26753990
26753990
26753990
26753990
26753990
17413720
17413720
17413720
17413720
17413720
26751062
26751062
26751062
26751062
26751062
843632
4246742
14724169
843632
4246742
11114398
11114410
11114398
11114398
11114410
17389841
26748944
26754385
11112856
11114123
4248690
14732937
17411744
17413250
4248690
4250068
17387640
17408479
17408878
17410086
866021
866021
866021
866021
866021
14742172
14742172
14742172
14742172
14742172
14726036
14730073
14726036
14726036
14730073
4245312
4245312
4245312
4245312
4245312
17403467
17415836
26750975
17403467
17415836
3714089
4237684
11111776
14726294
14744658
14741578
17385134
17385308
17385330
14741578
4238247
4238895
4240333
17410027
4238247
26754113
14744383
17413693
26754113
14744383
4241373
4243337
4245292
17387758
17412608
4237661
4239984
4237661
4237661
4239984
4237795
4239145
4239380
4239671
4240467
11113996
11113996
11113996
11113996
11113996
4237570
4237609
4237631
4237632
4237705
11111843
14743242
14744742
17384896
11111843
4240963
14739743
4240963
4240963
14739743
3715599
4250052
14723915
14744528
3715599
11111744
11111744
11111744
11111744
11111744
26749709
4244229
17414179
17414503
26749709
4238077
4238503
4239006
17408020
17410509
17385500
17385523
17385541
17385545
17385563
4248818
17402488
17414626
4248818
17402488
14738197
14738197
14738197
14738197
14738197
14732159
14743558
14745853
17401342
17407395
14743252
14743253
14744761
14745221
14743252
11111319
14743378
14745998
11111319
14743378
862310
3714119
17415332
862310
3714119
4237666
4237859
4237876
4238730
4239322
4250100
17385312
4250100
4250100
17385312
14726368
14726368
14726368
14726368
14726368
26752507
14732883
17385072
17385081
17409746
26754437
846619
4237868
26754437
846619
14744800
14744800
14744800
14744800
14744800
4253693
17409531
4253693
4253693
17409531
11112840
11113904
11112840
11112840
11113904
4237836
4238223
4238646
4238708
4238830
14735679
17403050
14735679
14735679
17403050
4240786
4240786
4240786
4240786
4240786
11111835
11111835
11111835
11111835
11111835
26749980
11112355
26751142
26749980
11112355
858595
4240369
858595
858595
4240369
7974448
7974448
7974448
7974448
7974448
17409944
17409944
17409944
17409944
17409944
4240150
4240235
17408440
4240150
4240235
4238581
4239170
4238581
4238581
4239170
4250667
17414771
4250667
4250667
17414771
4252862
4252896
4253176
11110835
4252862
4242281
4251422
4242281
4242281
4251422
4253803
11114163
4253803
4253803
11114163
4251197
14723744
4251197
4251197
14723744
17385407
852761
4238487
17385407
852761
17385376
17385377
14743665
17385376
17385377
4239037
4237634
4237699
4238375
4238404
17385398
17385431
17387577
17414436
17385398
26752665
17387742
26752665
26752665
17387742
17385050
861921
4238136
4238865
4239052
4241952
4243278
4241952
4241952
4243278
17410292
17412035
17412145
17413794
17414146
26754436
4238713
4239469
4239646
4240236
4237804
14738954
17408724
4237804
14738954
845652
845813
3712461
4245211
14740674
17389019
11111107
17389019
17389019
11111107
26749478
17387759
17413309
17413530
26749478
14722468
14722468
14722468
14722468
14722468
11111769
26752517
26752553
4238377
4239738
858631
14745114
858631
858631
14745114
4237971
4238421
17401374
17409810
17410350
11112887
11112887
11112887
11112887
11112887
4237981
4238259
4238613
4239790
4240127
11112695
17409707
11112695
11112695
17409707
4237965
4239285
4240408
4237965
4239285
26747225
26754352
11111321
26747225
26754352
4241688
17385056
17385080
17408574
4241688
11112827
14737375
11112827
11112827
14737375
855643
26749560
855643
855643
26749560
4253269
17415121
4253269
4253269
17415121
17414298
17414298
17414298
17414298
17414298
14732645
17403177
14732645
14732645
17403177
851770
17407542
17408161
17408977
851770
26749452
26749806
26749452
26749452
26749806
14744996
14744996
14744996
14744996
14744996
17402124
17410177
17402124
17402124
17410177
4237735
11114268
4237735
4237735
11114268
11114551
14722666
11114551
11114551
14722666
26753948
26753964
26753980
26753998
26753948
26753159
26753159
26753159
26753159
26753159
17412628
17413572
17415041
17412628
17413572
14740730
14740730
14740730
14740730
14740730
11114135
17408254
17413694
11114135
17408254
11113386
11113386
11113386
11113386
11113386
26749589
26749591
26750002
26754236
26749589
17385341
17385341
17385341
17385341
17385341
17385370
17385399
4243947
4248530
11114194
14737247
14737247
14737247
14737247
14737247
4247959
4247959
4247959
4247959
4247959
17388853
26753272
4253705
17408167
17408559
3715280
4251450
14745128
3715280
4251450
4237532
4237894
4240073
11111220
17403429
4237974
4238878
4240587
14743213
4237974
17411210
17411210
17411210
17411210
17411210
26749590
26749599
11111193
11114148
26749590
4244593
4244810
4244593
4244593
4244810
4250954
11113514
4250954
4250954
11113514
4239551
4239793
4240324
4240345
4241903
4237985
4238112
4239139
4239401
14744365
11112882
11114140
11112882
11112882
11114140
11113832
14745073
14745330
14745937
17408974
26752699
26752699
26752699
26752699
26752699
14734425
14740175
17401262
17402440
17412042
3713398
17408490
17408679
17414839
3713398
865244
11111434
17411479
865244
11111434
26752331
26753297
4241555
4246203
4246428
11114452
11114458
11114503
26751059
11114452
3711343
3711343
3711343
3711343
3711343
17387584
17411477
17416121
17387584
17411477
4237498
4237580
4237931
4238147
4238347
17410108
17410108
17410108
17410108
17410108
3712357
3712357
3712357
3712357
3712357
11114151
11114151
11114151
11114151
11114151
14723675
17403456
14723675
14723675
17403456
17385352
17385353
17385413
17385418
17385588
4239447
14722168
4239447
4239447
14722168
4243056
4248987
14723800
4243056
4248987
3717960
4250462
14742054
3717960
4250462
4246970
17407958
17413356
4246970
17407958
4242640
17401294
17401450
17406699
17415018
17387581
17387651
17410570
17413940
17387581
17389232
17389826
17411867
17413117
17389232
17414086
17414086
17414086
17414086
17414086
26747890
26749363
26749392
26749420
26749424
864723
4238995
4239157
864723
4238995
4238999
4239306
4239763
4240101
17406569
4246162
4248144
11111964
14744777
4246162
17413199
17413199
17413199
17413199
17413199
4250124
4250124
4250124
4250124
4250124
17385320
17385320
17385320
17385320
17385320
4252558
11113601
17407936
17415066
4252558
11113834
11113834
11113834
11113834
11113834
14742220
14742220
14742220
14742220
14742220
4237540
7976196
4237540
4237540
7976196
4253902
17384868
17384939
17401471
17406609
11112643
11112643
11112643
11112643
11112643
14743091
14743091
14743091
14743091
14743091
26749552
17409186
26749552
26749552
17409186
7972667
14743319
7972667
7972667
14743319
14742578
17416367
14742578
14742578
17416367
26752424
26750982
26752424
26752424
26750982
843293
17410563
843293
843293
17410563
17385509
4243002
17406594
17407230
17385509
863479
863479
863479
863479
863479
4238806
4238946
4239155
4239161
4240109
11113691
14741662
11113691
11113691
14741662
4242266
14726324
4242266
4242266
14726324
26749914
11111297
11114144
26749914
11111297
861895
3712364
17387515
17411779
861895
26748907
11110686
17387667
17410628
17412139
4243770
4251336
4243770
4243770
4251336
14722575
14722575
14722575
14722575
14722575
4242830
4242830
4242830
4242830
4242830
861918
4240078
4240371
11111820
11113948
4241857
14727294
17412881
4241857
14727294
26747774
26747774
26747774
26747774
26747774
4249488
14745129
17406707
4249488
14745129
4242733
4244968
4246287
17412039
4242733
4237799
4237914
4239638
11111687
4237799
4242971
17401357
4242971
4242971
17401357
4249697
17402572
4249697
4249697
17402572
11114422
11114422
11114422
11114422
11114422
17387488
17414451
17387488
17387488
17414451
4242895
11111137
4242895
4242895
11111137
14722149
14722149
14722149
14722149
14722149
11113485
11113486
11113485
11113485
11113486
26748436
4247044
4248549
4250031
11112247
4237544
4237903
4238684
4238882
4239266
4248584
17406659
4248584
4248584
17406659
17407726
17407726
17407726
17407726
17407726
26750753
26750753
26750753
26750753
26750753
4249447
4250708
11113620
4249447
4250708
855800
17385583
4252684
14727076
17413642
26750854
26750854
26750854
26750854
26750854
4237709
4240057
4240353
4237709
4240057
4248305
11111349
17408890
4248305
11111349
11112868
11114100
11112868
11112868
11114100
17385416
17385420
17385428
17389944
17385416
17387677
17401311
17411978
17387677
17401311
26751233
26751278
26751296
26751233
26751278
26750922
26750922
26750922
26750922
26750922
3712414
4247459
3712414
3712414
4247459
4245533
4245533
4245533
4245533
4245533
14741663
17408514
14741663
14741663
17408514
14744458
17388362
17401241
17401869
17402807
845706
4242796
17414486
845706
4242796
17414104
17414104
17414104
17414104
17414104
14742146
17384952
17384953
17384989
17384990
17385036
17406970
17385036
17385036
17406970
4238203
14723179
14726414
17409192
17410504
11111374
11111374
11111374
11111374
11111374
14735459
17414880
14735459
14735459
17414880
17410903
17410964
17410903
17410903
17410964
17385542
17385546
17385569
17385542
17385546
4244375
4244375
4244375
4244375
4244375
17389921
17389942
17389921
17389921
17389942
17408944
17408944
17408944
17408944
17408944
17401166
17401166
17401166
17401166
17401166
26754338
26754342
26754426
11112376
11113520
4238622
4240145
4238622
4238622
4240145
26753943
26753977
26754001
17385142
17385153
4238745
4251706
4238745
4238745
4251706
11113576
11113577
14744969
11113576
11113577
17385378
14726407
14735331
17385378
14726407
14744991
17413490
17413822
14744991
17413490
4237704
4238786
4239126
4239944
4240086
14740797
14740797
14740797
14740797
14740797
26754372
11111779
26754372
26754372
11111779
4240286
11112408
4240286
4240286
11112408
852560
17402789
852560
852560
17402789
17385391
3717932
11114047
17385391
3717932
4237784
4238210
4238363
4239468
4239472
17389693
17389825
17413915
17389693
17389825
861546
4242540
4249823
17410364
17411527
4237633
4237635
4237773
4237782
4237802
11111949
11111949
11111949
11111949
11111949
11114433
11114451
11114455
11114472
11114486
26752561
26752607
7973139
26752561
26752607
14745866
17387655
14745866
14745866
17387655
14734880
14741012
14734880
14734880
14741012
14740875
14743381
26751175
14740875
14743381
14745894
17408531
14745894
14745894
17408531
17387872
17412197
17413019
17415612
17387872
14743165
14745316
14743165
14743165
14745316
4252874
4252894
14734081
17411151
17411476
4249967
14724108
14745850
17407471
4249967
17389896
11112635
11113646
17389896
11112635
843298
14745864
843298
843298
14745864
4240068
14722911
14744391
17415149
17415329
26752695
26752706
26752718
26752723
26752725
14734739
17413646
14734739
14734739
17413646
17385118
17385118
17385118
17385118
17385118
4242019
17413899
4242019
4242019
17413899
26749896
4252460
11113752
26749896
4252460
14743069
14745083
17415077
14743069
14745083
11110831
17415707
11110831
11110831
17415707
4240995
17409972
17414998
4240995
17409972
11114157
14734251
14742564
17384870
17384872
4238954
4254102
4238954
4238954
4254102
14731453
17416103
14731453
14731453
17416103
14739887
14739887
14739887
14739887
14739887
11111308
17416337
11111308
11111308
17416337
17407600
17410781
17407600
17407600
17410781
26750925
26750925
26750925
26750925
26750925
26750828
26750828
26750828
26750828
26750828
11112846
11114262
11112846
11112846
11114262
17390045
11112224
17390045
17390045
11112224
4237475
4238457
4238592
4238829
4238877
14734802
17407092
17413370
14734802
17407092
4246905
4251986
4252359
17412992
4246905
26753532
4239915
14725999
26753532
4239915
4237538
4237562
4237579
4238220
4238277
4237940
4238414
4238560
4238784
4238842
859914
4237673
14722190
14723770
859914
17402084
17402084
17402084
17402084
17402084
11114413
11114425
11114413
11114413
11114425
26753293
11114056
17413128
26753293
11114056
3712241
17408154
17408936
3712241
17408154
850865
4238853
17401972
850865
4238853
17413650
17413650
17413650
17413650
17413650
17388783
14724043
14724088
17387542
17412975
17388978
26753587
26754202
11111284
11111560
11113517
11113709
11113517
11113517
11113709
4243335
17407730
4243335
4243335
17407730
14738097
17384902
17384930
17409689
14738097
4242014
14742630
17406877
4242014
14742630
11111432
11112825
11113589
11113590
14735678
4249354
4252157
14745801
4249354
4252157
26753903
26753993
26753903
26753903
26753993
26753893
26754438
14739437
14743560
17385110
14742252
14742252
14742252
14742252
14742252
14738370
17385265
14738370
14738370
17385265
4241718
4244479
4248285
4249559
17402021
4253759
17414557
17415374
26750869
4253759
848576
848576
848576
848576
848576
4238074
4239667
17402067
4238074
4239667
844085
844085
844085
844085
844085
26750849
26750849
26750849
26750849
26750849
17385372
17385540
17384895
17385372
17385540
17385564
4238428
11111621
17385564
4238428
14723715
17409715
14723715
14723715
17409715
4245496
26750919
4245496
4245496
26750919
26752629
17413125
17413671
26752629
17413125
861762
17410096
861762
861762
17410096
14744434
14744434
14744434
14744434
14744434
17410895
17411588
17410895
17410895
17411588
3712953
3712953
3712953
3712953
3712953
11114219
11114219
11114219
11114219
11114219
14742112
14742116
14742112
14742112
14742116
4239135
4246497
7974447
14745347
4239135
17410274
17414208
17415055
26750795
17410274
4238828
14744594
4238828
4238828
14744594
26752600
4242702
14723724
17401417
17406650
14722657
14722657
14722657
14722657
14722657
4242606
17408265
4242606
4242606
17408265
14735082
14735082
14735082
14735082
14735082
26750990
26750990
26750990
26750990
26750990
4243198
17411388
4243198
4243198
17411388
17387789
17387789
17387789
17387789
17387789
14736170
17410015
14736170
14736170
17410015
843987
4241079
4242719
4250500
17401852
4238953
17384941
17384947
17384948
17384955
14727267
14727267
14727267
14727267
14727267
14722628
17413178
14722628
14722628
17413178
14732599
17402060
17407291
17410585
17413092
845245
17407203
17408438
17408439
17411797
11111076
11113783
11111076
11111076
11113783
17385061
17385061
17385061
17385061
17385061
17408728
17415246
17408728
17408728
17415246
4249017
17385060
17385129
17415955
4249017
17410013
17410013
17410013
17410013
17410013
26753856
26753922
26753856
26753856
26753922
11112859
11114264
11112859
11112859
11114264
14726408
14735677
14737064
17402316
14726408
26752344
26752698
26752344
26752344
26752698
17387540
17402362
17409139
17387540
17402362
4247136
17401127
17402297
17413005
4247136
4242948
4246015
4246659
4246722
14727206
17414881
17414881
17414881
17414881
17414881
3715149
4251191
14743565
14745067
3715149
4237772
4238567
4238757
4238923
4239965
17407100
17407100
17407100
17407100
17407100
7973987
14726045
14744639
17406713
7973987
4252050
17385135
17385155
17385289
4252050
14745314
14745314
14745314
14745314
14745314
4248214
4249854
4250895
4251093
14722148
4245624
4245624
4245624
4245624
4245624
17415898
17415898
17415898
17415898
17415898
26754122
4249561
26754122
26754122
4249561
4238179
4238617
4238774
4239193
4239249
4238528
4240883
17410087
17410089
4238528
17408288
17413988
17408288
17408288
17413988
26752337
26752501
26752727
26750871
26750888
14736725
14741004
14742269
17403132
17412954
17385446
17385446
17385446
17385446
17385446
11114269
11114269
11114269
11114269
11114269
14741018
14741648
17387498
17403580
14741018
14727064
17407250
14727064
14727064
17407250
7974907
14743822
7974907
7974907
14743822
4254203
17412218
4254203
4254203
17412218
17414877
17414877
17414877
17414877
17414877
14732942
17414824
14732942
14732942
17414824
4238966
4250079
4238966
4238966
4250079
17384914
17385085
17385115
17412013
17415436
4240592
17408431
4240592
4240592
17408431
26754078
14726321
26754078
26754078
14726321
17389253
17389253
17389253
17389253
17389253
14738549
17407067
17410679
14738549
17407067
26748904
11110752
26748904
26748904
11110752
14724099
17401467
14724099
14724099
17401467
14732079
14735049
14732079
14732079
14735049
26753917
26753917
26753917
26753917
26753917
14731450
17384873
17384903
17384906
14731450
14730359
17409787
17409939
17409970
14730359
17385511
14722202
14723746
16953101
17384887
17408495
17408495
17408495
17408495
17408495
17402410
17412032
17402410
17402410
17412032
855686
14742081
14745093
855686
14742081
11111206
17402077
17408904
17410568
17414365
17385095
17401421
17413221
17385095
17401421
17385392
14723925
17387903
17385392
14723925
4237758
4237893
4238061
4238570
4239928
14722650
17408845
14722650
14722650
17408845
4247570
4247570
4247570
4247570
4247570
11113873
17384969
17384978
17384992
17401377
16952805
17409107
17413699
16952805
17409107
14723910
14732562
17387968
17406793
17411650
7977783
14735239
7977783
7977783
14735239
848129
14723734
14743496
17413113
848129
17407513
17408677
17413093
17407513
17408677
17412925
17415611
17412925
17412925
17415611
11112126
17387853
11112126
11112126
17387853
861640
3711650
861640
861640
3711650
3713022
17410718
17414252
3713022
17410718
4252092
4252092
4252092
4252092
4252092
14726089
14726089
14726089
14726089
14726089
17389357
3717861
17389357
17389357
3717861
4238319
4239856
4240138
4240448
4246504
11112724
11112813
14724155
17414607
11112724
4240700
4241725
4246835
4240700
4241725
17384959
17414339
17384959
17384959
17414339
4245105
14726109
14744119
17384883
17384928
26753282
11114153
26753282
26753282
11114153
4239891
4240005
17413528
17414845
4239891
855764
4239296
11114240
17387900
17402131
17387641
17407094
17412023
17387641
17407094
4239590
7976966
4239590
4239590
7976966
26749544
26749842
4246897
26749544
26749842
17414967
17414967
17414967
17414967
17414967
4243302
14722637
14727086
14727211
14740859
26753276
4246179
17411421
26753276
4246179
4245647
14727323
14744655
17408396
4245647
4239149
17408602
17408980
4239149
17408602
4244876
4254170
17410940
4244876
4254170
860758
4241023
4248739
17401896
860758
14742740
14743146
17402029
17412861
17413115
14726111
17413567
14726111
14726111
17413567
4237612
4239545
4239908
4237612
4239545
3712474
4243588
14724121
14740121
14742483
4254358
4254358
4254358
4254358
4254358
4238344
4238349
4240064
4252714
4238344
4242675
17402336
4242675
4242675
17402336
17401531
17402526
17411347
17401531
17402526
17388475
17388475
17388475
17388475
17388475
14745263
14745263
14745263
14745263
14745263
17409999
17409999
17409999
17409999
17409999
11110730
11113469
11113499
11110730
11113469
4253419
4253419
4253419
4253419
4253419
26754435
858319
4254036
14723867
26754435
17385133
17385150
17385154
17385173
17385187
11111623
14737061
11111623
11111623
14737061
4249458
14723060
17413600
4249458
14723060
17401149
17408410
17401149
17401149
17408410
4242577
14735504
14743508
14745425
17408104
17414435
17415943
17414435
17414435
17415943
17409013
17409013
17409013
17409013
17409013
17385170
17413721
17385170
17385170
17413721
17385344
4251352
17385035
17385344
4251352
17402000
17402000
17402000
17402000
17402000
4253772
4253772
4253772
4253772
4253772
11111766
17402119
17413321
11111766
17402119
14739939
14739939
14739939
14739939
14739939
17385221
17385221
17385221
17385221
17385221
17413046
17413046
17413046
17413046
17413046
14730036
14737405
14730036
14730036
14737405
14741616
14745006
14741616
14741616
14745006
17385004
17385004
17385004
17385004
17385004
17409447
17410247
17411002
17409447
17410247
7973357
17387755
17402384
17409104
17416136
3715068
4245072
4248196
4249708
7976787
14741041
17414540
14741041
14741041
17414540
26753882
26753905
26753915
17385342
26753882
4238767
4239951
17403046
4238767
4239951
14744869
14744869
14744869
14744869
14744869
14736515
14741821
17401148
17408461
17413937
17412029
17413576
17412029
17412029
17413576
7977747
17387449
17387898
17403551
17406571
855935
17390052
11110796
855935
17390052
11114040
14723702
17407632
11114040
14723702
14741399
17414736
17415841
17415921
14741399
11113531
17413625
11113531
11113531
17413625
14734775
17408692
17408985
17409058
14734775
17385355
17385368
17385375
26752675
4251905
4245567
14744005
4245567
4245567
14744005
14744590
17401172
17411793
17415847
14744590
26753192
17407448
26753192
26753192
17407448
11111849
11114119
11111849
11111849
11114119
11110952
14722620
17410729
11110952
14722620
17406834
17406900
17406834
17406834
17406900
17385051
17385124
17385051
17385051
17385124
4244144
4251983
14742043
17409940
17412428
17410300
17410300
17410300
17410300
17410300
4254210
11111977
14743564
17411022
4254210
17408542
17413009
17415358
17408542
17413009
26753158
17402417
26753158
26753158
17402417
26750037
26750055
26750065
26754439
26754440
847058
861833
3711555
4246588
4248419
26754086
26754112
17401212
26754086
26754112
14745389
14745389
14745389
14745389
14745389
4238796
4239251
4239524
4240338
4238796
4253872
17401408
17412872
4253872
17401408
26754041
26754041
26754041
26754041
26754041
4248304
14735328
14745240
17411743
17414691
860207
14723726
14740359
14744614
14744854
17401693
17401693
17401693
17401693
17401693
11111376
11111376
11111376
11111376
11111376
17414338
17414338
17414338
17414338
17414338
11111547
11112789
11111547
11111547
11112789
17385256
17385274
17385256
17385256
17385274
3714713
17414140
3714713
3714713
17414140
26752464
26752464
26752464
26752464
26752464
4241710
4248128
4248274
17384998
17408178
14736646
17402213
14736646
14736646
17402213
26752442
17385157
26752442
26752442
17385157
14745317
14745317
14745317
14745317
14745317
14741538
14741538
14741538
14741538
14741538
4240129
4240384
17403082
4240129
4240384
11113967
14722941
17387443
11113967
14722941
14745001
14745001
14745001
14745001
14745001
4237918
4238589
4241630
4237918
4238589
17385457
11114220
17387522
17403264
17409280
17402755
17402755
17402755
17402755
17402755
17387731
17416244
17387731
17387731
17416244
17407837
17408211
17407837
17407837
17408211
17412894
17412894
17412894
17412894
17412894
17415927
17415927
17415927
17415927
17415927
26754349
859949
4248861
4251889
7977391
17406806
17406806
17406806
17406806
17406806
14737450
17407522
17416017
14737450
17407522
4239544
4239544
4239544
4239544
4239544
26749468
11111892
26749468
26749468
11111892
11111370
11111370
11111370
11111370
11111370
4240670
4242585
17385084
17385128
17407707
14741262
17409294
14741262
14741262
17409294
860968
17385310
860968
860968
17385310
850283
17401140
17401468
17408929
850283
4248417
4254146
11114259
17413948
17416236
17385101
17385117
17385101
17385101
17385117
4238076
4238334
4238356
4238638
4238714
4247838
11110832
17387610
4247838
11110832
11113872
17411529
11113872
11113872
17411529
26754025
17384884
17384922
17384957
17384958
4248167
4248167
4248167
4248167
4248167
26753605
11114054
26753605
26753605
11114054
11114022
11114235
11114022
11114022
11114235
26754260
26754260
26754260
26754260
26754260
17411893
17413738
17414685
17411893
17413738
26750997
26750997
26750997
26750997
26750997
847676
17414111
847676
847676
17414111
26752697
17411932
26752697
26752697
17411932
4251736
14727318
4251736
4251736
14727318
17401936
17410726
17401936
17401936
17410726
26751239
26751257
26751239
26751239
26751257
17410552
17410552
17410552
17410552
17410552
14723790
14723790
14723790
14723790
14723790
4237966
4238843
4240540
4241521
4245288
4237753
14741009
14744477
14744552
17401281
26753884
26753884
26753884
26753884
26753884
17413573
17413573
17413573
17413573
17413573
26749476
14744173
26749476
26749476
14744173
4237663
4241754
4248986
4249121
4250705
4249453
14745531
4249453
4249453
14745531
14727063
14737451
17406653
14727063
14737451
4247768
4248944
11113852
11114063
4247768
4243013
14722649
14745116
4243013
14722649
17402346
17402346
17402346
17402346
17402346
855954
26754121
14738495
17401845
17402359
11110852
11112721
17414894
11110852
11112721
4248194
4248194
4248194
4248194
4248194
17414300
17415185
17414300
17414300
17415185
4254144
17403543
17415896
4254144
17403543
14745074
17406895
17414371
14745074
17406895
4245981
14745230
17415638
4245981
14745230
14740895
14740895
14740895
14740895
14740895
4237567
4238007
4238183
4238329
4238513
26749145
26749145
26749145
26749145
26749145
17403479
17410614
17416145
17403479
17410614
17413208
17413208
17413208
17413208
17413208
14744659
14744659
14744659
14744659
14744659
17416091
17416091
17416091
17416091
17416091
17408611
17411059
17408611
17408611
17411059
861899
4238049
14734842
17402429
17410437
17414069
17414069
17414069
17414069
17414069
14722081
14723683
17407857
14722081
14723683
14741624
17406815
14741624
14741624
17406815
17410278
17410278
17410278
17410278
17410278
17408630
17409007
17408630
17408630
17409007
11111919
11111919
11111919
11111919
11111919
11111142
4253409
17403634
11111142
4253409
11111322
14737474
17409316
11111322
14737474
4237841
4238160
4239222
4239968
4240018
4238306
4238611
4238748
4239849
4239890
855894
17411147
855894
855894
17411147
4248295
17413077
17413491
4248295
17413077
14745099
14745099
14745099
14745099
14745099
851134
851134
851134
851134
851134
17385456
4241126
4250265
14722171
17384973
17390046
17390046
17390046
17390046
17390046
26748952
17385301
17385339
26748952
17385301
3712493
3715559
4250303
14726726
14727198
3712355
14722569
14722619
14744404
3712355
848731
4245472
17401183
17401472
848731
17385138
17385188
17385192
17385234
17385236
11114005
11114080
11114005
11114005
11114080
17388710
17402116
17402151
17402164
17388710
17387896
17415007
17387896
17387896
17415007
14745696
17402285
14745696
14745696
17402285
14723186
17412856
14723186
14723186
17412856
11111244
11111327
17414642
11111244
11111327
14741127
17409365
17415514
14741127
17409365
17407826
17407826
17407826
17407826
17407826
17385333
17406953
17385333
17385333
17406953
14740813
14740814
17408317
14740813
14740814
11113693
11113693
11113693
11113693
11113693
17389044
26752734
861425
4246827
11114276
17413746
17413746
17413746
17413746
17413746
4243385
14739744
17408960
4243385
14739744
4239637
4239925
4249966
14731969
4239637
14744642
14745962
14744642
14744642
14745962
26749216
26754132
26749216
26749216
26754132
26753847
26753855
26753859
26753863
26753865
11114161
17385130
17385143
17385147
17385161
4246879
14726400
14733929
17412059
4246879
4245204
11111368
17407485
4245204
11111368
26752365
26750983
26752365
26752365
26750983
17415293
17415293
17415293
17415293
17415293
17409648
17409648
17409648
17409648
17409648
4238703
17410001
4238703
4238703
17410001
4238933
4239564
4239917
4238933
4239564
17412989
17412989
17412989
17412989
17412989
11114027
11114027
11114027
11114027
11114027
4238704
14742729
4238704
4238704
14742729
4239301
4239301
4239301
4239301
4239301
4237877
4239034
4240024
4240153
4240164
4253492
11113607
17409421
17409947
4253492
14745040
14745040
14745040
14745040
14745040
17385547
17385562
17385565
4237616
4238544
4251678
4252438
4251678
4251678
4252438
4240828
17407817
17408009
17408933
17409267
14730624
14730624
14730624
14730624
14730624
11111572
11111572
11111572
11111572
11111572
14722625
14722625
14722625
14722625
14722625
14731049
14744976
17402099
17402100
17403413
14735081
17387545
14735081
14735081
17387545
7973436
11114210
17384944
17384945
7973436
17385141
17385175
17385201
17385220
17385239
17401401
17416239
17401401
17401401
17416239
3713415
14727268
3713415
3713415
14727268
4247569
4248260
7972985
4247569
4248260
847542
4238227
4238392
4239619
17385131
4237919
4239224
4239603
4240051
11113671
4248990
17409778
17410402
17410572
4248990
14724096
14731458
17385122
17407618
17408673
17411955
17411955
17411955
17411955
17411955
4238090
4238219
4239144
4241509
4252239
17403356
17413432
17403356
17403356
17413432
17407033
17408547
17412464
17416301
17407033
4240489
11114067
14744859
4240489
11114067
4253234
17415114
4253234
4253234
17415114
4238725
4238871
4238900
4239427
4239807
26754334
11110813
11112362
11112389
11113380
17415821
17415821
17415821
17415821
17415821
859703
14727260
859703
859703
14727260
17414585
17414585
17414585
17414585
17414585
17402394
17402394
17402394
17402394
17402394
14745717
14745717
14745717
14745717
14745717
17407575
17407575
17407575
17407575
17407575
11111173
11111173
11111173
11111173
11111173
4239250
4239808
17401876
4239250
4239808
4237686
4253518
11113504
14744085
17406824
17414272
17414272
17414272
17414272
17414272
17387525
17407112
17407697
17412887
17387525
17412082
17412082
17412082
17412082
17412082
4250804
17413386
4250804
4250804
17413386
17402046
17415854
17402046
17402046
17415854
4241415
14743140
14743550
14744490
17408457
17388318
17410012
17388318
17388318
17410012
4245737
17416251
4245737
4245737
17416251
4239806
14744860
4239806
4239806
14744860
17401249
17401249
17401249
17401249
17401249
14745429
14745429
14745429
14745429
14745429
4245771
4245771
4245771
4245771
4245771
4254154
17402424
17402434
17409931
4254154
4252680
17410838
4252680
4252680
17410838
17408670
17412144
17414784
17408670
17412144
4251136
17385108
17407930
4251136
17385108
17408540
17408540
17408540
17408540
17408540
860472
14734986
860472
860472
14734986
4242931
17387703
17387707
17408592
17414483
4249123
17414955
4249123
4249123
17414955
17401422
17401422
17401422
17401422
17401422
4245127
4249316
11113366
14741366
17385136
26749944
26752580
3712157
26749944
26752580
14744320
14744320
14744320
14744320
14744320
14745191
17413821
14745191
14745191
17413821
17414857
17414857
17414857
17414857
17414857
26752523
14741615
26752523
26752523
14741615
17389824
17389824
17389824
17389824
17389824
847923
4249800
847923
847923
4249800
17385438
4237629
11114172
17410657
17385438
17388810
26754117
4253251
11112300
17388810
4239662
4240468
7972896
11110916
4239662
17407794
17408938
17409268
17407794
17408938
14722641
17406706
14722641
14722641
17406706
14722635
14722635
14722635
14722635
14722635
4245025
4245025
4245025
4245025
4245025
17385179
17385219
17385288
17414357
17385179
842618
842618
842618
842618
842618
856019
17385048
856019
856019
17385048
11113467
11113467
11113467
11113467
11113467
17401211
17401211
17401211
17401211
17401211
26752459
4250103
4254289
26752459
4250103
4237564
4237928
4238508
4238785
4239348
17402591
17409790
17402591
17402591
17409790
17411909
17413555
17416106
17416137
17411909
4245662
4246460
14727305
17408994
4245662
14727147
17409227
17415577
26751246
14727147
17401870
17408551
17401870
17401870
17408551
14726034
14726034
14726034
14726034
14726034
17406910
17407107
17406910
17406910
17407107
14744993
17412981
14744993
14744993
17412981
17410102
17416339
17410102
17410102
17416339
14742693
17403234
14742693
14742693
17403234
17415371
17415371
17415371
17415371
17415371
17408723
17408723
17408723
17408723
17408723
14742667
14742667
14742667
14742667
14742667
4242226
4252151
17385132
17385144
17385145
850038
14722626
14738334
17408806
850038
14727247
14744987
17385099
17407765
17408560
4248748
4248748
4248748
4248748
4248748
