11111803
11111876
11111893
11111894
11111803
11113170
11113176
11111442
11112255
11112376
4249983
4249983
4249983
4249983
4249983
11112232
11112232
11112232
11112232
11112232
4245335
4245335
4245335
4245335
4245335
26752641
26752641
26752641
26752641
26752641
11113254
11113306
11111810
11112362
11113380
4253742
4253742
4253742
4253742
4253742
4253537
4253537
4253537
4253537
4253537
4254361
4254361
4254361
4254361
4254361
4253458
4253458
4253458
4253458
4253458
4252976
4252976
4252976
4252976
4252976
4253422
4253422
4253422
4253422
4253422
11110687
11110841
11111039
11114197
11110687
11111009
11111009
11111009
11111009
11111009
4241898
17408566
4241898
4241898
17408566
26752493
4252780
4252885
4253425
26752493
11113249
26752589
11110917
11113249
26752589
11113181
11113181
11113181
11113181
11113181
4247644
4250317
4253872
4253931
4247644
11111015
11111023
11111780
11111792
11113793
4253318
4253440
4253670
4253318
4253440
11110950
11111054
11110950
11110950
11111054
851909
851909
851909
851909
851909
11110813
11110813
11110813
11110813
11110813
4252730
4254217
4252730
4252730
4254217
4252914
4253505
11111301
4252914
4253505
4252725
4252725
4252725
4252725
4252725
4237534
4239947
4253132
4237534
4239947
11113253
11113253
11113253
11113253
11113253
3713645
3713645
3713645
3713645
3713645
26752471
26752473
26752476
26752702
26752471
26752571
26752571
26752571
26752571
26752571
4254303
14726114
4254303
4254303
14726114
4253055
11112691
4253055
4253055
11112691
4252557
11112136
4252557
4252557
11112136
4252578
4253213
4253402
11110954
14722901
11111797
14738528
14738529
11111797
14738528
4253401
4253401
4253401
4253401
4253401
11113233
11112147
11113233
11113233
11112147
860227
4252115
4252822
11112737
17387599
4249175
17401215
17401760
4249175
17401215
4253202
11113646
4253202
4253202
11113646
11113131
11113142
11111707
11113131
11113142
4252453
4252453
4252453
4252453
4252453
4254280
4254280
4254280
4254280
4254280
4248255
14740775
4248255
4248255
14740775
11113196
11113196
11113196
11113196
11113196
4253297
4253297
4253297
4253297
4253297
14742721
14742721
14742721
14742721
14742721
11112237
11112237
11112237
11112237
11112237
4252931
4252931
4252931
4252931
4252931
4253793
4253793
4253793
4253793
4253793
11113261
11113261
11113261
11113261
11113261
4252783
4253156
4252783
4252783
4253156
4252798
4252798
4252798
4252798
4252798
11111413
11113988
11113994
11111413
11113988
26752427
26752427
26752427
26752427
26752427
26752406
26752709
26752406
26752406
26752709
26752328
26752688
863141
4252452
14741138
4254104
11112343
4254104
4254104
11112343
4253436
4253436
4253436
4253436
4253436
4253684
26752338
4253907
4253684
26752338
4241900
14723815
14743943
4241900
14723815
11111966
4253355
11113980
11111966
4253355
4253569
4253569
4253569
4253569
4253569
11111501
11112610
11111501
11111501
11112610
7973776
17411233
7973776
7973776
17411233
11110705
11111209
11113427
14723427
11110705
4252973
4253535
11111740
4252973
4253535
26752353
26752353
26752353
26752353
26752353
4244377
4249240
4244377
4244377
4249240
4252848
4252849
4252855
4252848
4252849
4254421
4254421
4254421
4254421
4254421
4249173
4250284
14739477
4249173
4250284
4253698
4253698
4253698
4253698
4253698
4250552
4252839
4253138
4253792
4254012
4238732
4237542
4238953
4239400
4238732
4252607
14732864
17408842
17409766
4252607
26752557
26752557
26752557
26752557
26752557
4238900
4240219
4238900
4238900
4240219
26752661
26752661
26752661
26752661
26752661
4252799
4253242
4253273
4253307
4253346
4253077
4253861
4254302
4253077
4253861
11110821
11110821
11110821
11110821
11110821
26752558
26752558
26752558
26752558
26752558
4240262
17411779
4240262
4240262
17411779
4254056
11111139
14721848
4254056
11111139
4240353
4240353
4240353
4240353
4240353
11111753
11111446
11112747
11111753
11111446
11111939
11111939
11111939
11111939
11111939
11111846
11111839
11111846
11111846
11111839
11110761
17414633
11110761
11110761
17414633
862611
862611
862611
862611
862611
4253248
7973151
4253248
4253248
7973151
11112202
11112636
17410877
11112202
11112636
4247014
4252494
4252518
4247014
4252494
4252782
4252803
4252992
4254018
11112212
11113149
11113227
4253104
4254349
11111068
11113086
4253966
11112208
11112274
11112345
26752535
14743918
26752535
26752535
14743918
4252667
4252748
4253160
4253599
11110752
11111726
11111726
11111726
11111726
11111726
4244360
4244360
4244360
4244360
4244360
14742193
14742193
14742193
14742193
14742193
4241178
4252492
14724098
17415694
4241178
11112684
14730896
11112684
11112684
14730896
11113088
11113088
11113088
11113088
11113088
4252906
4254004
4254005
4252906
4254004
11110888
11112214
11110888
11110888
11112214
26752547
11114029
26752547
26752547
11114029
4247361
14734950
4247361
4247361
14734950
26752555
850433
26752555
26752555
850433
858981
858981
858981
858981
858981
4253304
11111057
4253304
4253304
11111057
4253801
4253801
4253801
4253801
4253801
4252711
4253609
4254095
11110818
4252711
4254057
4254057
4254057
4254057
4254057
11110799
11112337
11110799
11110799
11112337
4253533
4252775
4252938
4253329
4254228
845164
845164
845164
845164
845164
11112777
11112777
11112777
11112777
11112777
4252886
4253504
11112802
4252886
4253504
848749
848749
848749
848749
848749
4248335
4248335
4248335
4248335
4248335
11110948
11110948
11110948
11110948
11110948
866042
4253362
866042
866042
4253362
11111104
11111104
11111104
11111104
11111104
4244436
4253321
11114141
14740003
4244436
4253622
4254232
4253622
4253622
4254232
11113217
11113272
11113217
11113217
11113272
14735756
14735756
14735756
14735756
14735756
4252812
11110720
11110747
11111607
11110755
11110702
11111012
11110702
11110702
11111012
11111038
11111038
11111038
11111038
11111038
4254195
4254317
14741405
17410548
4254195
17415707
17415707
17415707
17415707
17415707
11113154
11112273
11112689
11114094
11113154
860163
860163
860163
860163
860163
11110660
11110660
11110660
11110660
11110660
4253207
4253281
4253207
4253207
4253281
850684
4252918
4253044
850684
4252918
4253011
4253319
11112763
4253011
4253319
14735802
14735802
14735802
14735802
14735802
4253737
4253737
4253737
4253737
4253737
4253430
11110797
11112160
4253430
11110797
11113194
11113303
11114209
11113194
11113303
4241152
4243475
4248341
14745775
4241152
4253019
4253019
4253019
4253019
4253019
26752677
11111062
26752677
26752677
11111062
858418
4253951
858418
858418
4253951
4253381
11111282
11111288
4253381
11111282
11113252
858164
4253236
4253681
4253783
26752422
26752422
26752422
26752422
26752422
4252454
11112165
4252454
4252454
11112165
26752348
26752456
26751111
26752348
26752456
26750787
26750792
26750810
26750787
26750792
11110872
11110873
11110872
11110872
11110873
4254332
11112545
4254332
4254332
11112545
4249498
4249498
4249498
4249498
4249498
26752651
26752651
26752651
26752651
26752651
26752403
4247742
26752403
26752403
4247742
14726322
14726322
14726322
14726322
14726322
4253852
4254002
4253852
4253852
4254002
11112173
11112920
11112173
11112173
11112920
4245973
4245973
4245973
4245973
4245973
4253756
4253756
4253756
4253756
4253756
4252507
4252507
4252507
4252507
4252507
4252911
11111950
11112199
11114009
4252911
4252256
4252256
4252256
4252256
4252256
26751428
26751403
26751405
26751428
26751403
11111014
11111550
11112334
11113685
11113764
4253441
4253441
4253441
4253441
4253441
11111881
11112388
11111881
11111881
11112388
11110740
4252900
11111530
11110740
4252900
4242011
4248726
4250910
17408536
17408719
11110700
11110700
11110700
11110700
11110700
4252456
17408252
4252456
4252456
17408252
4252547
4252913
4253086
4253111
4253465
4254076
4254431
17407130
17414561
4254076
26752359
11111940
26752359
26752359
11111940
4253174
4253174
4253174
4253174
4253174
4253917
11113425
4253917
4253917
11113425
4245246
4253455
4254300
17401447
4245246
4254093
17387660
4254093
4254093
17387660
4253831
4253831
4253831
4253831
4253831
4247846
4247846
4247846
4247846
4247846
3713259
4237530
4237710
4253561
17385016
4238368
4238389
4238396
4238662
4239743
4253812
17387613
17413003
17414794
4253812
4254072
7976741
4254072
4254072
7976741
4237550
4239343
4239751
4237550
4239343
26752585
26752585
26752585
26752585
26752585
4238318
4238318
4238318
4238318
4238318
4241779
14723152
14744569
4241779
14723152
26752358
26752366
26752367
26752358
26752366
4238525
11111781
17408863
17412487
4238525
858323
4253291
17411058
858323
4253291
26752644
11112696
26752644
26752644
11112696
4253882
4253882
4253882
4253882
4253882
17402724
17402724
17402724
17402724
17402724
4252508
4253391
4252508
4252508
4253391
11113237
11113237
11113237
11113237
11113237
26752505
26750993
26752505
26752505
26750993
4252890
11111561
4252890
4252890
11111561
4253766
4253767
11112206
17401350
4253766
4241131
4254278
4241131
4241131
4254278
11111292
11113695
11111292
11111292
11113695
14721922
14721922
14721922
14721922
14721922
11113144
11112820
11113144
11113144
11112820
4253439
4253494
11111359
4253439
4253494
861742
11114057
861742
861742
11114057
11112560
11112560
11112560
11112560
11112560
4252691
4252691
4252691
4252691
4252691
863506
4242740
4252516
4252550
4252717
11113218
11113273
11112664
11113218
11113273
4252501
4252770
4252894
4253529
4252501
3717397
17387899
3717397
3717397
17387899
17402632
17414306
17402632
17402632
17414306
11113146
4253689
4253710
11113146
4253689
26752337
11113768
26752337
26752337
11113768
4243445
4248824
4243445
4243445
4248824
3715280
4242803
11112743
17403606
3715280
11113145
11113225
11111013
11113145
11113225
11111336
4252804
4252806
4252818
4252865
11113157
4253843
4254007
11113157
4253843
11110744
11112106
11112809
26750729
26750999
11114162
11114162
11114162
11114162
11114162
4253611
4253612
4253611
4253611
4253612
4238592
4238707
4238960
4252994
4253719
11111100
11113644
11111100
11111100
11113644
4252720
11112145
4252720
4252720
11112145
4251498
4251498
4251498
4251498
4251498
4254118
4254153
4254188
11114069
4254118
4254123
4254123
4254123
4254123
4254123
4252829
4252829
4252829
4252829
4252829
4252904
4254257
11111154
11111172
11111323
14744591
14744591
14744591
14744591
14744591
4247167
17387909
17410216
4247167
17387909
856953
4252786
4253752
11114097
856953
4241122
4241122
4241122
4241122
4241122
4238867
4239187
4252965
11111709
11111754
4237738
4237789
4237799
4238186
4238574
4254412
4254412
4254412
4254412
4254412
4241556
4241556
4241556
4241556
4241556
4252666
4253073
11111768
4252666
4253073
17401189
17401189
17401189
17401189
17401189
4251856
4251856
4251856
4251856
4251856
26752637
26752637
26752637
26752637
26752637
26752475
26752475
26752475
26752475
26752475
4253378
4253378
4253378
4253378
4253378
4252694
4252919
4253542
4253585
4253633
4244345
14722198
4244345
4244345
14722198
4250497
11112168
11112289
4250497
11112168
4253515
17406843
4253515
4253515
17406843
4241835
4245907
11110852
11111217
14743588
11112116
11112600
17385813
11112116
11112600
11110871
11110871
11110871
11110871
11110871
4252075
14737450
17412992
17415910
4252075
4253117
4253117
4253117
4253117
4253117
4253336
11112204
4253336
4253336
11112204
4241102
4241700
4249017
4241102
4241700
4247103
4252903
4253340
4247103
4252903
4252810
4252810
4252810
4252810
4252810
4243300
17411618
17415377
4243300
17411618
14741332
14743555
14741332
14741332
14743555
11111500
4253688
11111073
11111918
11111500
17387558
17387558
17387558
17387558
17387558
4253829
11114154
17408078
17413385
4253829
11111346
11112474
11113414
11113829
11111346
11110880
11110880
11110880
11110880
11110880
26752556
26752556
26752556
26752556
26752556
4252643
4252643
4252643
4252643
4252643
4243975
4249856
4243975
4243975
4249856
4249963
4249963
4249963
4249963
4249963
3712054
3712054
3712054
3712054
3712054
26752395
17385338
26752395
26752395
17385338
17409547
17409684
17409547
17409547
17409684
14742252
17387856
14742252
14742252
17387856
11111429
11111429
11111429
11111429
11111429
4245508
4252653
4252967
4253061
4253636
11113141
11112357
11113141
11113141
11112357
4254253
4254253
4254253
4254253
4254253
11112170
11112808
11112170
11112170
11112808
11111699
11111699
11111699
11111699
11111699
11112513
11112513
11112513
11112513
11112513
11113846
11113846
11113846
11113846
11113846
4248854
4248854
4248854
4248854
4248854
17410188
17410188
17410188
17410188
17410188
4248923
14726065
4248923
4248923
14726065
4254363
4254363
4254363
4254363
4254363
14724032
14724094
14726365
14727211
14727301
4240980
4240980
4240980
4240980
4240980
11113328
11113878
17403117
11113328
11113878
4251903
14743841
4251903
4251903
14743841
11113158
11113158
11113158
11113158
11113158
4254193
4254193
4254193
4254193
4254193
11111412
11111412
11111412
11111412
11111412
17388005
17402996
17411446
17416196
17388005
4253930
4253372
11110782
11111071
11111145
26752340
26752494
26752340
26752340
26752494
14741197
14741197
14741197
14741197
14741197
11114213
11114213
11114213
11114213
11114213
4252630
26750748
26750753
26750755
26750758
14743479
17408479
17411391
14743479
17408479
4238784
4240057
4238784
4238784
4240057
846760
4244165
846760
846760
4244165
11110675
4239848
4254189
11113852
11110675
4246506
4246506
4246506
4246506
4246506
4252710
11112792
4252710
4252710
11112792
4253142
4253142
4253142
4253142
4253142
3712252
4254395
3712252
3712252
4254395
4251781
11112694
4251781
4251781
11112694
4252867
4252867
4252867
4252867
4252867
11112558
11112673
11112558
11112558
11112673
4252570
4252570
4252570
4252570
4252570
26752333
26752333
26752333
26752333
26752333
26752436
17414662
26752436
26752436
17414662
11110966
11110966
11110966
11110966
11110966
11113333
11113333
11113333
11113333
11113333
26752733
4254061
26752733
26752733
4254061
4245064
4252632
4252861
4253855
4253896
26752601
26752601
26752601
26752601
26752601
11110701
4253818
11113898
11110701
4253818
17385270
17385285
17385270
17385270
17385285
14722695
14722695
14722695
14722695
14722695
4244000
4254319
17409785
4244000
4254319
4253022
4253462
11112402
11112416
17401198
4252564
4252564
4252564
4252564
4252564
11111769
26752560
26752592
11111909
11111769
4239882
4239882
4239882
4239882
4239882
4238532
4238532
4238532
4238532
4238532
846376
4242655
4245632
4253908
11111369
11110882
4252716
4252939
4253089
4253701
4238339
4238973
4252998
4238339
4238973
7972272
7972272
7972272
7972272
7972272
860735
860735
860735
860735
860735
11113301
11112358
11113301
11113301
11112358
4245524
17402372
17409518
4245524
17402372
4237475
4238621
4239873
4237475
4238621
4253929
4253974
11111928
11112492
11112654
4238243
4254292
4238243
4238243
4254292
26750839
26750840
26750839
26750839
26750840
11111542
4252525
4253370
4253897
11110773
26752598
17401142
26752598
26752598
17401142
4253669
11110947
4252629
11113410
4253669
4252475
4253500
4252475
4252475
4253500
4249742
4253107
4249742
4249742
4253107
17408816
17411924
17408816
17408816
17411924
26752370
26752370
26752370
26752370
26752370
852502
852502
852502
852502
852502
17387538
17387538
17387538
17387538
17387538
11111891
4237760
4239165
4240110
11112818
11110878
11110878
11110878
11110878
11110878
14721971
14721971
14721971
14721971
14721971
17412040
17412040
17412040
17412040
17412040
11111403
11112850
11111403
11111403
11112850
26752376
26752378
26752392
26752442
26752443
863343
4240142
863343
863343
4240142
4254268
4254268
4254268
4254268
4254268
17402000
17402000
17402000
17402000
17402000
11112604
11112604
11112604
11112604
11112604
11111213
11111236
11111213
11111213
11111236
17413650
17413650
17413650
17413650
17413650
26752509
11111752
11113702
17402114
26752509
4253764
4253764
4253764
4253764
4253764
861014
4253988
861014
861014
4253988
11112893
11113640
11112893
11112893
11113640
3717423
3717423
3717423
3717423
3717423
4252481
4252682
4253554
4252481
4252682
4252540
4253981
4252540
4252540
4253981
11112889
11112889
11112889
11112889
11112889
11112855
11112855
11112855
11112855
11112855
4252504
4253847
14724074
14726707
4252504
11113944
11113944
11113944
11113944
11113944
11111063
11111320
4252462
4253260
4253475
11110756
11112250
11110756
11110756
11112250
4243381
4252552
4252565
4254314
4254322
4252603
4252645
14740726
26751172
4252603
4254206
4254206
4254206
4254206
4254206
4239879
11110967
4237815
4238031
4238278
4254243
14745913
17408996
4254243
14745913
11113150
4253692
11113150
11113150
4253692
4253866
11111583
4253866
4253866
11111583
11113084
11111138
11112323
11112389
11112525
4253265
11111306
4253265
4253265
11111306
4253119
4253120
4253119
4253119
4253120
4253206
4253206
4253206
4253206
4253206
4253222
4253222
4253222
4253222
4253222
11110678
11110678
11110678
11110678
11110678
26750740
26750741
26750745
26750772
26750779
4244802
4244802
4244802
4244802
4244802
847473
4254396
847473
847473
4254396
11110826
11110826
11110826
11110826
11110826
11110789
11110789
11110789
11110789
11110789
4253493
11111380
4253493
4253493
11111380
4247631
4253713
4247631
4247631
4253713
11111415
11111415
11111415
11111415
11111415
4252999
4252999
4252999
4252999
4252999
11111916
17407770
17413121
11111916
17407770
11111822
11111822
11111822
11111822
11111822
4237709
4237749
4238995
4239427
4239447
4254306
4254309
4254306
4254306
4254309
11113224
4252707
4253690
11111717
11113935
4252554
4252697
4252698
4253728
4254339
11110694
11113286
11112425
11110694
11113286
4253957
4254240
11111399
17387449
17387649
4252760
11110805
17406915
4252760
11110805
11110904
11112853
11114116
11110904
11112853
4254407
14724161
17409856
4254407
14724161
4244730
4250855
11111178
11111751
11113523
11111842
14723984
11111842
11111842
14723984
11112554
11112554
11112554
11112554
11112554
11110923
11112459
11112677
14732945
17413930
17413674
17413674
17413674
17413674
17413674
26752635
26752635
26752635
26752635
26752635
26751207
26751224
26751225
26751207
26751224
11114128
11114128
11114128
11114128
11114128
26752575
26752575
26752575
26752575
26752575
4244810
14745477
14745891
17387965
17403451
7973849
7973849
7973849
7973849
7973849
866054
4238055
4238877
4249107
866054
4239641
7977135
17401348
17409331
17409764
4252978
4254352
17387657
4252978
4254352
11111505
4253619
11111183
11113547
11113602
11111499
11112762
11111499
11111499
11112762
3717322
4244219
3717322
3717322
4244219
26752657
26752657
26752657
26752657
26752657
11113239
11111354
11112375
11112755
11112916
4254081
4254081
4254081
4254081
4254081
4252934
4253823
11110924
4252934
4253823
11112646
17406991
11112646
11112646
17406991
14733262
17413045
14733262
14733262
17413045
11112656
11112656
11112656
11112656
11112656
4254403
26750738
26750742
26750743
26750765
11111110
11112840
11111110
11111110
11112840
4252532
4253032
4253226
4253449
4253545
4253096
4253159
11113654
4253096
4253159
4253581
4253625
4253581
4253581
4253625
4244502
4245142
4246720
4252365
14724025
4252835
4253887
14744924
4252835
4253887
863580
4242733
4244046
863580
4242733
4252478
4252478
4252478
4252478
4252478
860967
4252743
860967
860967
4252743
26752492
26752492
26752492
26752492
26752492
4243590
4247459
4252633
4253020
17385040
845581
14745717
845581
845581
14745717
4253013
14721882
4253013
4253013
14721882
4238909
17408970
4238909
4238909
17408970
4252447
14743384
4252447
4252447
14743384
26752606
26752613
4254037
14733922
14740834
11110696
14724160
14737075
17402698
11110696
4253452
14732878
4253452
4253452
14732878
4252875
4252985
4252875
4252875
4252985
4254011
4254281
17406943
17408941
4254011
4253594
4253594
4253594
4253594
4253594
17414435
17414435
17414435
17414435
17414435
4242433
11111249
11112452
4242433
11111249
11113236
11112903
11113236
11113236
11112903
4252917
4253631
4252917
4252917
4253631
4253299
11111406
4253299
4253299
11111406
4254398
26752369
4254398
4254398
26752369
861630
4240800
4246418
4247519
4248487
4239102
4239410
4237608
4237695
4238023
4239781
4240340
4239781
4239781
4240340
11110772
26752530
4252576
4253091
4254432
4237882
11110766
4237882
4237882
11110766
4254165
4254165
4254165
4254165
4254165
11111307
11111307
11111307
11111307
11111307
4247469
4250355
17406793
4247469
4250355
26752526
26752580
14726084
14740234
17384942
3711413
7972541
3711413
3711413
7972541
11113682
11113682
11113682
11113682
11113682
4238065
4239816
4242635
4238065
4239816
4253021
11113461
4253021
4253021
11113461
4252197
11114030
4252197
4252197
11114030
4237733
4237980
4238198
4238232
4238294
4240639
26751343
26751361
4240639
26751343
4244568
4244568
4244568
4244568
4244568
11110941
4253292
11111678
11113451
14741287
4246582
14735006
17401274
17409696
17414213
26752655
26752655
26752655
26752655
26752655
11110857
11113485
11113486
14745269
11110857
17402985
17402985
17402985
17402985
17402985
4248095
4251471
4252181
14722117
17416368
11110998
4252929
11110724
11111545
11113631
4240116
14722960
14727304
14735678
17407802
26752552
26752569
26752573
26752614
26752623
14730641
14734105
14740344
14741463
17401543
4237512
4237516
4237528
4237546
4237547
14743076
14743076
14743076
14743076
14743076
4237643
4237657
4237713
4237767
4237818
3714248
11112247
3714248
3714248
11112247
4240901
4244205
4247320
4249690
4250544
11112162
11112187
11112162
11112162
11112187
4243097
4246524
4247262
4252438
7972241
11111904
11111904
11111904
11111904
11111904
11110980
11113982
11110980
11110980
11113982
11112661
14730216
14738163
17408443
17411975
11111531
11111531
11111531
11111531
11111531
4252597
4252670
4252597
4252597
4252670
4239628
4240369
4245901
4254299
17412888
11111239
11113544
11111239
11111239
11113544
4238550
4239249
4240051
4238550
4239249
11110850
11111400
11111668
11113910
11110850
4252681
4253772
4252681
4252681
4253772
4237853
4237916
4239114
4240181
4240216
4252673
4238061
11111179
11111808
4252673
4237737
4238803
4240162
14740941
4237737
4251855
11112790
14745156
17410584
4251855
11111511
11111511
11111511
11111511
11111511
11112567
11112567
11112567
11112567
11112567
11111477
4252496
4252515
4252722
4252727
4252746
4253079
4252746
4252746
4253079
3713783
4245072
4251475
14724111
14742697
26752334
26752470
26752479
26752483
26752484
26752421
26752421
26752421
26752421
26752421
4252702
4253800
17406762
4252702
4253800
14735103
14735103
14735103
14735103
14735103
26752435
26752437
14741100
26752435
26752437
26750858
26750858
26750858
26750858
26750858
4253469
4253469
4253469
4253469
4253469
11111684
11111850
11111684
11111684
11111850
4253517
4253517
4253517
4253517
4253517
26751040
26751052
26751040
26751040
26751052
4252484
4252539
4254434
11112280
11112281
26752511
26752520
26752511
26752511
26752520
11111551
11111551
11111551
11111551
11111551
3713399
11111841
3713399
3713399
11111841
14724027
14724027
14724027
14724027
14724027
11111927
11111927
11111927
11111927
11111927
4254149
4252600
17401965
17413547
4254149
4237659
4238337
4239355
4239613
4239986
4237747
4240429
4237747
4237747
4240429
11111383
14723702
14745119
11111383
14723702
4253071
11110780
4253071
4253071
11110780
4252526
4253703
17409765
4252526
4253703
17412155
17412155
17412155
17412155
17412155
14723747
14723747
14723747
14723747
14723747
17402903
17410020
17402903
17402903
17410020
4252590
4252826
4253026
4253521
4253722
4253716
17413090
4253716
4253716
17413090
26752616
11112456
26752616
26752616
11112456
4247110
4252493
11111390
4247110
4252493
4253065
4253065
4253065
4253065
4253065
11113173
4253969
11111420
11112652
11113173
4253360
4253895
11111573
11113527
4253360
11111290
4244870
4252455
4253094
4253368
11110750
11111070
11110750
11110750
11111070
11111215
14745099
11111215
11111215
14745099
11111938
11111938
11111938
11111938
11111938
4254030
4254030
4254030
4254030
4254030
11113733
14735525
17408453
17410777
17411792
4245972
11111906
14726104
4245972
11111906
26752499
26752699
26752701
26752726
26752730
4253820
4254378
17407031
4253820
4254378
26752438
26752438
26752438
26752438
26752438
26751124
26751124
26751124
26751124
26751124
4240098
14745027
4240098
4240098
14745027
11111164
11111535
11111164
11111164
11111535
853133
4241062
14724100
853133
4241062
17408473
17414991
17408473
17408473
17414991
4252638
4252638
4252638
4252638
4252638
858428
858440
14740820
14741666
17412602
17414350
17414350
17414350
17414350
17414350
4254311
11110812
11113447
17412390
4254311
4253412
14723934
4253412
4253412
14723934
26752670
4244958
26752670
26752670
4244958
11111954
26750727
26750728
26750922
26750923
11111984
17413236
11111984
11111984
17413236
4253968
7975189
4253968
4253968
7975189
4253196
4253223
4253196
4253196
4253223
4252984
4253918
4254087
4254090
11113742
4252960
11111683
4252960
4252960
11111683
4251435
11111892
17401216
4251435
11111892
4252893
4252893
4252893
4252893
4252893
4253413
4253414
4254362
4253413
4253414
26751267
26751285
26751432
26751433
26751267
4247099
4247299
4248185
14744526
17406678
852985
4254225
852985
852985
4254225
26750867
26750867
26750867
26750867
26750867
4243414
4245417
4252292
4253095
4254167
4254001
4254270
4254001
4254001
4254270
11112418
11112418
11112418
11112418
11112418
26751170
26751170
26751170
26751170
26751170
17407674
17412221
17407674
17407674
17412221
14740343
17406726
14740343
14740343
17406726
11114247
11114247
11114247
11114247
11114247
11111397
4238130
11111397
11111397
4238130
4253168
4253168
4253168
4253168
4253168
11113152
4254425
11113152
11113152
4254425
4237614
4237631
4237764
4237770
4237809
26752668
11112602
26750859
26752668
11112602
4249762
11113922
17384924
4249762
11113922
4246836
4246836
4246836
4246836
4246836
11111462
11113854
11114046
11111462
11113854
4238493
4238619
4239664
4238493
4238619
4246363
26751177
4246363
4246363
26751177
4253680
4253806
4254163
4254248
4254381
4252546
4253367
4252546
4252546
4253367
4253664
4253664
4253664
4253664
4253664
4254236
4254236
4254236
4254236
4254236
11111932
11113614
11111932
11111932
11113614
4253249
4253415
4254207
17402129
17410035
4237706
4238137
4238508
4238910
4239080
11114274
11114274
11114274
11114274
11114274
4253613
4253621
4253770
17410837
4253613
11113077
4254170
11113077
11113077
4254170
4253616
4253616
4253616
4253616
4253616
11113633
11113633
11113633
11113633
11113633
11111268
4252559
4253084
4253240
11110856
4250102
4250102
4250102
4250102
4250102
4252815
4252962
4253366
4254342
11111059
14742835
26751116
14742835
14742835
26751116
26751029
26751030
26751059
26751060
26751064
14744481
17388020
14744481
14744481
17388020
26752577
4246000
14727090
26752577
4246000
4252491
17387942
17411238
4252491
17387942
4253923
11110726
17408809
4253923
11110726
4252708
14738535
14741270
26751303
26751321
4249082
4249082
4249082
4249082
4249082
11111300
11111437
11111300
11111300
11111437
11111304
11113894
11113917
11114235
11111304
26752364
26752364
26752364
26752364
26752364
11110819
4237575
4237699
4237726
4237858
4237551
4237716
4237790
4239454
4239720
11111567
4253200
4253201
11111567
4253200
26752706
26752706
26752706
26752706
26752706
26752362
26752362
26752362
26752362
26752362
4238375
4238853
4239051
4240334
4238375
11113290
11113291
4237680
4252569
4252737
11113929
17412196
17413212
17415385
11113929
862488
863468
862488
862488
863468
3715610
4254101
17414204
3715610
4254101
4253992
4253992
4253992
4253992
4253992
11111250
11113697
11113711
11111250
11113697
26752379
26752381
26752383
26752397
26752444
11111086
14737449
26751163
11111086
14737449
14741575
26751144
14741575
14741575
26751144
4237548
4237573
4237603
4237616
4237668
26751085
26751085
26751085
26751085
26751085
11113294
11113297
4253203
4253279
11112352
4249227
26751307
26751316
26751325
26751334
4253193
4253193
4253193
4253193
4253193
4253860
850151
4243099
4252512
4252897
4254338
4254338
4254338
4254338
4254338
11114039
11114039
11114039
11114039
11114039
4250321
4252788
4252946
4253400
4253914
26752543
26752543
26752543
26752543
26752543
4252490
4252464
4252468
4254290
11110820
4252685
4253167
14722206
17402104
17412667
14736520
17411538
14736520
14736520
17411538
11112912
11112912
11112912
11112912
11112912
4237758
4238258
4239349
4253531
4237758
4253691
4253711
4253757
4253691
4253711
4238296
4239782
4239908
11112314
14724090
11112349
11112349
11112349
11112349
11112349
17403679
17408497
17408806
17409294
17403679
11111451
11112640
11111451
11111451
11112640
14723845
14723845
14723845
14723845
14723845
14742822
14743143
14743144
14743145
17401419
4253514
4253514
4253514
4253514
4253514
4253350
4253748
11113967
4253350
4253748
4252640
4253733
4254344
4252640
4253733
17410297
17410297
17410297
17410297
17410297
14722936
17402826
14722936
14722936
17402826
26752477
11110758
26752477
26752477
11110758
11112720
4252466
4252789
7972895
11111851
4239167
4240072
14726094
4239167
4240072
4253268
4253590
4253268
4253268
4253590
14744304
17408612
14744304
14744304
17408612
4253732
11111713
11114063
4253732
11111713
14740178
14740178
14740178
14740178
14740178
3717473
4240197
14744606
3717473
4240197
4253395
11111192
4253395
4253395
11111192
4253477
11113546
11113709
4253477
11113546
849118
4245775
849118
849118
4245775
4240634
4240936
11111890
14731076
17411931
11112827
11112827
11112827
11112827
11112827
4247932
4252729
4252884
4252948
4253010
26751006
26751314
26751332
26751006
26751314
4238022
4242276
14723172
4238022
4242276
4241342
4241342
4241342
4241342
4241342
26752346
26752361
26752426
4252932
14740943
26752648
4252595
11111838
26752648
4252595
26752594
4252844
4253377
11112252
17408771
26752666
11111423
11112151
11112417
26752666
26752536
4252980
14735496
26752536
4252980
4253276
4253385
4253450
7972981
7977291
26752365
864977
17401916
26752365
864977
26751099
26751099
26751099
26751099
26751099
864189
4243991
11112166
11113948
864189
4254406
26751136
26751137
4254406
26751136
14742426
14742426
14742426
14742426
14742426
17408565
17408565
17408565
17408565
17408565
4252130
11112569
4252130
4252130
11112569
11111645
863440
4247208
4247305
11111856
11110983
11110983
11110983
11110983
11110983
4252457
4253421
4252457
4252457
4253421
11113135
11113191
11113235
11112359
11112641
11111051
11111051
11111051
11111051
11111051
4253121
11112215
4253121
4253121
11112215
4252868
4252868
4252868
4252868
4252868
26752687
26752687
26752687
26752687
26752687
4253865
4253865
4253865
4253865
4253865
4253444
11112668
4253444
4253444
11112668
4247246
4249559
17402499
4247246
4249559
4252705
4252968
11112228
4252705
4252968
853124
4254047
16952805
17410315
853124
11112186
11112186
11112186
11112186
11112186
26750732
26750927
26750942
26750732
26750927
11111484
11112608
11113889
11111484
11112608
4245358
26750925
4245358
4245358
26750925
11111044
14741903
26751101
11111044
14741903
4252527
4252747
4253224
4252527
4252747
17415951
17415951
17415951
17415951
17415951
26751203
26751221
26751273
26751291
26751203
4238711
4237488
4237509
4237535
4237543
11112303
11112303
11112303
11112303
11112303
11110956
4249360
4252604
4252964
4253227
4245130
4252216
4245130
4245130
4252216
26750978
26750978
26750978
26750978
26750978
26752683
26752685
26751100
26752683
26752685
26752405
14731397
14736469
26752405
14731397
851235
11111665
11112649
14736471
17408057
4253702
4254177
11110960
4253702
4254177
14734810
14743442
14734810
14734810
14743442
11112655
11112655
11112655
11112655
11112655
26752568
4251910
11112433
14722166
14745932
26752551
26752574
26752662
11112894
17384946
4254283
4254283
4254283
4254283
4254283
847923
14721852
14736707
17401994
847923
4252517
4252517
4252517
4252517
4252517
11111121
4252838
11110931
11111026
11111899
26751204
26751222
26751204
26751204
26751222
11113245
4242418
4245932
11111378
11112400
11110928
11111729
4253271
4253296
4254367
4253709
4253709
4253709
4253709
4253709
4253451
4253830
4253451
4253451
4253830
3715127
17407344
3715127
3715127
17407344
17415827
17415827
17415827
17415827
17415827
11110918
11111857
4252662
11110918
11111857
4237524
4237540
14727209
4237524
4237540
17387848
17387848
17387848
17387848
17387848
4238032
4238349
4238522
4239007
4239060
4252811
4252811
4252811
4252811
4252811
26752488
17384895
26752488
26752488
17384895
4253064
11111093
4253064
4253064
11111093
11111747
4238729
4239772
4252601
11111747
4238247
4238895
4238996
4239770
4246421
849814
4237918
4238230
4238439
4238560
4253029
4253033
4253029
4253029
4253033
4253161
4253804
4254275
11111094
4253161
26751311
26751329
26751311
26751311
26751329
4252958
4252961
4253001
4253128
4254059
11113503
11113503
11113503
11113503
11113503
26752500
4253773
26752500
26752500
4253773
4253694
4253694
4253694
4253694
4253694
4252841
4253341
17408412
4252841
4253341
4253641
11112769
14723958
4253641
11112769
4247959
4247959
4247959
4247959
4247959
11111124
4252742
4253188
4254263
11111123
11112125
17401288
11112125
11112125
17401288
4254289
11111889
4254289
4254289
11111889
4253991
4253991
4253991
4253991
4253991
4237832
4237988
4238042
4238494
4239224
4238366
4239135
4239802
4238366
4239135
4253005
4253005
4253005
4253005
4253005
4251945
14739939
4251945
4251945
14739939
4253313
4254065
4253313
4253313
4254065
11111491
11111491
11111491
11111491
11111491
4254226
11112378
4254226
4254226
11112378
17407573
17408844
17407573
17407573
17408844
4237642
4238162
4239191
4253158
11111776
14745938
14745938
14745938
14745938
14745938
4253016
4253604
11113476
14736080
4253016
4253523
14724115
17409754
17413248
4253523
4253282
26751441
4253282
4253282
26751441
4252765
4252765
4252765
4252765
4252765
4237794
4238352
4238398
4238744
4239193
4239413
4239558
4254219
11110961
17411450
4252665
4253589
4253747
4252665
4253589
4237562
4237968
4238008
4238077
4238789
4253495
4253495
4253495
4253495
4253495
11112140
11113511
17402543
17402758
17411028
11112222
11112222
11112222
11112222
11112222
4253076
4253076
4253076
4253076
4253076
14724112
17407584
14724112
14724112
17407584
853436
853436
853436
853436
853436
11110831
11113496
11110831
11110831
11113496
11111467
11111896
4249041
4252608
11112767
11110715
11110715
11110715
11110715
11110715
4253103
11114074
4253103
4253103
11114074
4253311
4253311
4253311
4253311
4253311
4248302
4254383
17385316
4248302
4254383
4247852
7973923
11112244
14744551
17386594
14741776
14741776
14741776
14741776
14741776
4253049
11111143
4253049
4253049
11111143
4254358
4254358
4254358
4254358
4254358
849510
4252790
4253015
4253575
4254158
26752516
4253807
11112311
26752516
4253807
4253361
17408847
4253361
4253361
17408847
11110939
17403221
11110939
11110939
17403221
11111503
11114047
17411971
11111503
11114047
26752593
4246039
11114210
17402913
17414522
4241538
4253941
4241538
4241538
4253941
26752640
4244721
26752640
26752640
4244721
4252823
11110999
4252823
4252823
11110999
4237857
4237922
4238304
4238462
4238849
4254179
4254179
4254179
4254179
4254179
11113138
3717861
11110666
11112540
11113783
4252470
4252622
4252816
4252866
4253024
14725994
17387566
14725994
14725994
17387566
14729246
17410394
14729246
14729246
17410394
4237495
4237495
4237495
4237495
4237495
14738666
14738666
14738666
14738666
14738666
4238859
4238859
4238859
4238859
4238859
26751061
26751061
26751061
26751061
26751061
11110712
11111295
11110712
11110712
11111295
26752433
26752459
859105
17416386
26752433
4243301
11110732
11113667
17386006
4243301
26752652
17413926
26752652
26752652
17413926
14741897
14741897
14741897
14741897
14741897
11114145
14726357
14745314
11114145
14726357
7975186
7975186
7975186
7975186
7975186
11111457
11111414
14726085
14736895
14740921
11113474
11113474
11113474
11113474
11113474
4238864
4239230
4240135
4240170
4253357
14726120
14726120
14726120
14726120
14726120
17410937
17410937
17410937
17410937
17410937
11111974
17409513
17411486
17412186
11111974
4252940
11111476
14735106
17416201
4252940
11110739
11112253
14724072
11110739
11112253
11111597
11111605
11111703
11113990
11111597
17403282
17403282
17403282
17403282
17403282
11111340
17411636
11111340
11111340
17411636
860507
14730455
17402699
860507
14730455
4253564
11111473
11112502
17385004
4253564
26752608
4253241
17415132
26752608
4253241
850189
850189
850189
850189
850189
4252981
4253287
4252981
4252981
4253287
4253617
17402702
17411294
4253617
17402702
4247854
4253946
11110810
4247854
4253946
4237804
4238546
4239309
4239507
4239654
858640
858640
858640
858640
858640
4240280
4237485
4238388
4238407
4239694
4238288
4238802
4238812
4239700
4243668
4238753
4239275
4240370
4238753
4239275
4237674
4238004
4238535
4239156
4245436
4238182
4237913
4238191
4238209
4238280
4237671
4237879
4238015
4238408
4238837
4248128
4253498
11111125
4248128
4253498
4253046
4253735
11113984
11114119
4253046
860146
4238893
860146
860146
4238893
26752466
26752654
26752680
4253354
14731985
4238282
4253434
11111599
4238282
4253434
4241593
4243474
4248297
17406781
4241593
4237958
4239952
4251804
14742291
17411258
4237518
4237729
4237768
4237780
4237919
4239264
4239296
4239837
4239264
4239296
26752645
26752645
26752645
26752645
26752645
4237474
4237559
4237894
4239320
4239632
26752705
4252762
4253052
7977971
26752705
4237944
4239092
4240173
4237944
4239092
4238544
4239545
4238544
4238544
4239545
4237538
4237883
4238115
4238173
4238252
4252975
17387481
4252975
4252975
17387481
4237634
4237859
4237956
4238823
4238858
4245204
4246068
4252621
4245204
4246068
4237745
4238338
4238476
4238807
4238819
4253043
4253068
11113538
11113539
17411591
4237870
4237870
4237870
4237870
4237870
4237486
4237686
4238684
4238742
4238958
4254107
14724031
4254107
4254107
14724031
4252781
4252845
4253027
7972648
7976436
26752602
4247334
17402934
26752602
4247334
4237788
4237846
4237930
4238271
4238489
4237563
4237971
4238421
4237563
4237971
846555
4239001
4239689
14722631
17413133
11111852
4241498
4253787
11112526
14745755
851466
4237666
4237704
4237987
4238076
4237635
4237961
4238377
4239266
4239391
4239161
7973786
11111481
11114115
11114243
4250318
4252957
4253081
4254051
11112475
4251421
14740996
4251421
4251421
14740996
4253176
11112786
4253176
4253176
11112786
4254304
14742091
4254304
4254304
14742091
14723743
14723743
14723743
14723743
14723743
4237580
4238037
4238511
4238562
4239278
4251069
17411696
4251069
4251069
17411696
4237489
4237937
4238081
4238690
4240343
4237703
4238158
4238534
4238801
11110816
4238611
4239239
4239698
4240202
4253736
4252679
4252953
4253574
4253997
4254216
4237593
4237876
4237981
4238343
4238344
4238642
4252750
11112828
17411141
4238642
4237492
4237628
4237862
4238043
4238250
26752504
26752561
26752587
26752591
26752642
11111556
11114239
11114240
17416118
11111556
11111041
11113832
11111041
11111041
11113832
4237777
4237845
4237847
4237869
4237931
4238201
4238451
4238923
4238948
4239050
4253435
14727146
4253435
4253435
14727146
4252776
4253994
4252776
4252776
4253994
11111430
11111430
11111430
11111430
11111430
4237959
4238172
4239041
4239147
4239404
4238748
4238976
4253859
11112839
11114177
17385319
17385319
17385319
17385319
17385319
4237629
4237773
4237802
4238204
4240047
4238039
4238720
4239655
14740916
4238039
3715298
4244532
11111376
17401962
17411745
4239308
4239959
17402932
17411299
4239308
4238734
4239095
4239692
4239776
4239901
17410289
17411635
17410289
17410289
17411635
4248553
14727129
17406712
4248553
14727129
4242508
14726105
17403166
17403469
4242508
864330
17409647
17416347
864330
17409647
14741052
14741052
14741052
14741052
14741052
4237791
4238086
4238114
4239130
4239728
17403059
17403059
17403059
17403059
17403059
4239969
17409426
4239969
4239969
17409426
11111017
11111257
11111017
11111017
11111257
17409025
26751025
26751037
17409025
26751025
4238506
4239412
14740419
4238506
4239412
11112625
11112625
11112625
11112625
11112625
11111433
4254091
11111401
11111433
4254091
4253788
4254178
11113869
4253788
4254178
4247316
4252571
4254071
4247316
4252571
4253293
4253294
4253676
4254212
4253293
842968
4241555
4249136
17407190
17412891
3716276
11112585
11114117
17408549
17412206
4237996
17406732
4237996
4237996
17406732
4252114
4252114
4252114
4252114
4252114
17410156
17410156
17410156
17410156
17410156
4253796
14741988
4253796
4253796
14741988
4242143
4253337
4253573
11112285
4242143
4254242
4254242
4254242
4254242
4254242
11112579
11112579
11112579
11112579
11112579
26750731
26750731
26750731
26750731
26750731
4253570
4253570
4253570
4253570
4253570
863964
4253826
17406782
17407263
863964
17407191
17407191
17407191
17407191
17407191
26751000
26751194
26751197
26751215
26751241
17385206
17385206
17385206
17385206
17385206
4252712
11111864
4252712
4252712
11111864
11113740
17414117
11113740
11113740
17414117
4253572
4253572
4253572
4253572
4253572
4241996
4254350
4241996
4241996
4254350
4254141
17410422
4254141
4254141
17410422
4253999
4253999
4253999
4253999
4253999
11111502
11111502
11111502
11111502
11111502
4253540
14741336
14744341
4253540
14741336
4248655
4248987
4248655
4248655
4248987
4252555
4252657
4252555
4252555
4252657
4246504
17385098
17413320
17416276
4246504
14721905
14721905
14721905
14721905
14721905
26752363
11112434
11114041
17406671
26752363
14741959
14741959
14741959
14741959
14741959
11113663
11113663
11113663
11113663
11113663
11112431
11112431
11112431
11112431
11112431
11113968
11113968
11113968
11113968
11113968
17385317
17385317
17385317
17385317
17385317
4238767
4240067
14731283
4238767
4240067
11111445
11114190
17411122
11111445
11114190
11111880
4242334
14744529
17387780
11111880
11114123
11114123
11114123
11114123
11114123
11111720
11111720
11111720
11111720
11111720
4253903
14745943
4253903
4253903
14745943
4241185
4241949
4248345
4250510
4241185
4238810
4244380
4245045
7973987
17414869
11113285
11113285
11113285
11113285
11113285
4254331
11113335
4254331
4254331
11113335
17406725
17406725
17406725
17406725
17406725
11113954
11113954
11113954
11113954
11113954
11110933
4252668
4253651
11112784
11110933
11110876
4244738
4253384
4253775
4253856
4254055
17409987
4254055
4254055
17409987
4239686
4237934
4239594
4239714
4240178
11110984
11114159
17411051
11110984
11114159
4245670
14723182
4245670
4245670
14723182
4243992
14742461
4243992
4243992
14742461
14731299
14731299
14731299
14731299
14731299
4237970
4239207
4239649
4239796
14735338
4240204
14722127
4240204
4240204
14722127
11111585
4252916
11111631
11111585
4252916
4243727
14738522
17414119
4243727
14738522
14741448
17408024
14741448
14741448
17408024
4239564
4239564
4239564
4239564
4239564
4244058
17413873
4244058
4244058
17413873
4251084
4253130
11110921
11111664
11112541
14739420
14740842
14743337
17403465
17407991
4239747
4240087
4252687
4253137
4253235
850283
858756
4241870
4248061
4251152
11111923
4253195
4253910
11111024
11111097
26752336
26752485
26752498
26752729
4254157
4241678
4241678
4241678
4241678
4241678
4239406
17410718
4239406
4239406
17410718
4248974
11111159
14727158
14738036
14742761
4253438
17407638
4253438
4253438
17407638
11110898
4240969
4249185
11110898
4240969
14740858
14740858
14740858
14740858
14740858
26751003
26751268
26751269
26751286
26751287
4252726
11111360
11111361
4252726
11111360
11111162
4252683
11112348
11111162
4252683
4253679
4253679
4253679
4253679
4253679
11113459
14726057
11113459
11113459
14726057
4253214
4253214
4253214
4253214
4253214
11113282
11112185
11113282
11113282
11112185
14723684
17410028
26750724
14723684
17410028
4246775
4253909
4254085
11111675
11112764
4252405
14742102
4252405
4252405
14742102
4238102
4238179
4238102
4238102
4238179
17412175
17412175
17412175
17412175
17412175
11112094
11112229
11112230
17415471
11112094
14731040
14731040
14731040
14731040
14731040
4238134
4238975
4239696
4238134
4238975
7972814
7972814
7972814
7972814
7972814
4238930
4247480
11113669
17385068
4238930
4253098
26750856
26750857
26750866
26751189
26752519
26752523
26752563
26752682
17411729
11113185
11113185
11113185
11113185
11113185
4252486
4253347
11110751
11111760
11112685
4253433
17408548
4253433
4253433
17408548
4253394
11112330
11112333
11112377
11112734
863043
4253888
17407341
863043
4253888
26752544
26752549
26752600
4237753
4238756
17402218
17402218
17402218
17402218
17402218
11111538
11112686
11111538
11111538
11112686
4243328
4248948
4249966
14744588
17387930
4244400
4254430
4244400
4244400
4254430
11112895
11112895
11112895
11112895
11112895
14724064
14724064
14724064
14724064
14724064
11111496
11112446
11111496
11111496
11112446
17413572
17413572
17413572
17413572
17413572
14745001
14745330
14745001
14745001
14745330
4240177
4240177
4240177
4240177
4240177
4253723
4254269
4253723
4253723
4254269
26752595
4254279
26752595
26752595
4254279
11113536
17411594
11113536
11113536
17411594
4243647
4243647
4243647
4243647
4243647
4242792
4251587
4253092
11111319
4242792
4252907
4252907
4252907
4252907
4252907
848612
860889
848612
848612
860889
11111128
11111128
11111128
11111128
11111128
4238024
4238405
4238657
4238762
4238929
14741628
14741628
14741628
14741628
14741628
14732080
17409628
14732080
14732080
17409628
4244729
17411910
4244729
4244729
17411910
4245427
14744472
4245427
4245427
14744472
859689
14724147
17387815
17401207
17402455
26750940
26750940
26750940
26750940
26750940
26750918
26750933
26750918
26750918
26750933
4253310
4253519
4253671
4253310
4253519
4252949
26751087
4252949
4252949
26751087
4252763
11111696
11112246
11112410
11112575
4253708
4253708
4253708
4253708
4253708
11111698
4252880
4252912
4253050
4253069
11112218
11112218
11112218
11112218
11112218
4253097
4253097
4253097
4253097
4253097
17401953
17401953
17401953
17401953
17401953
4242404
4251055
4242404
4242404
4251055
11113268
26752402
4253734
26751174
11113268
4253264
4253264
4253264
4253264
4253264
11110798
11110798
11110798
11110798
11110798
4240523
4244086
4253838
26750963
4240523
14727287
17401462
17403132
14727287
17401462
4253437
4253437
4253437
4253437
4253437
4253512
4253512
4253512
4253512
4253512
11110989
11111156
11110989
11110989
11111156
11113884
11113884
11113884
11113884
11113884
7972835
26751185
7972835
7972835
26751185
4242309
4253009
11112473
14726101
14727226
4253386
11112712
11112739
11112779
11113725
4251441
4251870
26751209
26751227
26751353
26751205
26751208
26751223
26751226
26751313
26751195
26751196
26751199
26751201
26751213
11113500
17413675
11113500
11113500
17413675
4254340
4254340
4254340
4254340
4254340
11110958
11110958
11110958
11110958
11110958
4241299
14726070
14743590
4241299
14726070
4237750
4237782
4238683
4238726
4239298
4252723
4253492
4254162
4252723
4253492
17385126
17385126
17385126
17385126
17385126
4254064
4254064
4254064
4254064
4254064
4244865
4244865
4244865
4244865
4244865
17414065
17414065
17414065
17414065
17414065
11112268
11112477
11113693
14723762
17401329
11110890
17412200
11110890
11110890
17412200
14745866
14745866
14745866
14745866
14745866
11112890
17407477
11112890
11112890
17407477
26750997
26750998
26750997
26750997
26750998
14745315
14745315
14745315
14745315
14745315
4252675
4252675
4252675
4252675
4252675
4252731
4253799
14722144
4252731
4253799
11111731
26752410
11112104
11112372
11112556
11112355
17406752
11112355
11112355
17406752
11113169
14734435
11113169
11113169
14734435
11111692
17408080
11111692
11111692
17408080
14739808
17412026
14739808
14739808
17412026
17408069
17408069
17408069
17408069
17408069
4252732
4253332
4253632
14722652
14723143
4252458
4252458
4252458
4252458
4252458
11111230
17409335
11111230
11111230
17409335
14741046
14741046
14741046
14741046
14741046
4241809
4241809
4241809
4241809
4241809
11111513
11111764
11113771
11111513
11111764
11113242
26752430
11112317
11112856
11114253
26751339
26751357
26751339
26751339
26751357
851660
861145
4244060
4245981
17411952
4252718
4252718
4252718
4252718
4252718
4252899
4253087
4252899
4252899
4253087
4254089
4254089
4254089
4254089
4254089
17384938
17386118
17384938
17384938
17386118
11113699
14731052
17409403
17414420
11113699
14726067
17409902
14726067
14726067
17409902
11112258
11112258
11112258
11112258
11112258
4254259
4254259
4254259
4254259
4254259
4253819
4254183
17401431
17410152
4253819
4253490
7973588
11111479
11114221
4253490
4253976
11112884
14723765
4253976
11112884
4237476
4237502
4237576
4237649
4237761
856905
4237589
4238510
4239909
4240038
4252699
4253208
4253233
4254294
14739382
4238047
4238615
4239535
4239896
14740899
11110673
11110886
11110673
11110673
11110886
863281
3712359
7974345
7977073
11111084
17402706
17406677
17408265
17402706
17406677
7974123
14726095
14726293
17413776
17414154
11111317
4246626
4253192
4253363
11111254
26752722
26752722
26752722
26752722
26752722
11113166
11111326
11113166
11113166
11111326
4252846
4253463
11113713
14741259
4252846
849132
4247422
4252593
14735504
849132
4254050
4254050
4254050
4254050
4254050
7977024
11112135
11113661
11113741
7977024
4254161
4254161
4254161
4254161
4254161
14723821
14723942
14723821
14723821
14723942
4253520
4253520
4253520
4253520
4253520
4253047
4253349
7972595
11111656
4253047
4254171
4254171
4254171
4254171
4254171
11113280
11111177
11112392
14721879
14727328
26752441
858457
4253172
11110703
11110765
11111363
4252944
11110847
11111363
4252944
11110664
11110879
11111245
11110664
11110879
4254111
11113849
11113850
4254111
11113849
14731887
17408466
17416121
14731887
17408466
14730208
14731041
17410280
14730208
14731041
14745094
14745094
14745094
14745094
14745094
11111114
11114003
11114004
11111114
11114003
11112123
11113959
14727154
11112123
11113959
4253777
11112902
4253777
4253777
11112902
4253524
17409062
17414162
4253524
17409062
17403290
17408837
17412179
17413042
17414157
4241037
4248316
14743993
17384950
17384951
11111276
4254423
11111276
11111276
4254423
26752658
4242315
26752658
26752658
4242315
26752412
26752419
26750739
26750774
26750775
11111793
4244745
4254315
17406713
11111793
4252928
4246403
4248144
4251917
4253461
4237517
4238486
4238809
4239061
4239708
4244248
4246838
4251767
4244248
4246838
4253151
4253164
11113647
4253151
4253164
4254324
4254324
4254324
4254324
4254324
4253473
4254014
17388380
4253473
4254014
11111875
11111875
11111875
11111875
11111875
4246708
4252943
4253487
4253511
4253608
14744655
17384902
17384930
17411029
17411333
3713022
3713022
3713022
3713022
3713022
4237505
4237627
4237939
4238127
4238249
17386335
17407212
17411974
17386335
17407212
4254258
11111129
11112401
11114005
4254258
4253331
4253331
4253331
4253331
4253331
4252757
4252840
4252856
4253985
11112304
4237541
4253210
4253211
4237541
4253210
11111377
11111377
11111377
11111377
11111377
14736216
14736216
14736216
14736216
14736216
11110808
11111563
11110808
11110808
11111563
11111922
11112164
11113530
11111922
11112164
4250268
4253912
17408666
4250268
4253912
856259
14733105
856259
856259
14733105
11111316
11111316
11111316
11111316
11111316
4241472
4247219
4247268
4247501
7974811
26752411
17414186
17415546
26752411
17414186
11112592
11112908
11112592
11112592
11112908
4252669
4253501
14743309
4252669
4253501
4246349
17402982
17410218
4246349
17402982
26752646
14743945
17408267
26752646
14743945
11112178
11112587
11112698
11112178
11112587
11113171
11110859
11112571
11113171
11110859
26752464
11112319
26752464
26752464
11112319
14741549
14741549
14741549
14741549
14741549
26752385
26752386
26752390
26752393
26752440
4253113
4253135
4253771
11111586
4253113
4237515
4237632
4237691
4237989
4238025
17406764
17406764
17406764
17406764
17406764
4253335
4253335
4253335
4253335
4253335
4253277
11112407
4253277
4253277
11112407
11113248
26752331
4250432
11112678
26751317
26750777
26750843
26750994
26751272
26751290
26752518
4252542
26752518
26752518
4252542
11111395
11111524
11111952
11112368
11112888
11111612
11111612
11111612
11111612
11111612
4244369
4253127
4253471
4253538
4253665
4237658
4240867
11114231
14726333
17409014
860250
17410361
860250
860250
17410361
4254321
4254321
4254321
4254321
4254321
11110749
4252503
4252879
14745957
17409630
11111587
4254176
11111587
11111587
4254176
4253730
4253797
4254266
11113675
14723196
17415258
17415258
17415258
17415258
17415258
11110864
11113762
11110864
11110864
11113762
14726117
17387533
17406563
14726117
17387533
4254128
4254128
4254128
4254128
4254128
7976341
17408813
17416299
7976341
17408813
4252837
4254015
11111348
11113853
17408753
11112871
11112871
11112871
11112871
11112871
4253053
4253672
17409319
4253053
4253672
4247708
4254256
4247708
4247708
4254256
14726431
14741218
17402238
17406913
17408033
4246015
4253579
4253744
4253815
17409017
17411815
17411815
17411815
17411815
17411815
4252583
4254316
11111778
4252583
4254316
4239451
4241848
14744395
4239451
4241848
26750733
26750735
26751188
26750733
26750735
4252549
4253578
11112782
11114165
4252549
4238095
4238991
4239220
4253333
17409896
4245627
7977090
17402265
17411751
17413200
4244619
7974886
14724045
14727107
14734624
850739
850739
850739
850739
850739
7973657
7973657
7973657
7973657
7973657
4254124
4254124
4254124
4254124
4254124
11112374
11112374
11112374
11112374
11112374
14731871
14731871
14731871
14731871
14731871
4254347
14723961
14724036
4254347
14723961
14744846
14744846
14744846
14744846
14744846
11111357
11112643
11112750
11111357
11112643
26752550
26752550
26752550
26752550
26752550
3715879
11110990
3715879
3715879
11110990
4252895
4253741
4254048
11113441
11113450
26752429
26751108
26752429
26752429
26751108
11111388
11111438
11112420
11114000
11111388
4238964
4239807
4238964
4238964
4239807
4254138
11110934
4254138
4254138
11110934
4247338
4248828
4253165
11111246
11112404
11111862
11111862
11111862
11111862
11111862
11111443
4243705
11111443
11111443
4243705
4239526
26750987
4239526
4239526
26750987
17385299
17385299
17385299
17385299
17385299
26750802
26750854
26750802
26750802
26750854
857377
14722628
857377
857377
14722628
7972806
11111452
11112291
11113817
7972806
11113556
11113556
11113556
11113556
11113556
4243600
11111771
17384962
17384967
4243600
4248658
17407930
17408732
4248658
17407930
11112586
11112586
11112586
11112586
11112586
4250708
14723955
14727309
17410841
17411886
11111171
4253383
11112453
11112746
11114218
4254182
4253899
17409201
4254182
4253899
4237702
4237903
4238045
4238160
4238882
11111570
11111570
11111570
11111570
11111570
11111833
4253114
4253567
4254286
11111833
4237494
4237526
4237821
4238074
4238157
11112213
11112435
11112518
11112213
11112435
17402960
17411543
17402960
17402960
17411543
14732936
14737074
14742354
14732936
14737074
17411703
17411703
17411703
17411703
17411703
4241007
4241007
4241007
4241007
4241007
4243380
11112921
4243380
4243380
11112921
11111272
11112117
11111272
11111272
11112117
11112332
17384996
17385031
17385042
17385049
11113989
11113989
11113989
11113989
11113989
3714911
4237827
3714911
3714911
4237827
26751102
26751187
26751102
26751102
26751187
11114051
26751240
26751258
11114051
26751240
859874
4245422
7972958
11112517
17408087
4252480
4254390
17413048
4252480
4254390
11110942
17411904
11110942
11110942
17411904
4238655
4238655
4238655
4238655
4238655
4253553
14736256
4253553
4253553
14736256
26752630
4252834
17384891
17409124
26751112
4254254
4254254
4254254
4254254
4254254
4253576
11112227
11112259
14743146
17408588
848751
4254184
17414270
848751
4254184
4253845
4253845
4253845
4253845
4253845
4253510
4253848
11110832
14738620
17414302
4252598
11110978
4252598
4252598
11110978
860091
17411366
860091
860091
17411366
4252883
11113339
14727225
14741500
17412864
4251232
4251232
4251232
4251232
4251232
4239858
4237504
4239116
4239216
4239858
4252996
4252997
4253364
4253503
4253778
4253614
4253614
4253614
4253614
4253614
4254168
4254168
4254168
4254168
4254168
4248825
4253257
4248825
4248825
4253257
4252860
11112243
4252860
4252860
11112243
4244521
4252642
11112549
14727254
17414373
26752619
849292
4245151
14722200
14744709
11111898
11114230
11111898
11111898
11114230
4252896
4253559
4253645
4253646
17387450
4249168
11113606
4249168
4249168
11113606
4254329
17384874
17415226
17415676
4254329
14740902
26751125
14740902
14740902
26751125
26752404
26752404
26752404
26752404
26752404
14739745
17388022
17411390
17414361
14739745
14734985
14734985
14734985
14734985
14734985
14727261
14735693
17412917
14727261
14735693
11113510
4252950
4253881
11112103
11113844
3717913
4241092
14740134
17403320
17406746
14745448
14745448
14745448
14745448
14745448
14732607
14732607
14732607
14732607
14732607
17409843
17409843
17409843
17409843
17409843
4254221
14744482
14745530
4254221
14744482
4250267
11111766
14737250
17402830
4250267
4253809
11111297
4253809
4253809
11111297
11113759
11113759
11113759
11113759
11113759
4253122
4254235
11111112
11111942
11113517
4252759
4252759
4252759
4252759
4252759
4238051
4238766
4238916
4239916
4240371
14737688
17385320
17408402
14737688
17385320
14724049
17411776
14724049
14724049
17411776
11112765
11112765
11112765
11112765
11112765
17401931
17409755
17414651
17401931
17409755
17411420
17411420
17411420
17411420
17411420
17401336
17401336
17401336
17401336
17401336
11110800
11110800
11110800
11110800
11110800
17408812
17410843
17408812
17408812
17410843
4254323
17385003
17403180
4254323
17385003
4237545
4237731
4237740
4237784
4238155
26752671
26751171
26752671
26752671
26751171
4243895
17414517
4243895
4243895
17414517
852944
14744614
14745293
17402234
17414491
11111416
4238682
4239517
4239608
11111964
4252713
4252832
4253474
4253634
4253984
4253030
17413123
4253030
4253030
17413123
14723549
14723549
14723549
14723549
14723549
4253727
14723188
4253727
4253727
14723188
17408544
17408544
17408544
17408544
17408544
846035
861640
4242442
4248653
4252548
17402904
17402904
17402904
17402904
17402904
4253491
11111066
11111330
11111651
11111679
4254194
26750736
4254194
4254194
26750736
11114104
11114104
11114104
11114104
11114104
4237940
4238195
4238443
4238449
4238848
17409901
17409901
17409901
17409901
17409901
4244760
4254013
4244760
4244760
4254013
11110693
11110693
11110693
11110693
11110693
14735146
17409682
14735146
14735146
17409682
26752489
26751239
26751242
26751257
26751260
11111957
4254197
11112493
11111957
4254197
14727063
17409327
14727063
14727063
17409327
4252761
4252941
11110786
11111719
11112297
26752439
26751235
26751237
26751255
26752439
4254267
11112710
14722644
4254267
11112710
4250618
4253004
4250618
4250618
4253004
11111184
11114173
11111184
11111184
11114173
11110684
11111218
4253186
4253399
11113396
11114095
11114095
11114095
11114095
11114095
17410006
17410006
17410006
17410006
17410006
4252599
4254019
11110975
14735112
17407055
11113304
11112574
11113304
11113304
11112574
11111448
11111448
11111448
11111448
11111448
4242601
4251829
4242601
4242601
4251829
17406709
17406709
17406709
17406709
17406709
844035
4244708
4251431
4253892
14731567
11111712
11112539
11111712
11111712
11112539
17385302
17385302
17385302
17385302
17385302
17406828
17406828
17406828
17406828
17406828
17416214
17416214
17416214
17416214
17416214
4240797
4252509
4252577
4252592
4253552
17402791
17410263
17412172
17402791
17410263
4237585
4237687
4237795
4237820
4237936
11113238
11113247
11112621
11113238
11113247
4246417
14745871
4246417
4246417
14745871
4242829
4252827
4254252
4242829
4252827
4253359
11114065
4253359
4253359
11114065
11113229
4249666
14727208
11113229
4249666
4250823
4253479
4253960
4250823
4253479
11113828
11113828
11113828
11113828
11113828
862330
4253901
4254249
11112706
862330
7975886
17388012
17412387
17413592
17414688
4237592
4237633
4237928
4238452
4238468
11110734
11113665
26751117
11110734
11113665
4252487
4252488
4253586
11112277
11112301
17408557
17408770
17408557
17408557
17408770
14741601
17407470
17413652
26751210
26751228
4253814
14720752
4253814
4253814
14720752
11113617
14734710
11113617
11113617
14734710
11112651
17402042
17407603
17408112
17408511
4253863
4253863
4253863
4253863
4253863
4239710
4252970
4252982
4239710
4252970
11110861
4253102
4253862
11112499
11112605
17410731
17410731
17410731
17410731
17410731
11112614
11112614
11112614
11112614
11112614
4248720
11110796
17411819
4248720
11110796
11111315
11111355
11111410
11113360
11111315
26752428
4246994
4250132
11114194
14731226
11112533
17413943
11112533
11112533
17413943
4237641
4237665
4238214
4238256
4238308
4249597
14732917
17410225
17411338
4249597
4253536
4253547
11113436
4253536
4253547
4252901
4253180
4254130
4254354
11112580
11111759
11111794
11111759
11111759
11111794
864131
17410936
26751245
26751263
864131
11112917
11112917
11112917
11112917
11112917
26752720
26752720
26752720
26752720
26752720
4251422
14733848
14739046
17413788
4251422
4253054
11111364
11112778
4253054
11111364
11111471
4237829
4238469
4239705
4239706
4239965
17415571
4239965
4239965
17415571
4253802
17413112
17415234
4253802
17413112
4252563
11113531
4252563
4252563
11113531
11113996
11113996
11113996
11113996
11113996
4253078
17401244
17413024
17414692
17416039
26750749
26750750
26750749
26750749
26750750
4237578
4238267
4238652
4238800
4239136
859244
4245662
14735176
14746013
17385018
11113160
11111193
11112205
11113912
11113160
17385058
17385125
26751280
26751282
26751298
17402100
17403546
17412887
17402100
17403546
17407595
17407811
17407919
17409187
17407595
26750798
26750847
26750798
26750798
26750847
11111714
14735681
11111714
11111714
14735681
11111243
4238414
4239616
4240247
4252882
17401315
17401315
17401315
17401315
17401315
11111608
11113727
11113739
11111608
11113727
11111580
11111580
11111580
11111580
11111580
11112849
17409807
11112849
11112849
17409807
11114275
11114275
11114275
11114275
11114275
11111411
11113462
11113548
11113598
14742360
14745696
14745696
14745696
14745696
14745696
4238334
4238660
14741250
4238334
4238660
11111659
4252813
4253995
14737406
11111659
11112923
17412875
11112923
11112923
17412875
17411814
17411814
17411814
17411814
17411814
4237591
4237955
4238813
4238826
4238966
4252793
4253083
4253870
11111967
17411914
4239073
11110893
4239073
4239073
11110893
4249606
4252476
4252533
4252582
4252709
26751049
26751049
26751049
26751049
26751049
17413463
17413463
17413463
17413463
17413463
14745175
17406682
14745175
14745175
17406682
4237493
4237772
4237868
4238091
4238113
4237561
4237621
4238448
4238675
4239688
4252955
11111978
14742173
17384893
17384937
26752463
26752463
26752463
26752463
26752463
4237875
4238196
4239341
4239473
4248397
14741129
14741129
14741129
14741129
14741129
4253152
11112918
14742762
26751156
4253152
17401310
17401310
17401310
17401310
17401310
4253653
11112432
14741558
4253653
11112432
11110969
11113257
4244149
4252566
4252735
14742432
14745725
17412184
14742432
14745725
4254155
4254155
4254155
4254155
4254155
26752626
4239544
4239636
26751186
26752626
4253295
4265494
11111391
11111687
14734680
11111908
11111908
11111908
11111908
11111908
14745978
17413600
14745978
14745978
17413600
14745965
14745965
14745965
14745965
14745965
4253254
4253254
4253254
4253254
4253254
11112373
11112373
11112373
11112373
11112373
11111045
11111529
11113382
11113431
11113830
4239157
4239192
4253358
4253543
4253555
4253851
4253851
4253851
4253851
4253851
4252971
17387987
17403371
17403442
17406755
863013
3714062
4249311
11114101
863013
26751271
26751289
26751340
26751345
26751358
4239930
4252703
4239930
4239930
4252703
11110892
11110892
11110892
11110892
11110892
851674
14730501
17401886
17402258
851674
4253965
4253965
4253965
4253965
4253965
11110973
14723408
14726746
14745872
11110973
17411740
17411740
17411740
17411740
17411740
11113569
11113569
11113569
11113569
11113569
11113997
11113997
11113997
11113997
11113997
14722102
14722111
14722120
17387465
17403493
11111137
11111137
11111137
11111137
11111137
11110679
11111805
11113839
11113840
11110679
4237498
4246313
17401402
17409839
17410890
4253007
4253067
4253374
17384875
4253007
11111772
11112741
14742134
17410878
11111772
11111241
11112321
11111241
11111241
11112321
4254122
4254122
4254122
4254122
4254122
4254094
26751154
4254094
4254094
26751154
4253453
4253654
4253915
17412045
4253453
14743316
14743316
14743316
14743316
14743316
17402038
17413835
17402038
17402038
17413835
844043
4237690
4238005
4238312
4238612
11111944
11111944
11111944
11111944
11111944
4237567
4237812
4238306
4238570
4238674
848392
4249519
4251755
14739753
17416209
11114086
11114086
11114086
11114086
11114086
17403553
17403553
17403553
17403553
17403553
4237684
4238503
4238713
4239210
4239218
11110689
4253139
14724034
17408236
17415153
26750984
26750984
26750984
26750984
26750984
844932
17387985
17401254
17413847
844932
11111869
4243412
4251097
7978455
14722629
4252736
4253948
4253949
4254218
11111863
17401711
17414033
17401711
17401711
17414033
4238933
4246096
4250038
7977748
11111755
4237663
4238601
4239508
4239588
11112328
4253652
4253652
4253652
4253652
4253652
4241356
4253274
4253275
4253303
4253371
4252538
17412107
17415358
4252538
17412107
860830
862116
860830
860830
862116
4239647
4239973
4252083
4239647
4239973
4253755
11112535
4253755
4253755
11112535
4254173
17411805
17415952
4254173
17411805
4252785
4253499
17412990
4252785
4253499
4254006
11112288
14726061
17409641
17410050
14722188
14726046
17409424
14722188
14726046
26750744
26750762
26750782
26750783
26750807
4238955
4253036
17412882
17414044
4238955
4252784
17402468
17409144
17412870
17413049
4253388
14730359
4253388
4253388
14730359
11112823
11112823
11112823
11112823
11112823
4253288
4254277
4253288
4253288
4254277
26752461
11114060
17384885
26752461
11114060
26751246
26751264
26751246
26751246
26751264
4252551
4252952
11110837
11111510
11111576
14725987
14725987
14725987
14725987
14725987
26750851
26751104
26750851
26750851
26751104
4253647
4254246
4254264
4254424
11113992
4237707
4238583
4237707
4237707
4238583
11111407
11111407
11111407
11111407
11111407
11111877
4240452
4241117
4253858
11111877
11111763
17384887
11111763
11111763
17384887
4238281
4238771
4238829
4239542
4239639
4242447
4242447
4242447
4242447
4242447
4239174
4238104
4238227
4238234
4239244
11114263
11114263
11114263
11114263
11114263
4245288
4250224
11114222
17412869
4245288
4247458
11113905
4247458
4247458
11113905
11114135
17413410
11114135
11114135
17413410
850571
3713238
4250639
14735493
850571
4253618
17402490
17410096
4253618
17402490
4254369
4254369
4254369
4254369
4254369
853274
861833
4242749
4245747
4246125
11114151
11114151
11114151
11114151
11114151
4253945
4253945
4253945
4253945
4253945
4254250
17414160
4254250
4254250
17414160
11111490
11111490
11111490
11111490
11111490
17411207
17411207
17411207
17411207
17411207
14734436
14734436
14734436
14734436
14734436
14744389
17406705
14744389
14744389
17406705
11112287
14741452
17409115
11112287
14741452
4253163
4253163
4253163
4253163
4253163
4254084
4254084
4254084
4254084
4254084
4253216
11113432
4253216
4253216
11113432
14723852
14723852
14723852
14723852
14723852
4253905
4254293
14724077
4253905
4254293
14726368
14726368
14726368
14726368
14726368
4240561
4253696
4254139
11112231
14723987
26752507
26752667
4243278
11113999
26752507
14734431
17385071
17385124
14734431
17385071
4252808
14741125
4252808
4252808
14741125
17411452
17411452
17411452
17411452
17411452
4243684
11113958
4243684
4243684
11113958
11111702
17415524
11111702
11111702
17415524
4241982
4245936
4246573
4241982
4245936
11111339
11111339
11111339
11111339
11111339
4254036
4254036
4254036
4254036
4254036
4238347
4238578
17402428
17415112
4238347
11112665
11112665
11112665
11112665
11112665
11111818
4251787
11111127
11111421
11112553
26752343
26750747
26750761
26750764
26750769
14738657
14738657
14738657
14738657
14738657
4252888
4254067
11112593
14730640
17387943
14734096
14734096
14734096
14734096
14734096
4237932
4238747
4238773
4239600
4240031
17413937
17413937
17413937
17413937
17413937
4245229
4254112
4245229
4245229
4254112
859883
4254106
859883
859883
4254106
17401211
17414755
26750809
17401211
17414755
11111299
11112468
11111299
11111299
11112468
11112647
11114156
11112647
11112647
11114156
17411813
17411813
17411813
17411813
17411813
17402907
17402907
17402907
17402907
17402907
4252777
4252908
4253112
4253125
4252777
4244265
11110971
14723721
4244265
11110971
4242014
4249854
4242014
4242014
4249854
11112156
11112519
11112156
11112156
11112519
17415329
17415329
17415329
17415329
17415329
3713263
17403618
17408079
17412003
17414390
4252387
17402336
17402400
17409111
17409330
26752503
4254214
26752503
26752503
4254214
17401231
17401231
17401231
17401231
17401231
853296
14723793
853296
853296
14723793
4253259
4253598
11111812
14739769
4253259
11111722
11111722
11111722
11111722
11111722
4254428
4254428
4254428
4254428
4254428
14745077
14745077
14745077
14745077
14745077
860691
4241793
11111853
11112414
11112817
26752368
4254296
11111790
26752368
4254296
11110774
4237974
4238322
11111242
14745381
17409713
17414810
17409713
17409713
17414810
4252469
26751152
26751155
26751160
26751165
26752534
857689
7976748
26752534
857689
4253753
14745216
4253753
4253753
14745216
26751157
26751159
26751164
26751157
26751159
4247276
11111333
11112335
17387580
17410541
4253958
11112169
17410893
4253958
11112169
11110843
26752539
26752582
4247136
7973139
11113790
11113790
11113790
11113790
11113790
26751312
26751330
26751348
26751366
26751414
26752572
11110839
11111341
11113430
26752572
4253942
11112478
4253942
4253942
11112478
17387849
17387879
17387849
17387849
17387879
862891
4241842
4246957
4249038
4249486
4237478
4238117
4238440
4239219
4239376
14739117
14739117
14739117
14739117
14739117
4238069
4238513
4238626
4239134
4239146
4238830
4240013
26751147
4238830
4240013
11110834
11113877
17413117
11110834
11113877
4252734
4251344
4252909
17402010
4252734
11111972
14721949
11111972
11111972
14721949
11111756
11113758
11111756
11111756
11113758
17401161
17402035
17407003
17401161
17402035
4253973
4254045
4253973
4253973
4254045
11111746
14734086
11111746
11111746
14734086
17402075
17407819
17408673
17402075
17407819
17387620
17387882
17387620
17387620
17387882
4245568
14743311
4245568
4245568
14743311
11113155
11113212
4252514
11112260
11113155
4254313
14726314
4254313
4254313
14726314
4242281
4246238
4242281
4242281
4246238
11111882
11111882
11111882
11111882
11111882
4252796
4252796
4252796
4252796
4252796
4253427
4254353
4253427
4253427
4254353
11111601
17410933
11111601
11111601
17410933
17407226
17407226
17407226
17407226
17407226
11110754
14745072
11110754
11110754
14745072
4253238
4253338
11111261
17406616
4253238
4253932
11112589
4253932
4253932
11112589
4253677
11113730
14734164
4253677
11113730
26752525
26752596
11111789
11113691
17407947
4253082
11112816
11113438
4253082
11112816
11112157
11112529
11112157
11112157
11112529
11114277
4253220
11111211
11114277
4253220
14744507
14744507
14744507
14744507
14744507
17412982
17412982
17412982
17412982
17412982
11110806
11114056
14726325
14733934
14734991
4252146
14722924
4252146
4252146
14722924
4244520
4244520
4244520
4244520
4244520
14727222
26750763
26750833
14727222
26750763
11114242
17411192
11114242
11114242
17411192
4254337
11111873
4254337
4254337
11111873
4253369
4253369
4253369
4253369
4253369
11111970
14740773
11111970
11111970
14740773
4253762
4254120
11112154
17413881
4253762
4249081
14740879
4249081
4249081
14740879
4254146
4254146
4254146
4254146
4254146
14742783
17401208
14742783
14742783
17401208
4254143
11112609
4254143
4254143
11112609
4249683
11114050
4249683
4249683
11114050
11113883
17413815
11113883
11113883
17413815
11112193
11112302
11114237
11112193
11112302
4252774
11111450
11112821
4252774
11111450
4253566
17412939
4253566
4253566
17412939
17411743
17411743
17411743
17411743
17411743
4242608
4247040
14724040
17403228
17407496
14743774
17410090
17411012
14743774
17410090
11112845
11114125
26751134
11112845
11114125
4238200
4239030
4245906
14732844
17406922
4252654
4252740
17407053
17407084
17409035
4253278
14741397
14744040
26751200
26751218
4251954
7976568
14731296
17412629
17414909
4254033
11111053
11113808
17409196
17411170
17385083
17407037
17409967
17415041
17385083
4240174
14727151
4240174
4240174
14727151
26751055
26751055
26751055
26751055
26751055
17387785
17407347
17387785
17387785
17407347
11113211
11113211
11113211
11113211
11113211
4254132
4254132
4254132
4254132
4254132
852628
4245688
4253682
11111056
11113366
14734267
17403474
14734267
14734267
17403474
14727064
14727064
14727064
14727064
14727064
11114146
11114146
11114146
11114146
11114146
4252809
4253290
14724123
4252809
4253290
26752586
26752625
26752653
11111690
26750855
4254251
17385111
17416341
4254251
17385111
843632
4242606
4243298
4244784
11113820
4251289
4253387
4251289
4251289
4253387
4247250
4247250
4247250
4247250
4247250
4247474
17407343
4247474
4247474
17407343
26752434
11111002
26752434
26752434
11111002
4248385
14729207
4248385
4248385
14729207
11111815
11114150
11111815
11111815
11114150
4252745
4252745
4252745
4252745
4252745
17415320
17415320
17415320
17415320
17415320
14734123
14734123
14734123
14734123
14734123
4252656
4252721
4254082
14744579
4252656
4252326
17402755
26750871
26751133
4252326
4254131
14723709
4254131
4254131
14723709
17411541
17415870
17411541
17411541
17415870
26751070
26751070
26751070
26751070
26751070
17410910
17410910
17410910
17410910
17410910
4253063
4253063
4253063
4253063
4253063
14744006
14744006
14744006
14744006
14744006
4241545
4241802
4245497
4247249
14723197
4253380
4254126
4253380
4253380
4254126
3716536
11113940
3716536
3716536
11113940
4251448
14722018
17408478
17416115
4251448
26750726
26750726
26750726
26750726
26750726
4252836
4253101
17402633
17409448
17410342
4248555
4248555
4248555
4248555
4248555
4254148
4254148
4254148
4254148
4254148
11111694
11112360
17414672
11111694
11112360
4251217
11111527
4251217
4251217
11111527
14743312
14743312
14743312
14743312
14743312
11114245
11114245
11114245
11114245
11114245
17416202
17416202
17416202
17416202
17416202
4252686
4252686
4252686
4252686
4252686
4253285
17403004
17408542
4253285
17403004
26751419
26751419
26751419
26751419
26751419
11111303
860868
11112836
11111303
860868
14721902
14721902
14721902
14721902
14721902
4239457
14735459
4239457
4239457
14735459
17386560
17386560
17386560
17386560
17386560
14737254
17402251
14737254
14737254
17402251
11113275
11112322
11113275
11113275
11112322
17402027
17402027
17402027
17402027
17402027
4252991
4253105
14723383
4252991
4253105
11111350
11112688
11111350
11111350
11112688
4253017
17408180
4253017
4253017
17408180
17387617
17387617
17387617
17387617
17387617
17408586
17408586
17408586
17408586
17408586
4250505
4252871
4253140
11110718
4250505
4253656
4253656
4253656
4253656
4253656
11111632
11112467
17411402
11111632
11112467
4248986
4249657
4254032
4254325
11111911
4253443
4253635
14734526
17408020
4253443
14742372
14742372
14742372
14742372
14742372
26751192
26751192
26751192
26751192
26751192
11112399
17384993
17385023
17402569
17412218
26750924
26750939
26750924
26750924
26750939
4253530
17409063
17411679
17412422
17412884
4254298
4254298
4254298
4254298
4254298
4253209
4252951
4253014
4253596
4253209
4242925
17411193
4242925
4242925
17411193
11113952
11113952
11113952
11113952
11113952
17409525
17409525
17409525
17409525
17409525
4237849
4238512
4238695
4238899
4239313
4252986
26751150
4252986
4252986
26751150
11110976
14744613
11110976
11110976
14744613
26750853
26750853
26750853
26750853
26750853
4253751
4253751
4253751
4253751
4253751
4252693
11111356
14742454
17387601
26750868
26752531
858593
4237881
4241519
4241899
4254282
17413778
4254282
4254282
17413778
4238163
17414060
4238163
4238163
17414060
4242566
7978375
11110791
17407096
4242566
4252659
14726040
4252659
4252659
14726040
11111661
11111661
11111661
11111661
11111661
861108
861108
861108
861108
861108
4238982
4239205
4239331
4237531
4237570
14737691
17410287
14737691
14737691
17410287
4245065
4245065
4245065
4245065
4245065
4240409
4242507
17411955
4240409
4242507
14741554
26750888
14741554
14741554
26750888
11112623
11112623
11112623
11112623
11112623
14744659
17407045
14744659
14744659
17407045
11111130
17403232
11111130
11111130
17403232
11112776
11112776
11112776
11112776
11112776
11114023
11114023
11114023
11114023
11114023
14743431
14743431
14743431
14743431
14743431
861962
17410065
861962
861962
17410065
17413929
17413929
17413929
17413929
17413929
11114072
11114072
11114072
11114072
11114072
11111298
11111730
11111298
11111298
11111730
4239680
14740690
4239680
4239680
14740690
26752570
26751118
26751122
26752570
26751118
4252353
17385993
17387786
4252353
17385993
4254391
4254391
4254391
4254391
4254391
4253904
14724056
14738370
4253904
14724056
4241412
17385032
4241412
4241412
17385032
4254121
11111366
14724007
4254121
11111366
26752347
26751106
26752347
26752347
26751106
11111562
14740815
11111562
11111562
14740815
11114062
11114062
11114062
11114062
11114062
11112537
11112537
11112537
11112537
11112537
17406883
17413538
17415373
17406883
17413538
4242129
4242950
4245991
14745968
4242129
17412085
17412085
17412085
17412085
17412085
4254092
17385723
4254092
4254092
17385723
4253891
4253891
4253891
4253891
4253891
4252448
4252641
4253397
4254355
11111532
11112863
17408652
11112863
11112863
17408652
4253668
4253668
4253668
4253668
4253668
11113726
11113726
11113726
11113726
11113726
11110665
4253508
11111823
11110665
4253508
4252701
4253975
4254230
11112524
4252701
4237803
4237962
4238123
4238567
11111639
14745223
14745223
14745223
14745223
14745223
14742083
17409301
14742083
14742083
17409301
14732667
17408872
14732667
14732667
17408872
11111352
4252544
4252847
4253035
4253842
17401890
17401890
17401890
17401890
17401890
17402965
17402965
17402965
17402965
17402965
4252461
4252993
4253382
4252461
4252993
