4237868
4237899
4238853
4238995
4237868
4254263
4254263
4254263
4254263
4254263
11113215
11113215
11113215
11113215
11113215
844085
844085
844085
844085
844085
14745414
14745414
14745414
14745414
14745414
26752581
26752652
26752581
26752581
26752652
11113200
11113200
11113200
11113200
11113200
11111492
11114100
11111492
11111492
11114100
11114148
11114148
11114148
11114148
11114148
858418
858418
858418
858418
858418
11113179
11113179
11113179
11113179
11113179
4243056
4243056
4243056
4243056
4243056
14741457
14741457
14741457
14741457
14741457
11113352
11113352
11113352
11113352
11113352
860986
14735331
860986
860986
14735331
11114108
11114108
11114108
11114108
11114108
14741018
14741018
14741018
14741018
14741018
4253034
4253034
4253034
4253034
4253034
11113199
11113199
11113199
11113199
11113199
7972921
7972921
7972921
7972921
7972921
4237792
4240049
4237792
4237792
4240049
26752723
26752725
26752727
26752723
26752725
4237625
4238781
4238843
4238856
4239785
4242520
17401900
4242520
4242520
17401900
11114219
11114219
11114219
11114219
11114219
4249546
14738621
4249546
4249546
14738621
4248573
14724105
4248573
4248573
14724105
14727318
14727318
14727318
14727318
14727318
14735756
14735756
14735756
14735756
14735756
14740633
14740633
14740633
14740633
14740633
4253306
4253306
4253306
4253306
4253306
14737691
14737691
14737691
14737691
14737691
14730358
17408535
14730358
14730358
17408535
14734155
14734155
14734155
14734155
14734155
26752500
26752686
26752500
26752500
26752686
26752474
26752474
26752474
26752474
26752474
860294
17411921
860294
860294
17411921
4249489
4252863
4249489
4249489
4252863
14741798
14741798
14741798
14741798
14741798
11113360
11113360
11113360
11113360
11113360
17411643
17412631
17411643
17411643
17412631
4246398
14723790
4246398
4246398
14723790
14725997
14725997
14725997
14725997
14725997
4246149
4247991
4246149
4246149
4247991
4239434
4239981
4240211
4240301
4251621
7973798
7973798
7973798
7973798
7973798
4248194
4248194
4248194
4248194
4248194
11110733
11110733
11110733
11110733
11110733
26752463
4253033
4253055
26752463
4253033
4245285
4245285
4245285
4245285
4245285
4243842
4243842
4243842
4243842
4243842
4241218
4241218
4241218
4241218
4241218
14741821
14741821
14741821
14741821
14741821
4243770
14745781
17385812
4243770
14745781
14741399
14745215
14741399
14741399
14745215
4237871
4238240
4239359
4237871
4238240
4250935
14740488
4250935
4250935
14740488
17408052
17408052
17408052
17408052
17408052
4248426
4248426
4248426
4248426
4248426
4251421
14741257
4251421
4251421
14741257
11113988
11113988
11113988
11113988
11113988
11113277
11111750
11113277
11113277
11111750
17401814
17401814
17401814
17401814
17401814
14734880
17415412
14734880
14734880
17415412
14726371
14726371
14726371
14726371
14726371
851085
17413566
851085
851085
17413566
4251111
4251111
4251111
4251111
4251111
4240235
4240235
4240235
4240235
4240235
4252896
4254245
4252896
4252896
4254245
4237971
4238421
4238581
17410350
4237971
17385806
17385806
17385806
17385806
17385806
4237705
4239638
4237705
4237705
4239638
4251285
4251285
4251285
4251285
4251285
14740855
14740855
14740855
14740855
14740855
4253717
4253717
4253717
4253717
4253717
4253025
4253025
4253025
4253025
4253025
14737063
14737063
14737063
14737063
14737063
14730359
14730359
14730359
14730359
14730359
11114055
11114055
11114055
11114055
11114055
843859
4240553
843859
843859
4240553
4254208
4254208
4254208
4254208
4254208
7977466
7977466
7977466
7977466
7977466
14739887
14739887
14739887
14739887
14739887
11113266
11113266
11113266
11113266
11113266
11113602
11113602
11113602
11113602
11113602
11113315
11113316
11113347
11113520
11113315
14721904
14721904
14721904
14721904
14721904
17406575
17408749
17415477
17406575
17408749
4253678
4253678
4253678
4253678
4253678
4238185
4238185
4238185
4238185
4238185
842584
17402148
17406754
17411309
842584
14742462
14742462
14742462
14742462
14742462
4239567
4239590
4239881
4240333
4239567
4252698
11110644
17408406
17412872
4252698
14741577
14741577
14741577
14741577
14741577
11111372
11111372
11111372
11111372
11111372
861762
861762
861762
861762
861762
11112695
11112813
11112695
11112695
11112813
11113082
11112840
11113082
11113082
11112840
17402428
17402428
17402428
17402428
17402428
4253934
4253934
4253934
4253934
4253934
26752464
26752464
26752464
26752464
26752464
858229
858229
858229
858229
858229
11113951
11113951
11113951
11113951
11113951
4248333
4248333
4248333
4248333
4248333
14736435
14736435
14736435
14736435
14736435
14742081
14742081
14742081
14742081
14742081
4246588
4246588
4246588
4246588
4246588
14726702
14737246
14726702
14726702
14737246
4242258
4242258
4242258
4242258
4242258
11113298
11113299
11113298
11113298
11113299
842618
4248323
4249740
11113920
17406594
4238033
4239362
4239861
4238033
4239362
17402769
17402769
17402769
17402769
17402769
4240527
17408907
4240527
4240527
17408907
11114202
11114202
11114202
11114202
11114202
26752514
26752514
26752514
26752514
26752514
11114143
11114143
11114143
11114143
11114143
14723382
14723382
14723382
14723382
14723382
3713415
3713415
3713415
3713415
3713415
4243013
4245636
14744641
14745174
4243013
4247459
14734775
4247459
4247459
14734775
14743918
14743918
14743918
14743918
14743918
11113494
17411224
11113494
11113494
17411224
17412896
17412896
17412896
17412896
17412896
4237604
17413319
4237604
4237604
17413319
14726339
14726339
14726339
14726339
14726339
7973380
14740916
17414607
7973380
14740916
17414321
17414321
17414321
17414321
17414321
4253615
4253615
4253615
4253615
4253615
11113770
11113794
11113770
11113770
11113794
4239170
4239170
4239170
4239170
4239170
4244568
4244568
4244568
4244568
4244568
14723141
14723141
14723141
14723141
14723141
14742737
14742737
14742737
14742737
14742737
14742100
14742100
14742100
14742100
14742100
14741648
14741648
14741648
14741648
14741648
7976966
7976966
7976966
7976966
7976966
860967
14741129
860967
860967
14741129
4239273
14745121
4239273
4239273
14745121
14727156
14741391
14727156
14727156
14741391
14740230
14740230
14740230
14740230
14740230
7977295
7977295
7977295
7977295
7977295
4253126
4253126
4253126
4253126
4253126
11114275
17409692
11114275
11114275
17409692
4253479
17385006
17413908
4253479
17385006
4253379
17413744
4253379
4253379
17413744
14723822
14723822
14723822
14723822
14723822
4248260
4248260
4248260
4248260
4248260
14735228
14739050
14744614
14735228
14739050
14726316
14726316
14726316
14726316
14726316
14741109
14741109
14741109
14741109
14741109
14741568
14741568
14741568
14741568
14741568
4240382
4240382
4240382
4240382
4240382
4241688
17385106
4241688
4241688
17385106
11114163
11114163
11114163
11114163
11114163
17411978
17411978
17411978
17411978
17411978
4252990
4252990
4252990
4252990
4252990
17402540
17402540
17402540
17402540
17402540
4245122
4252796
4245122
4245122
4252796
859990
859990
859990
859990
859990
14737454
14737454
14737454
14737454
14737454
17408936
17408936
17408936
17408936
17408936
3714089
14743091
3714089
3714089
14743091
11113751
17413567
11113751
11113751
17413567
4252359
4252359
4252359
4252359
4252359
4250482
17415524
4250482
4250482
17415524
861899
14722158
861899
861899
14722158
11114261
11114261
11114261
11114261
11114261
11113122
17415896
11113122
11113122
17415896
14743381
17416065
14743381
14743381
17416065
14723802
14742384
14723802
14723802
14742384
4237958
4238589
4240420
4237958
4238589
4248885
4248885
4248885
4248885
4248885
14722569
17387515
14722569
14722569
17387515
4253263
14745083
4253263
4253263
14745083
4239112
4240296
4239112
4239112
4240296
11110899
11110899
11110899
11110899
11110899
4238512
4249967
4238512
4238512
4249967
861895
14722190
14741458
861895
14722190
4248756
4248756
4248756
4248756
4248756
14726691
14726691
14726691
14726691
14726691
4237930
4238780
4240173
4240359
4237930
17401960
17401960
17401960
17401960
17401960
844873
4242394
4250895
14727158
14727205
4253576
4253576
4253576
4253576
4253576
3714832
4237491
4238044
4238301
4238641
4237981
4239126
4237981
4237981
4239126
4237730
4237730
4237730
4237730
4237730
14745448
14745448
14745448
14745448
14745448
14742488
14742488
14742488
14742488
14742488
14722719
14722719
14722719
14722719
14722719
4240609
14740879
4240609
4240609
14740879
4238791
4238922
4240204
4238791
4238922
4237579
4238150
4238353
4238626
4239134
4239447
4239447
4239447
4239447
4239447
4239457
4239457
4239457
4239457
4239457
11114079
11114079
11114079
11114079
11114079
17410375
17410375
17410375
17410375
17410375
4246957
14745131
4246957
4246957
14745131
4254420
4254420
4254420
4254420
4254420
4237662
4238925
4240078
4237662
4238925
11110865
11113214
11113244
11111284
11111560
26752523
4241683
4246673
14744945
17403283
3712600
4239466
17410181
3712600
4239466
11114268
11114268
11114268
11114268
11114268
4237585
4237936
4238271
4238489
4239722
14742241
17401428
17406874
14742241
17401428
861918
4240094
861918
861918
4240094
4244593
17408988
4244593
4244593
17408988
14740726
14740726
14740726
14740726
14740726
14745147
17387958
14745147
14745147
17387958
4239480
4239480
4239480
4239480
4239480
14738620
14738620
14738620
14738620
14738620
858515
11113466
11113467
858515
11113466
858595
4239249
858595
858595
4239249
4239334
4239334
4239334
4239334
4239334
11112704
11112704
11112704
11112704
11112704
4237508
4240005
4237508
4237508
4240005
4246167
4248555
4246167
4246167
4248555
17411601
17411601
17411601
17411601
17411601
4249223
4249223
4249223
4249223
4249223
14742738
14742738
14742738
14742738
14742738
17410188
17410188
17410188
17410188
17410188
4241588
4241588
4241588
4241588
4241588
847691
4240700
4246203
14742578
17407112
14722641
14722641
14722641
14722641
14722641
26752675
17385064
17415989
26752675
17385064
17402391
17402391
17402391
17402391
17402391
3713412
4238219
4238879
4238999
7973987
14741792
14741792
14741792
14741792
14741792
846056
3712502
4241763
846056
3712502
11111505
17402754
11111505
11111505
17402754
11114116
11114116
11114116
11114116
11114116
4249498
4249498
4249498
4249498
4249498
14735239
17403221
14735239
14735239
17403221
14745895
14745895
14745895
14745895
14745895
14743567
14743567
14743567
14743567
14743567
4241630
14737599
4241630
4241630
14737599
14723743
17403447
17414937
14723743
17403447
3714825
3714825
3714825
3714825
3714825
17384999
17384999
17384999
17384999
17384999
4252845
14736977
17410314
4252845
14736977
17385078
17410027
17385078
17385078
17410027
14740712
17409247
14740712
14740712
17409247
14722201
14724027
14722201
14722201
14724027
17411542
17411542
17411542
17411542
17411542
11110887
11110887
11110887
11110887
11110887
866021
866021
866021
866021
866021
4239978
14741471
4239978
4239978
14741471
14737253
14742291
14737253
14737253
14742291
17402902
17402902
17402902
17402902
17402902
3717473
3717473
3717473
3717473
3717473
14742645
14742645
14742645
14742645
14742645
4237540
4238258
4237540
4237540
4238258
4239037
4237758
4238230
4238902
4239077
14741615
14741615
14741615
14741615
14741615
4254146
4254146
4254146
4254146
4254146
7977873
17402328
17402704
7977873
17402328
17402150
17402150
17402150
17402150
17402150
844570
17387543
17415899
844570
17387543
4243142
4243142
4243142
4243142
4243142
851940
17414357
851940
851940
17414357
11112142
11112142
11112142
11112142
11112142
14741476
14741476
14741476
14741476
14741476
14726089
14726089
14726089
14726089
14726089
11113862
11113969
11114019
11114175
11113862
11113689
11113689
11113689
11113689
11113689
14740849
14740849
14740849
14740849
14740849
17402262
17402262
17402262
17402262
17402262
17385138
17385158
17385161
17385179
17385188
4238416
4238416
4238416
4238416
4238416
4249742
4249742
4249742
4249742
4249742
4243385
4243385
4243385
4243385
4243385
14742740
14742740
14742740
14742740
14742740
4238916
4239969
4238916
4238916
4239969
4253234
4253234
4253234
4253234
4253234
4238497
4239957
4240030
4238497
4239957
14740889
17407046
14740889
14740889
17407046
4247631
4247631
4247631
4247631
4247631
851235
863831
14726306
14727135
14737475
4252229
4252229
4252229
4252229
4252229
11111142
11111142
11111142
11111142
11111142
4240223
4242299
4240223
4240223
4242299
14732220
14738125
17414397
17415357
14732220
4243356
4243356
4243356
4243356
4243356
4238318
4240142
4238318
4238318
4240142
865820
865820
865820
865820
865820
17414748
17414748
17414748
17414748
17414748
11113162
11113162
11113162
11113162
11113162
4246639
4246639
4246639
4246639
4246639
7976204
7976204
7976204
7976204
7976204
11114127
11114127
11114127
11114127
11114127
4240786
4240786
4240786
4240786
4240786
26752432
14743494
26752432
26752432
14743494
4237956
4238146
4254255
4254284
4237956
4237630
4237801
4237908
4238222
4237630
4252947
17401143
4252947
4252947
17401143
3712241
4246292
17414352
3712241
4246292
14745649
14745649
14745649
14745649
14745649
17411151
17411210
17411476
17411151
17411210
17408821
17408852
17408821
17408821
17408852
4245234
17414922
4245234
4245234
17414922
4241094
17409453
4241094
4241094
17409453
4244884
11113752
4244884
4244884
11113752
11110853
11110853
11110853
11110853
11110853
4241710
4241710
4241710
4241710
4241710
4249477
4249477
4249477
4249477
4249477
17409191
17409841
17409191
17409191
17409841
4239132
4239640
4240093
17413915
4239132
26752533
11112287
17413506
26752533
11112287
14724068
14724068
14724068
14724068
14724068
11111555
4248854
11111555
11111555
4248854
14732032
17387902
14732032
14732032
17387902
14722149
14722149
14722149
14722149
14722149
4248610
17410523
4248610
4248610
17410523
11110920
11111175
11110920
11110920
11111175
17387638
17409333
17387638
17387638
17409333
4247641
17387530
4247641
4247641
17387530
17414338
17414338
17414338
17414338
17414338
4244188
4244188
4244188
4244188
4244188
17387943
17387943
17387943
17387943
17387943
14721893
17402060
17402113
14721893
17402060
14735049
17388008
17415175
14735049
17388008
14736007
14743177
14736007
14736007
14743177
17402581
17402581
17402581
17402581
17402581
11113556
11113556
11113556
11113556
11113556
4252545
11111345
17412850
4252545
11111345
26752678
26752678
26752678
26752678
26752678
4254107
4254107
4254107
4254107
4254107
17406571
17412084
17413614
17406571
17412084
14734739
14734739
14734739
14734739
14734739
14741536
14741536
14741536
14741536
14741536
857056
4246428
4250601
14731330
857056
14724147
14724147
14724147
14724147
14724147
17388601
17388601
17388601
17388601
17388601
17411286
17411286
17411286
17411286
17411286
4248127
14735114
4248127
4248127
14735114
11111507
11111548
11111432
11112757
17406727
4247261
4247261
4247261
4247261
4247261
7976920
7976920
7976920
7976920
7976920
17409939
17409939
17409939
17409939
17409939
4245612
17385072
17385081
4245612
17385072
863576
14741366
863576
863576
14741366
4239202
4239698
4243362
17411955
4239202
26752711
17401917
17415978
26752711
17401917
865913
4247136
4252120
865913
4247136
4245647
14732937
4245647
4245647
14732937
862646
862646
862646
862646
862646
4242675
14737255
4242675
4242675
14737255
853529
4245512
853529
853529
4245512
4253136
4253136
4253136
4253136
4253136
14727285
14727288
14727294
14744458
17411253
17406990
17406990
17406990
17406990
17406990
4253468
4253468
4253468
4253468
4253468
17402434
17402434
17402434
17402434
17402434
17402211
17402211
17402211
17402211
17402211
3714876
14722206
17415955
3714876
14722206
26752669
17384957
26752669
26752669
17384957
4248636
14723798
14741269
14744580
17411809
4251869
14730920
4251869
4251869
14730920
17414339
17414339
17414339
17414339
17414339
14745303
17406590
14745303
14745303
17406590
4241034
4241034
4241034
4241034
4241034
4252850
4252850
4252850
4252850
4252850
4246791
17410448
17411101
17411371
17411449
17387759
17387759
17387759
17387759
17387759
14745093
14745093
14745093
14745093
14745093
17409387
17409387
17409387
17409387
17409387
14724108
17413002
14724108
14724108
17413002
17414373
17414373
17414373
17414373
17414373
3712461
3712461
3712461
3712461
3712461
14732563
14732563
14732563
14732563
14732563
4251314
14723185
4251314
4251314
14723185
3712042
14726408
3712042
3712042
14726408
7975242
7975242
7975242
7975242
7975242
17406566
17406873
17406566
17406566
17406873
14741133
14741133
14741133
14741133
14741133
17407540
17410319
17407540
17407540
17410319
4237704
4237821
4237859
4237876
4238114
17387933
17387933
17387933
17387933
17387933
4238404
4239027
4239715
4240063
14744039
14737247
14737247
14737247
14737247
14737247
4247524
11113619
14722619
14735180
4247524
17416276
17416276
17416276
17416276
17416276
11113641
17388362
11113641
11113641
17388362
4254152
4254152
4254152
4254152
4254152
4242089
11114044
4242089
4242089
11114044
14722655
14744658
17408878
14722655
14744658
17411839
17412200
17411839
17411839
17412200
26752731
26752731
26752731
26752731
26752731
4240025
17408722
4240025
4240025
17408722
17401211
17401211
17401211
17401211
17401211
4249874
4249874
4249874
4249874
4249874
859689
14741392
859689
859689
14741392
4251354
4251354
4251354
4251354
4251354
17402392
17402392
17402392
17402392
17402392
17408947
17408947
17408947
17408947
17408947
14745309
17412694
17415216
14745309
17412694
11113961
11113961
11113961
11113961
11113961
858435
4244291
4254052
858435
4244291
14726356
14726356
14726356
14726356
14726356
14745001
14745001
14745001
14745001
14745001
11111107
11113660
11111107
11111107
11113660
14721947
14721947
14721947
14721947
14721947
7973242
14740759
7973242
7973242
14740759
11113832
11113832
11113832
11113832
11113832
3715068
3716539
4242809
14727238
3715068
7977532
17412632
7977532
7977532
17412632
4245701
4245701
4245701
4245701
4245701
14745767
14745767
14745767
14745767
14745767
11114281
11114281
11114281
11114281
11114281
17408078
17413573
17408078
17408078
17413573
17410310
17410310
17410310
17410310
17410310
844118
844118
844118
844118
844118
4245941
14734434
14744859
14745894
4245941
4253805
4253805
4253805
4253805
4253805
11111393
17407837
11111393
11111393
17407837
4238338
4240319
4238338
4238338
4240319
14735335
14735335
14735335
14735335
14735335
4252956
17402569
4252956
4252956
17402569
7976938
7978437
7976938
7976938
7978437
17386005
17386005
17386005
17386005
17386005
4242495
4249918
17407179
17416203
4242495
857531
17387584
17415678
857531
17387584
11114251
14732943
11114251
11114251
14732943
11111504
11111504
11111504
11111504
11111504
846379
17403679
846379
846379
17403679
11111310
11111828
11111826
11111310
11111828
17414790
17414790
17414790
17414790
17414790
17387482
17401159
17387482
17387482
17401159
14724066
17408679
17409787
14724066
17408679
3712357
4244148
3712357
3712357
4244148
17408915
17408915
17408915
17408915
17408915
11113572
11113572
11113572
11113572
11113572
4245288
4248728
4251506
17403398
17413574
14736725
14741004
14736725
14736725
14741004
17385063
17410437
17415251
17385063
17410437
858631
14726357
17411581
858631
14726357
4248720
17402497
4248720
4248720
17402497
4244193
4253960
17401294
17406664
17408967
4253230
4253230
4253230
4253230
4253230
851134
851134
851134
851134
851134
11114156
11114156
11114156
11114156
11114156
4245574
4245574
4245574
4245574
4245574
17402164
17402164
17402164
17402164
17402164
17402591
17402591
17402591
17402591
17402591
4239677
17406820
17412628
4239677
17406820
846890
14726400
846890
846890
14726400
4241360
14744343
4241360
4241360
14744343
11113079
11113079
11113079
11113079
11113079
7973477
17413371
7973477
7973477
17413371
4248354
17403318
17414144
17414927
4248354
4253312
4253312
4253312
4253312
4253312
4249667
14743573
4249667
4249667
14743573
11110952
17409372
11110952
11110952
17409372
4252511
4252511
4252511
4252511
4252511
14742816
14742816
14742816
14742816
14742816
3713065
3713065
3713065
3713065
3713065
17402562
17402562
17402562
17402562
17402562
860758
860758
860758
860758
860758
11113208
26752691
11114015
11113208
26752691
17387971
17387971
17387971
17387971
17387971
14732354
14735110
17416045
14732354
14735110
852933
14726064
852933
852933
14726064
4237840
4239696
4237840
4237840
4239696
17407306
17414366
17407306
17407306
17414366
4253409
4253409
4253409
4253409
4253409
17406786
17406786
17406786
17406786
17406786
17402067
17402067
17402067
17402067
17402067
4250357
4250357
4250357
4250357
4250357
11111168
11111168
11111168
11111168
11111168
17402462
17409964
17402462
17402462
17409964
849465
849465
849465
849465
849465
14743984
14743984
14743984
14743984
14743984
17408611
17408611
17408611
17408611
17408611
14732472
14732472
14732472
14732472
14732472
3717932
17402001
17412145
3717932
17402001
4247361
4248214
17401961
4247361
4248214
14742252
14742252
14742252
14742252
14742252
26751332
26751332
26751332
26751332
26751332
14724099
17384997
14724099
14724099
17384997
17406647
17406647
17406647
17406647
17406647
11112239
11114027
11112239
11112239
11114027
4241589
14736074
17414660
4241589
14736074
14742484
14742484
14742484
14742484
14742484
4252558
17411881
4252558
4252558
17411881
4252365
4252365
4252365
4252365
4252365
4248694
4248694
4248694
4248694
4248694
17411536
17411536
17411536
17411536
17411536
861921
4238000
4238617
4248549
11112737
17403417
17403417
17403417
17403417
17403417
4244342
17408566
17415877
4244342
17408566
4247580
11112262
4247580
4247580
11112262
4253803
4253804
4253803
4253803
4253804
11112846
11112846
11112846
11112846
11112846
14743586
14743586
14743586
14743586
14743586
14732606
14732606
14732606
14732606
14732606
851770
4240670
4240779
7976787
17403651
4238136
4238143
4238474
4238865
4239323
14724079
14724079
14724079
14724079
14724079
14731682
14731682
14731682
14731682
14731682
7972303
17409672
7972303
7972303
17409672
17384986
4241437
14730364
17384979
17384986
17406709
17406709
17406709
17406709
17406709
14731753
14731753
14731753
14731753
14731753
17412925
17412925
17412925
17412925
17412925
14727295
14727295
14727295
14727295
14727295
14735717
17403486
17407448
14735717
17403486
846286
846286
846286
846286
846286
17402390
17414787
17402390
17402390
17414787
17402680
17408079
17402680
17402680
17408079
26752513
26752513
26752513
26752513
26752513
17387708
17387708
17387708
17387708
17387708
4238878
4238878
4238878
4238878
4238878
26752554
26752561
26752580
26752607
26752612
11112515
11112515
11112515
11112515
11112515
4252862
4252874
11110835
4252862
4252874
14743346
14743346
14743346
14743346
14743346
17410376
17410376
17410376
17410376
17410376
4245059
4245059
4245059
4245059
4245059
14723744
14723744
14723744
14723744
14723744
17406614
17412608
17406614
17406614
17412608
14745317
14745317
14745317
14745317
14745317
4242412
4242412
4242412
4242412
4242412
17403298
17403298
17403298
17403298
17403298
14743993
14744993
14743993
14743993
14744993
14740814
17410274
14740814
14740814
17410274
850189
850189
850189
850189
850189
26752673
14722640
14737573
26752673
14722640
4244144
14745011
4244144
4244144
14745011
14741302
17401220
14741302
14741302
17401220
17416091
17416091
17416091
17416091
17416091
4240489
4240489
4240489
4240489
4240489
17407075
17409316
17414363
17407075
17409316
17414518
17414518
17414518
17414518
17414518
11113800
11113800
11113800
11113800
11113800
11111273
11111273
11111273
11111273
11111273
4238702
4238702
4238702
4238702
4238702
11113683
11113683
11113683
11113683
11113683
3717960
3717960
3717960
3717960
3717960
4239093
4240244
14725988
4239093
4240244
14742169
14742169
14742169
14742169
14742169
17411012
17411932
17411012
17411012
17411932
14740895
14740895
14740895
14740895
14740895
4251279
4251279
4251279
4251279
4251279
4242708
4242708
4242708
4242708
4242708
4246897
4246897
4246897
4246897
4246897
17385276
17385276
17385276
17385276
17385276
4241102
14742326
4241102
4241102
14742326
4252697
4252697
4252697
4252697
4252697
11112654
11112654
11112654
11112654
11112654
17415571
17415571
17415571
17415571
17415571
7974447
17411003
17411421
7974447
17411003
14722196
14743096
14722196
14722196
14743096
17402084
17402084
17402084
17402084
17402084
14739744
14739744
14739744
14739744
14739744
17402359
17402359
17402359
17402359
17402359
4239164
4239164
4239164
4239164
4239164
14723667
17402343
17408113
14723667
17402343
17409257
17409257
17409257
17409257
17409257
4245737
14735333
4245737
4245737
14735333
4237917
4239155
4239492
4239890
14738507
4241079
4241079
4241079
4241079
4241079
14745942
14745942
14745942
14745942
14745942
11113075
11113075
11113075
11113075
11113075
3712414
3712414
3712414
3712414
3712414
17387552
17387552
17387552
17387552
17387552
4239347
4239347
4239347
4239347
4239347
14743377
14743377
14743377
14743377
14743377
26752629
26752665
26752629
26752629
26752665
848633
4237563
848633
848633
4237563
17387628
17406659
17387628
17387628
17406659
7977434
7977434
7977434
7977434
7977434
14727222
14727222
14727222
14727222
14727222
17409899
17409899
17409899
17409899
17409899
4239797
4248565
14731283
4239797
4248565
11114193
17407826
11114193
11114193
17407826
17410172
17410364
17410172
17410172
17410364
14735329
14736071
14744005
17414642
14735329
17413793
17413793
17413793
17413793
17413793
17387755
17403677
17408688
17387755
17403677
844782
844782
844782
844782
844782
4242953
4242953
4242953
4242953
4242953
4250361
4250361
4250361
4250361
4250361
17414857
17414857
17414857
17414857
17414857
14729731
14731141
14742557
14729731
14731141
17386118
17410402
17386118
17386118
17410402
11111829
11111829
11111829
11111829
11111829
14727063
17408869
17416017
14727063
17408869
4237532
4237781
4238007
4238282
4238511
4242792
17413282
4242792
4242792
17413282
4237845
17401876
4237845
4237845
17401876
17408864
17409946
17408864
17408864
17409946
4237982
4238277
4238746
4238850
4239733
14722916
17412881
14722916
14722916
17412881
4246782
14724043
17411986
17412088
17412104
17413631
17414685
17413631
17413631
17414685
17402366
17408310
17402366
17402366
17408310
17401183
17401311
17401183
17401183
17401311
17388475
17388475
17388475
17388475
17388475
4238127
14726088
4238127
4238127
14726088
859733
17402417
859733
859733
17402417
17407631
17409926
17407631
17407631
17409926
11114216
11114216
11114216
11114216
11114216
7974448
7974448
7974448
7974448
7974448
17401137
17401137
17401137
17401137
17401137
7973139
7973139
7973139
7973139
7973139
17402285
17402285
17402285
17402285
17402285
4254165
4254165
4254165
4254165
4254165
4253853
4253853
4253853
4253853
4253853
4248167
14723765
4248167
4248167
14723765
17407130
17407130
17407130
17407130
17407130
4251706
11110962
4251706
4251706
11110962
14734767
17415342
14734767
14734767
17415342
14733941
14733941
14733941
14733941
14733941
14745588
14745588
14745588
14745588
14745588
4253577
4253577
4253577
4253577
4253577
844835
14741041
844835
844835
14741041
17387700
17387700
17387700
17387700
17387700
17409734
17409734
17409734
17409734
17409734
14723675
14740893
17413009
14723675
14740893
17385050
14742116
17385050
17385050
14742116
4252157
14723912
14726047
14734105
17402353
14726103
14730506
17410845
14726103
14730506
17387996
17415648
17387996
17387996
17415648
848762
14738616
848762
848762
14738616
14738370
17413090
17413560
17414752
17415741
4247316
14741127
14745530
14745857
17413550
14741167
17385805
17409761
17410422
14741167
17409947
17409947
17409947
17409947
17409947
14734519
14734519
14734519
14734519
14734519
4252153
4252153
4252153
4252153
4252153
11113916
14727233
11113916
11113916
14727233
4237506
4237650
4237893
4238165
4238195
4237537
4237782
4237883
4238176
4238183
14745650
17385090
14745650
14745650
17385090
4238216
4238653
4238954
4238216
4238653
16953101
16953101
16953101
16953101
16953101
861945
861945
861945
861945
861945
846659
4246671
846659
846659
4246671
17415590
17415590
17415590
17415590
17415590
17401191
17401191
17401191
17401191
17401191
17385307
17385307
17385307
17385307
17385307
4253825
4253827
4253825
4253825
4253827
14744958
17411793
14744958
14744958
17411793
17387505
17387505
17387505
17387505
17387505
11113541
11113541
11113541
11113541
11113541
17409970
17409970
17409970
17409970
17409970
14734978
14734978
14734978
14734978
14734978
4252499
4252499
4252499
4252499
4252499
17403234
17403234
17403234
17403234
17403234
4252623
4252623
4252623
4252623
4252623
11113143
11113143
11113143
11113143
11113143
14741037
14741037
14741037
14741037
14741037
3715559
14741003
17401253
3715559
14741003
3713398
14732501
17412025
17414120
3713398
17401146
17401146
17401146
17401146
17401146
14737060
14744867
14737060
14737060
14744867
14740286
14740286
14740286
14740286
14740286
7972382
7972382
7972382
7972382
7972382
14731461
14731461
14731461
14731461
14731461
14742383
14742383
14742383
14742383
14742383
3714713
3714713
3714713
3714713
3714713
11111867
11111867
11111867
11111867
11111867
843813
848536
843813
843813
848536
4252819
4252819
4252819
4252819
4252819
17411387
17411387
17411387
17411387
17411387
17406796
17406796
17406796
17406796
17406796
7975616
17385082
7975616
7975616
17385082
14726324
17407829
14726324
14726324
17407829
26752453
26752456
26751109
26751110
26752453
4238713
4238785
4238713
4238713
4238785
11111756
11111756
11111756
11111756
11111756
14722620
14722620
14722620
14722620
14722620
4240280
4240280
4240280
4240280
4240280
4238469
4239800
4240348
7972667
4238469
4241415
4245173
4241415
4241415
4245173
4248196
14743558
17416397
4248196
14743558
17414877
17414877
17414877
17414877
17414877
17403498
17403498
17403498
17403498
17403498
4246090
4246090
4246090
4246090
4246090
14735677
17387577
14735677
14735677
17387577
17408698
17408698
17408698
17408698
17408698
14733825
14735112
14740958
17411919
17412033
4245229
4245229
4245229
4245229
4245229
7973228
14730637
17406609
17415641
7973228
14740813
14740813
14740813
14740813
14740813
11114053
11114053
11114053
11114053
11114053
17385118
17385118
17385118
17385118
17385118
4239709
17412108
4239709
4239709
17412108
11110798
11110798
11110798
11110798
11110798
4252894
14734509
4252894
4252894
14734509
4240392
17416339
4240392
4240392
17416339
4237864
4237960
4238166
4239231
4240169
4252842
4253070
4252842
4252842
4253070
17407514
17407514
17407514
17407514
17407514
17385134
17385134
17385134
17385134
17385134
14745996
14745996
14745996
14745996
14745996
14746025
14746025
14746025
14746025
14746025
26752605
26752610
26752605
26752605
26752610
14735069
14735069
14735069
14735069
14735069
11112235
11112235
11112235
11112235
11112235
17415148
17415148
17415148
17415148
17415148
17402339
17402339
17402339
17402339
17402339
4253759
4253759
4253759
4253759
4253759
4246294
17416150
4246294
4246294
17416150
4250318
14724165
4250318
4250318
14724165
11114199
17416234
11114199
11114199
17416234
17412214
17412214
17412214
17412214
17412214
853614
853614
853614
853614
853614
14744854
17387134
17387919
17403400
17408457
14740471
14740471
14740471
14740471
14740471
862506
4238099
4238245
4239305
14731223
17413732
17413732
17413732
17413732
17413732
4237718
4238569
4238788
4237718
4238569
14741595
14741595
14741595
14741595
14741595
14744774
14744774
14744774
14744774
14744774
4253324
4253324
4253324
4253324
4253324
17387962
17387962
17387962
17387962
17387962
17387542
17387580
17413517
17387542
17387580
17402678
17402678
17402678
17402678
17402678
17403675
17403675
17403675
17403675
17403675
17401190
17407395
17409895
17401190
17407395
14722168
14722168
14722168
14722168
14722168
14731457
14744735
14745775
17413698
17414491
4242640
17413194
4242640
4242640
17413194
842697
17387903
842697
842697
17387903
17408990
17408990
17408990
17408990
17408990
843808
3715858
4242937
17415739
843808
11113194
11113194
11113194
11113194
11113194
14741663
14741663
14741663
14741663
14741663
4239686
4238375
4238703
4239951
4239686
4237841
4237841
4237841
4237841
4237841
14741126
14742562
17402455
17410300
14741126
14740875
14740875
14740875
14740875
14740875
14742683
14744383
17413390
17415812
14742683
4239728
11113498
14743412
4239728
11113498
14731994
14737405
14731994
14731994
14737405
17409547
17409547
17409547
17409547
17409547
17412011
17412011
17412011
17412011
17412011
14723741
14731961
14723741
14723741
14731961
14740975
17408692
14740975
14740975
17408692
4241373
14734938
17413859
4241373
14734938
14737477
14745915
14737477
14737477
14745915
3716458
4240634
4247677
3716458
4240634
4248584
17414492
4248584
4248584
17414492
17401855
17401855
17401855
17401855
17401855
4252963
11113739
14726006
4252963
11113739
4250031
14733826
4250031
4250031
14733826
17401172
17401172
17401172
17401172
17401172
11111845
11112887
14734448
11111845
11112887
4244484
4246162
11113837
17412039
4244484
4239673
4239673
4239673
4239673
4239673
859914
14744761
859914
859914
14744761
14722704
14744776
14722704
14722704
14744776
864048
864048
864048
864048
864048
14724133
14724133
14724133
14724133
14724133
17412197
17413370
17412197
17412197
17413370
4241952
4251983
7975646
17387788
4241952
4253988
14727246
4253988
4253988
14727246
17410108
17410108
17410108
17410108
17410108
4248188
17414817
4248188
4248188
17414817
4251514
4251514
4251514
4251514
4251514
17408777
17408777
17408777
17408777
17408777
14731500
14731500
14731500
14731500
14731500
863998
863998
863998
863998
863998
4253269
4253269
4253269
4253269
4253269
14731219
17406748
17406756
14731219
17406748
4252324
4252324
4252324
4252324
4252324
4248285
4248285
4248285
4248285
4248285
17408154
17408154
17408154
17408154
17408154
11111041
17411599
11111041
11111041
17411599
846772
4241113
4243237
846772
4241113
4242655
4251889
14726409
17415139
4242655
14740735
17408122
17411816
14740735
17408122
17411918
17411918
17411918
17411918
17411918
4253472
14724662
4253472
4253472
14724662
7975125
17412095
7975125
7975125
17412095
862915
862915
862915
862915
862915
7972294
14723898
17402640
17403391
17414674
14744602
14744602
14744602
14744602
14744602
4242051
14722941
14741662
14743379
4242051
14727206
14745786
17407188
17408842
17414629
859949
7977391
14727260
17409126
17413133
4238387
4238387
4238387
4238387
4238387
17409897
17409897
17409897
17409897
17409897
4252488
17412125
4252488
4252488
17412125
11111173
17410291
11111173
11111173
17410291
17411893
17411979
17411893
17411893
17411979
4237829
4238343
4238808
4239705
4239891
17409085
17409085
17409085
17409085
17409085
14745864
17413650
14745864
14745864
17413650
4244219
14743260
17387470
4244219
14743260
4245114
7976782
17406860
4245114
7976782
17410884
17410884
17410884
17410884
17410884
861075
4237807
4238116
4238546
4239052
17406957
17411668
17415249
17406957
17411668
4241126
14727237
4241126
4241126
14727237
11113306
846619
11111216
11113306
846619
847619
14726071
17407252
847619
14726071
4244754
14742111
17385115
4244754
14742111
4242796
11111322
14745722
17401180
17408317
14732079
17409008
14732079
14732079
17409008
14724126
14732159
17409299
14724126
14732159
17408551
17408551
17408551
17408551
17408551
11111388
11114267
11111388
11111388
11114267
17409235
17409853
17409235
17409235
17409853
4252554
4253344
4253375
4252554
4253344
17406883
17406883
17406883
17406883
17406883
17387931
17387931
17387931
17387931
17387931
4248990
14740175
17414105
17415892
4248990
17388438
17388438
17388438
17388438
17388438
14738127
17406956
17409788
14738127
17406956
17406785
17406785
17406785
17406785
17406785
3712157
4249316
3712157
3712157
4249316
4238748
4239461
4240047
4240061
4240371
14737249
14742739
14737249
14737249
14742739
4250026
17406706
4250026
4250026
17406706
14741338
14741338
14741338
14741338
14741338
4244229
14742908
17387643
4244229
14742908
4241511
14723764
4241511
4241511
14723764
4252449
4252450
4252827
4252449
4252450
17413648
17413648
17413648
17413648
17413648
860196
860223
4249197
860196
860223
17385056
17387702
17385056
17385056
17387702
4238613
14727239
17403270
17413794
4238613
860207
860207
860207
860207
860207
852560
14723722
852560
852560
14723722
859218
859218
859218
859218
859218
17413199
17413199
17413199
17413199
17413199
14738525
14738525
14738525
14738525
14738525
4253345
4253345
4253345
4253345
4253345
4253376
4253376
4253376
4253376
4253376
3713298
17411925
3713298
3713298
17411925
14723786
14723786
14723786
14723786
14723786
14726321
14726321
14726321
14726321
14726321
4251657
4251657
4251657
4251657
4251657
17401241
17401987
17414998
17401241
17401987
4252670
17403560
4252670
4252670
17403560
14723719
14723719
14723719
14723719
14723719
4250708
17409722
4250708
4250708
17409722
858812
14726349
858812
858812
14726349
4250001
4252063
4250001
4250001
4252063
4252791
17409025
4252791
4252791
17409025
14737451
17409044
17413738
14737451
17409044
14724044
14724044
14724044
14724044
14724044
4245025
4245025
4245025
4245025
4245025
4243422
4252407
17410697
17415667
4243422
4249400
4249400
4249400
4249400
4249400
17407542
17408560
17407542
17407542
17408560
17403420
17403420
17403420
17403420
17403420
17385085
17385095
17385105
17406953
17385085
14745725
14745725
14745725
14745725
14745725
17385142
17385147
17385168
17385170
17385200
14727086
14727086
14727086
14727086
14727086
17403225
17410895
17403225
17403225
17410895
4262034
11111820
11112882
17403429
4262034
4251197
14722192
4251197
4251197
14722192
17401333
17407725
17401333
17401333
17407725
4253028
4253028
4253028
4253028
4253028
17412338
17412338
17412338
17412338
17412338
14722152
14722152
14722152
14722152
14722152
4249800
17385301
4249800
4249800
17385301
14732870
17415952
14732870
14732870
17415952
14740865
17387610
14740865
14740865
17387610
14742054
17414341
14742054
14742054
17414341
14741011
14741011
14741011
14741011
14741011
17402526
17402526
17402526
17402526
17402526
17409918
17409918
17409918
17409918
17409918
14742461
17409119
14742461
14742461
17409119
850554
850554
850554
850554
850554
17414300
17414300
17414300
17414300
17414300
11113607
11113947
11113607
11113607
11113947
4253106
17415603
4253106
4253106
17415603
4252700
14735504
17406761
17409064
4252700
11114134
11114134
11114134
11114134
11114134
14722625
14722625
14722625
14722625
14722625
14738495
17401845
14738495
14738495
17401845
14727218
14727218
14727218
14727218
14727218
17406912
17406912
17406912
17406912
17406912
11113924
11113924
11113924
11113924
11113924
11112825
11113589
17387872
17406624
17414568
3711783
17406910
3711783
3711783
17406910
14745788
17412858
14745788
14745788
17412858
11114047
17413638
11114047
11114047
17413638
14744470
14744470
14744470
14744470
14744470
17410156
17410156
17410156
17410156
17410156
17410240
17410240
17410240
17410240
17410240
4245001
4249123
14727273
17414726
17415994
4252752
14742110
14742160
4252752
14742110
4240587
14737407
26751142
26751145
4240587
4242623
17410001
4242623
4242623
17410001
14740359
17409999
14740359
14740359
17409999
4245127
4245127
4245127
4245127
4245127
17410679
17410679
17410679
17410679
17410679
4247163
4247163
4247163
4247163
4247163
17387742
17412422
17415217
17416136
17387742
14734081
17412924
17414146
14734081
17412924
14741062
14741062
14741062
14741062
14741062
17409175
17409175
17409175
17409175
17409175
4254374
4254374
4254374
4254374
4254374
17401467
17410990
17414312
17401467
17410990
4253081
4253081
4253081
4253081
4253081
26752507
17401116
26752507
26752507
17401116
4239672
17414160
4239672
4239672
17414160
17415293
17415293
17415293
17415293
17415293
17410020
17410020
17410020
17410020
17410020
17407999
17407999
17407999
17407999
17407999
14742136
17409821
14742136
14742136
17409821
3713981
17415474
3713981
3713981
17415474
14736820
14736820
14736820
14736820
14736820
14731297
17402111
17409863
14731297
17402111
17410061
17413847
17410061
17410061
17413847
17416236
17416236
17416236
17416236
17416236
4237693
4237904
4237934
4238239
4238755
11113662
11113662
11113662
11113662
11113662
17403488
17403488
17403488
17403488
17403488
17387904
17387904
17387904
17387904
17387904
11111769
4249134
11111769
11111769
4249134
14744320
17403483
14744320
14744320
17403483
17409969
17411372
17409969
17409969
17411372
11113684
14744555
11113684
11113684
14744555
14723887
17410657
17416250
14723887
17410657
4252856
14741376
4252856
4252856
14741376
11111526
4252753
4253501
11111526
4252753
14727157
14745117
14727157
14727157
14745117
14722202
17385011
17409696
14722202
17385011
4253478
4253478
4253478
4253478
4253478
865244
14726752
17407027
17407494
17408064
14729372
14729372
14729372
14729372
14729372
17401117
17401117
17401117
17401117
17401117
4239380
14734703
17388318
4239380
14734703
14744479
14744479
14744479
14744479
14744479
14740773
14740773
14740773
14740773
14740773
4244564
4249697
17407950
4244564
4249697
4251500
14744590
4251500
4251500
14744590
14745959
14745959
14745959
14745959
14745959
17408872
17408872
17408872
17408872
17408872
4237490
14740181
4237490
4237490
14740181
11113089
4254155
11113089
11113089
4254155
4239145
4240297
14735501
14745547
17403312
14741400
14741400
14741400
14741400
14741400
14731049
14745092
14731049
14731049
14745092
11111349
11111349
11111349
11111349
11111349
14741084
14741085
14741084
14741084
14741085
856953
14722650
856953
856953
14722650
11114242
17413369
11114242
11114242
17413369
14727134
14734431
14740837
17414486
14727134
17401421
17408963
17401421
17401421
17408963
860508
17411796
860508
860508
17411796
17410237
17410366
17410237
17410237
17410366
17385332
17385332
17385332
17385332
17385332
11110710
11110730
11113465
11113469
11113496
17413554
17413554
17413554
17413554
17413554
14731450
14741770
17416115
14731450
14741770
4244940
14739942
4244940
4244940
14739942
17414298
17414298
17414298
17414298
17414298
14744595
14744595
14744595
14744595
14744595
4250513
4250513
4250513
4250513
4250513
4252755
4252755
4252755
4252755
4252755
4252848
17407074
4252848
4252848
17407074
17387522
17408402
17387522
17387522
17408402
858319
17408278
17408438
17414317
858319
14740997
14740997
14740997
14740997
14740997
14723854
14726368
14745355
17406979
14723854
14741195
14741195
14741195
14741195
14741195
4253840
4253840
4253840
4253840
4253840
17413910
17413910
17413910
17413910
17413910
4248417
14723746
4248417
4248417
14723746
14745221
14745221
14745221
14745221
14745221
14742200
14742200
14742200
14742200
14742200
14734803
17407098
14734803
14734803
17407098
17403287
17403551
17407033
17408850
17409807
4241793
4243252
4241793
4241793
4243252
4247636
4247636
4247636
4247636
4247636
17406799
17416244
17406799
17406799
17416244
17410998
17413742
17410998
17410998
17413742
17402297
17412035
17402297
17402297
17412035
17402189
17402189
17402189
17402189
17402189
7974225
14731240
17408866
17411666
17414429
11113966
14723683
14723734
14723770
17416338
4238933
17407513
4238933
4238933
17407513
843611
843611
843611
843611
843611
4247838
14726726
17409227
4247838
14726726
17412992
17412992
17412992
17412992
17412992
14742392
14742392
14742392
14742392
14742392
17413415
17413415
17413415
17413415
17413415
17401408
17401408
17401408
17401408
17401408
14742195
14742195
14742195
14742195
14742195
17411785
17411785
17411785
17411785
17411785
17387624
17387624
17387624
17387624
17387624
17413562
17413562
17413562
17413562
17413562
14727299
17401445
14727299
14727299
17401445
14744472
14744472
14744472
14744472
14744472
17401912
17401912
17401912
17401912
17401912
4240592
4242577
7974907
17403311
17408104
17387443
17387443
17387443
17387443
17387443
14724146
14744490
14724146
14724146
14744490
17385143
17385143
17385143
17385143
17385143
861506
861506
861506
861506
861506
4246248
11112384
4246248
4246248
11112384
4254389
4254389
4254389
4254389
4254389
14741617
14741617
14741617
14741617
14741617
861400
861400
861400
861400
861400
14735190
14735190
14735190
14735190
14735190
4247533
4250088
17407618
17410010
4247533
11111308
11111308
11111308
11111308
11111308
4244817
4252980
11113972
4244817
4252980
4251352
14742043
14744435
4251352
14742043
17411022
17411191
17411022
17411022
17411191
14726033
17414097
17415587
14726033
17414097
17387924
17387924
17387924
17387924
17387924
4253432
14731567
17406723
4253432
14731567
4237580
4239612
4237580
4237580
4239612
26751173
26751173
26751173
26751173
26751173
17406724
17406724
17406724
17406724
17406724
14743545
14743545
14743545
14743545
14743545
7975336
14742192
14745129
17409746
17411160
17409976
17414754
17409976
17409976
17414754
17387703
17402652
17406650
17387703
17402652
14745824
14745824
14745824
14745824
14745824
14733848
17401135
17414051
14733848
17401135
4252634
4252634
4252634
4252634
4252634
14744673
14744673
14744673
14744673
14744673
17408890
17408890
17408890
17408890
17408890
17406828
17406828
17406828
17406828
17406828
11111146
11111058
11111146
11111146
11111058
858482
858482
858482
858482
858482
17402586
17402586
17402586
17402586
17402586
17410263
17410263
17410263
17410263
17410263
17386133
17386133
17386133
17386133
17386133
4251714
14726105
4251714
4251714
14726105
4244134
17401339
17415436
4244134
17401339
11111321
11112225
11113575
14733937
11111321
4242891
4242891
4242891
4242891
4242891
4244887
4248612
4244887
4244887
4248612
17410178
17414904
17415174
17416103
17410178
17415783
17415783
17415783
17415783
17415783
14745761
14745761
14745761
14745761
14745761
26752659
17387886
26752659
26752659
17387886
14732938
17411922
17413412
17413640
17414880
4237687
4238259
4239613
4237687
4238259
14741007
14741007
14741007
14741007
14741007
11111744
11111744
11111744
11111744
11111744
14744491
14744491
14744491
14744491
14744491
14731451
17406803
14731451
14731451
17406803
17407378
17407378
17407378
17407378
17407378
17384906
17384915
17403155
17384906
17384915
4242570
14722171
17408775
17408937
4242570
14734802
17402410
17407035
14734802
17402410
17413703
17413703
17413703
17413703
17413703
17403303
17411825
17403303
17403303
17411825
14724088
14724088
14724088
14724088
14724088
4249564
14727229
4249564
4249564
14727229
4243523
4244375
4243523
4243523
4244375
14738640
14738640
14738640
14738640
14738640
17408926
17408926
17408926
17408926
17408926
17411235
17411235
17411235
17411235
17411235
17387651
17415866
17387651
17387651
17415866
7973497
7973497
7973497
7973497
7973497
17407870
17407870
17407870
17407870
17407870
14742257
14742257
14742257
14742257
14742257
17411588
17411588
17411588
17411588
17411588
14740345
14745039
14740345
14740345
14745039
14730455
17403480
17406847
17408874
14730455
4245567
14745830
4245567
4245567
14745830
4241900
4241900
4241900
4241900
4241900
17401966
17401966
17401966
17401966
17401966
14734882
17415727
14734882
14734882
17415727
4249574
4249574
4249574
4249574
4249574
4250705
11114222
17413227
17413902
4250705
17409707
17409707
17409707
17409707
17409707
11111181
17408163
11111181
11111181
17408163
17414329
17414329
17414329
17414329
17414329
14735050
14735050
14735050
14735050
14735050
17401318
17401318
17401318
17401318
17401318
17403296
17403296
17403296
17403296
17403296
17403406
17415471
17403406
17403406
17415471
26750994
26750994
26750994
26750994
26750994
14745220
17401474
14745220
14745220
17401474
14735081
17402222
17403496
17408876
17412280
14743253
14743253
14743253
14743253
14743253
4237972
4238092
4239031
4239421
4239550
7978445
7978445
7978445
7978445
7978445
14738200
14738200
14738200
14738200
14738200
4254151
4254151
4254151
4254151
4254151
14732667
14732667
14732667
14732667
14732667
14726031
14737075
14726031
14726031
14737075
864964
864964
864964
864964
864964
14745610
14745610
14745610
14745610
14745610
865579
14724124
17415114
865579
14724124
17409879
17409879
17409879
17409879
17409879
11114239
14732883
11114239
11114239
14732883
4246836
17388011
17402250
17406589
4246836
17406673
17406673
17406673
17406673
17406673
17411880
17411880
17411880
17411880
17411880
14737415
17409236
17412198
17415302
17415611
4250129
4250129
4250129
4250129
4250129
853202
17406891
853202
853202
17406891
14730875
14730875
14730875
14730875
14730875
17414262
17414262
17414262
17414262
17414262
14744714
17409914
14744714
14744714
17409914
11111783
17411199
11111783
11111783
17411199
17411184
17411296
17411184
17411184
17411296
14727155
14745717
14727155
14727155
14745717
4238958
4239927
4238958
4238958
4239927
17402903
17406857
17402903
17402903
17406857
11111733
17407575
11111733
11111733
17407575
11111547
11112789
14727267
17413988
17414540
4244010
17413857
4244010
4244010
17413857
17402278
17402973
17410585
17402278
17402973
17415854
17415854
17415854
17415854
17415854
4265494
17416371
4265494
4265494
17416371
14745171
14745171
14745171
14745171
14745171
14742346
14742346
14742346
14742346
14742346
14741449
14741449
14741449
14741449
14741449
17403082
17403082
17403082
17403082
17403082
17407794
17407794
17407794
17407794
17407794
847542
847542
847542
847542
847542
11111297
11114144
11111297
11111297
11114144
4252830
14742322
4252830
4252830
14742322
4252619
4252619
4252619
4252619
4252619
4252704
4252703
17401881
4252704
4252703
4253776
11112883
4253776
4253776
11112883
14732599
14732599
14732599
14732599
14732599
11111687
11113632
11111687
11111687
11113632
26752627
14731983
17412089
26752627
14731983
14739423
26751153
14739423
14739423
26751153
14741006
14741642
14743252
14741006
14741642
4238220
14742146
14745177
4238220
14742146
14725999
14725999
14725999
14725999
14725999
14744620
17411271
14744620
14744620
17411271
17402677
17407953
17409186
17402677
17407953
4253518
11114135
17414371
4253518
11114135
14745850
17415442
14745850
14745850
17415442
4248739
17387804
4248739
4248739
17387804
7974256
7974256
7974256
7974256
7974256
17401155
17401155
17401155
17401155
17401155
17409604
17410726
17409604
17409604
17410726
4244777
4249445
14721871
17408638
4244777
4237516
14740234
4237516
4237516
14740234
4253217
4253217
4253217
4253217
4253217
4248659
4248659
4248659
4248659
4248659
26752671
17384869
17384871
17384878
17384880
17387468
17387468
17387468
17387468
17387468
4250180
14744085
17413909
17415841
4250180
17402346
17402346
17402346
17402346
17402346
4253866
4253866
4253866
4253866
4253866
4241754
17402706
17409356
17413790
4241754
845632
17413019
17413040
845632
17413019
26750919
26750934
26750919
26750919
26750934
4246287
4246287
4246287
4246287
4246287
4237654
17413129
17413391
4237654
17413129
4245312
4249912
4245312
4245312
4249912
11113092
11113092
11113092
11113092
11113092
852761
852761
852761
852761
852761
4253146
4253146
4253146
4253146
4253146
17409250
17409250
17409250
17409250
17409250
14735444
17406596
17406599
17406611
17411152
14737583
14737583
14737583
14737583
14737583
17409944
17409944
17409944
17409944
17409944
4252472
4252472
4252472
4252472
4252472
17412423
17414451
17412423
17412423
17414451
11112516
11112516
11112516
11112516
11112516
14741751
14745957
17409403
14741751
14745957
17410247
17410247
17410247
17410247
17410247
17401248
17402543
17401248
17401248
17402543
14745112
17411982
14745112
14745112
17411982
17411187
17411187
17411187
17411187
17411187
14744908
14744908
14744908
14744908
14744908
14742161
17416140
14742161
14742161
17416140
4237791
4240389
4237791
4237791
4240389
14745962
17406713
17408952
14745962
17406713
11111362
14729201
14729949
14743564
11111362
17411280
17411338
17411280
17411280
17411338
17413671
17414662
17413671
17413671
17414662
17414793
17414793
17414793
17414793
17414793
14737448
17406720
14737448
14737448
17406720
14723060
14726446
17412144
14723060
14726446
4237609
4238379
4238869
4238951
4239076
17387896
17416021
17387896
17387896
17416021
14740939
14740939
14740939
14740939
14740939
11114238
17385017
11114238
11114238
17385017
14739413
14739413
14739413
14739413
14739413
14745731
14745731
14745731
14745731
14745731
4251336
4251688
4251336
4251336
4251688
17407307
17407307
17407307
17407307
17407307
14743378
14743378
14743378
14743378
14743378
17408383
17410563
17408383
17408383
17410563
17387920
17387920
17387920
17387920
17387920
11113710
17386591
11113710
11113710
17386591
4241367
4243328
4248035
4251786
17402531
4246300
14732942
17410086
17410940
17411853
14727198
14731586
17402772
14727198
14731586
14721848
14735451
14721848
14721848
14735451
17410791
17410791
17410791
17410791
17410791
11111572
11111572
11111572
11111572
11111572
17402043
17402043
17402043
17402043
17402043
17406597
17406597
17406597
17406597
17406597
14740757
17387766
14740757
14740757
17387766
17403492
17409600
17409680
17403492
17409600
14721905
14721905
14721905
14721905
14721905
17408886
17408886
17408886
17408886
17408886
4249447
14744551
14745943
4249447
14744551
17411966
17416181
17411966
17411966
17416181
17406629
17406629
17406629
17406629
17406629
17387465
17406934
17407936
17387465
17406934
4253000
4253696
14723858
17406636
4253000
4238182
4238039
4238263
4238690
4239049
17402505
17413356
17402505
17402505
17413356
17413215
17413215
17413215
17413215
17413215
4247608
17402636
17411765
4247608
17402636
17403166
17406675
17403166
17403166
17406675
4252972
4253195
17410838
4252972
4253195
26752604
26752604
26752604
26752604
26752604
17411585
17411585
17411585
17411585
17411585
17408547
17409007
17412945
17415316
17408547
26751172
26751172
26751172
26751172
26751172
4246741
4246741
4246741
4246741
4246741
14727137
14734490
14744695
17387648
14727137
14736520
17411863
14736520
14736520
17411863
14745316
14745316
14745316
14745316
14745316
4243953
17385732
17385997
4243953
17385732
14723841
14723841
14723841
14723841
14723841
14741144
14741144
14741144
14741144
14741144
17413463
17413463
17413463
17413463
17413463
14745073
14745073
14745073
14745073
14745073
4249175
17411706
4249175
4249175
17411706
17387762
17414595
17387762
17387762
17414595
4253054
4253054
4253054
4253054
4253054
3712307
4244810
14732429
14742824
17408882
11114228
14737424
11114228
11114228
14737424
7977090
7977090
7977090
7977090
7977090
11111394
14727242
17406858
11111394
14727242
17385801
17385801
17385801
17385801
17385801
17410378
17410378
17410378
17410378
17410378
4254433
17414526
4254433
4254433
17414526
4252866
4252866
4252866
4252866
4252866
17414334
17414334
17414334
17414334
17414334
17406600
17406600
17406600
17406600
17406600
4253131
4253131
4253131
4253131
4253131
4242247
17414353
17415018
4242247
17414353
14744585
17412181
14744585
14744585
17412181
4248764
14727249
4248764
4248764
14727249
17401531
17401531
17401531
17401531
17401531
17408800
17412029
17413576
17408800
17412029
17403226
17403226
17403226
17403226
17403226
11113817
14724131
11113817
11113817
14724131
4237482
4237489
4237735
4237866
4237918
11113484
11113484
11113484
11113484
11113484
14741791
17406824
14741791
14741791
17406824
17385070
17415077
17385070
17385070
17415077
17408616
17411775
17408616
17408616
17411775
4252517
4252517
4252517
4252517
4252517
17401134
17401134
17401134
17401134
17401134
17414271
17416145
17414271
17414271
17416145
17411909
17413250
17413850
17411909
17413250
14745113
14745113
14745113
14745113
14745113
4242830
4242830
4242830
4242830
4242830
14726034
14726034
14726034
14726034
14726034
11114230
17413228
11114230
11114230
17413228
4242019
4242019
4242019
4242019
4242019
17401113
17409531
17401113
17401113
17409531
17401319
17401319
17401319
17401319
17401319
14737445
17385052
17385055
17385104
17415867
11112169
11112169
11112169
11112169
11112169
4238900
4239537
4238900
4238900
4239537
14734107
14734107
14734107
14734107
14734107
4244968
17413646
17416092
4244968
17413646
14743319
14743319
14743319
14743319
14743319
4247689
4248663
4247689
4247689
4248663
11114209
11114209
11114209
11114209
11114209
14721908
14743140
14721908
14721908
14743140
14735716
17414824
14735716
14735716
17414824
14741616
17402416
14741616
14741616
17402416
851015
14721868
14745765
17401870
17408602
17408211
17408211
17408211
17408211
17408211
17408514
17409961
17408514
17408514
17409961
17408845
17408845
17408845
17408845
17408845
11111799
17411185
11111799
11111799
17411185
17388602
17408818
17388602
17388602
17408818
17401424
17414424
17401424
17401424
17414424
17402298
17402298
17402298
17402298
17402298
17414304
17415358
17414304
17414304
17415358
17402504
17412239
17412535
17413597
17402504
850865
3712493
4241023
4245105
14745947
4244708
4245749
4247451
4249080
17401993
7973436
7973436
7973436
7973436
7973436
848874
4237772
4238704
17402044
17403206
17414110
17414110
17414110
17414110
17414110
17401483
17411709
17401483
17401483
17411709
17406729
17406729
17406729
17406729
17406729
11112786
11112786
11112786
11112786
11112786
11110848
26752638
11110848
11110848
26752638
4250845
14745202
17412978
17412981
17413713
17410292
17415007
17410292
17410292
17415007
17387621
17387621
17387621
17387621
17387621
17415949
17415949
17415949
17415949
17415949
14745226
17410149
14745226
14745226
17410149
4253791
4253791
4253791
4253791
4253791
14742364
14742364
14742364
14742364
14742364
14737571
17408254
17409773
14737571
17408254
14740686
17388614
17402440
17406608
14740686
17385333
17385333
17385333
17385333
17385333
847058
861640
14723697
14744365
17408905
17415675
17415675
17415675
17415675
17415675
14724018
17406935
14724018
14724018
17406935
14741538
14741538
14741538
14741538
14741538
17406974
17408932
17406974
17406974
17408932
17406870
17406870
17406870
17406870
17406870
17402131
17402257
17402131
17402131
17402257
3712474
11113545
14741600
17384872
17384926
11113856
11113856
11113856
11113856
11113856
11113698
11113997
17409992
17414962
11113698
17411450
17415821
17411450
17411450
17415821
17412450
17412450
17412450
17412450
17412450
845577
845577
845577
845577
845577
17415729
17415729
17415729
17415729
17415729
4254326
4254326
4254326
4254326
4254326
11111934
14734355
17415915
11111934
14734355
17403592
17406781
17403592
17403592
17406781
17414502
17414502
17414502
17414502
17414502
17406707
17406707
17406707
17406707
17406707
4251450
14727305
17385035
4251450
14727305
11111452
11111452
11111452
11111452
11111452
11114224
11114224
11114224
11114224
11114224
17401377
17401377
17401377
17401377
17401377
4241531
4241531
4241531
4241531
4241531
847923
4245095
14743505
14743898
14745391
14743146
17406606
14743146
14743146
17406606
17413590
17413590
17413590
17413590
17413590
857272
857272
857272
857272
857272
11114278
17413490
11114278
11114278
17413490
26752734
4237919
4246722
4250334
14723915
11113808
17415890
17416137
11113808
17415890
17387497
17406610
17411295
17387497
17406610
14722081
14722081
14722081
14722081
14722081
14734085
14734085
14734085
14734085
14734085
14744869
14744869
14744869
14744869
14744869
14740419
14740419
14740419
14740419
14740419
17402961
17402961
17402961
17402961
17402961
4246855
4246855
4246855
4246855
4246855
14733895
14733895
14733895
14733895
14733895
14745263
14745263
14745263
14745263
14745263
4241088
17412487
4241088
4241088
17412487
17411479
17411479
17411479
17411479
17411479
14741503
14741503
14741503
14741503
14741503
14742967
17412036
17413822
14742967
17412036
4253651
4253651
4253651
4253651
4253651
17414556
17414556
17414556
17414556
17414556
17387898
17401436
17407010
17387898
17401436
859865
14724111
14724170
14741024
14742019
17413045
17414215
17413045
17413045
17414215
14743342
17413178
14743342
14743342
17413178
17407600
17407600
17407600
17407600
17407600
17413643
17415779
17413643
17413643
17415779
14735008
14745416
14735008
14735008
14745416
14722657
14722657
14722657
14722657
14722657
14722656
14745006
14722656
14722656
14745006
14726082
14726082
14726082
14726082
14726082
4246775
4250804
14723693
17414349
4246775
17408677
17408677
17408677
17408677
17408677
4254308
4254308
4254308
4254308
4254308
14737259
14737259
14737259
14737259
14737259
4253480
4253880
17406749
17407522
17415246
844455
844455
844455
844455
844455
4239406
4239579
4239604
4240127
4239406
4242914
4242914
4242914
4242914
4242914
17415336
17415336
17415336
17415336
17415336
17385059
17385059
17385059
17385059
17385059
11114191
11114191
11114191
11114191
11114191
14732934
14741016
14732934
14732934
14741016
17406896
17406940
17406896
17406896
17406940
17411401
17411401
17411401
17411401
17411401
14722468
14722468
14722468
14722468
14722468
4241718
4241718
4241718
4241718
4241718
17408431
17411781
17408431
17408431
17411781
17410547
17410547
17410547
17410547
17410547
17415105
17415105
17415105
17415105
17415105
845406
14727216
17387661
17411658
845406
17406895
17406895
17406895
17406895
17406895
11113926
11113928
11113926
11113926
11113928
14727313
14740894
14727313
14727313
14740894
4237711
4237869
4238891
4240141
4237711
14742172
17415931
14742172
14742172
17415931
4237823
4238483
4238980
4239032
4239103
843662
14745870
843662
843662
14745870
17410597
17411336
17410597
17410597
17411336
17402138
17402138
17402138
17402138
17402138
14739806
17415332
14739806
14739806
17415332
14724093
17407230
14724093
14724093
17407230
4241007
4241007
4241007
4241007
4241007
17387540
17387540
17387540
17387540
17387540
848062
14734164
17384870
17384890
848062
859796
859796
859796
859796
859796
11113303
11111628
11112389
11113303
11111628
11110814
11114131
17411985
17413530
17415107
14744434
17413720
14744434
14744434
17413720
17401422
17415927
17401422
17401422
17415927
17402335
17406941
17411268
17402335
17406941
14724050
14724050
14724050
14724050
14724050
17403288
17403489
17403288
17403288
17403489
14743559
14743559
14743559
14743559
14743559
17410012
17411059
17410012
17410012
17411059
17410614
17413115
17410614
17410614
17413115
4248419
17406677
4248419
4248419
17406677
4250103
4250103
4250103
4250103
4250103
14740674
17413547
14740674
14740674
17413547
17406863
17406863
17406863
17406863
17406863
11110686
14727293
14738607
17402441
11110686
7977747
17409084
17411943
7977747
17409084
17402100
17403177
17402100
17402100
17403177
14738073
14742401
17387828
14738073
14742401
17385086
17414794
17385086
17385086
17414794
11111228
11111228
11111228
11111228
11111228
17403673
17403673
17403673
17403673
17403673
14725996
14743546
14725996
14725996
14743546
17409415
17409415
17409415
17409415
17409415
3712535
3712535
3712535
3712535
3712535
17406807
17411650
17414475
17414866
17406807
14741585
17409010
14741585
14741585
17409010
4245444
14744837
17403580
17413699
4245444
17411695
17411695
17411695
17411695
17411695
17402883
17402975
17409790
17402883
17402975
14723815
14727150
14723815
14723815
14727150
17402191
17403017
17402191
17402191
17403017
14736515
14736515
14736515
14736515
14736515
4246039
14726020
4246039
4246039
14726020
17408624
17415546
17408624
17408624
17415546
4240963
4246510
4249966
14723723
4240963
11110760
11110760
11110760
11110760
11110760
14727215
17409785
14727215
14727215
17409785
17414020
17414522
17414550
17414020
17414522
4241130
4241521
7977930
14732863
17410936
17386615
17386615
17386615
17386615
17386615
11113129
11113129
11113129
11113129
11113129
4245981
4245981
4245981
4245981
4245981
851833
4249458
14731398
17401936
17407576
860043
4245266
17402468
17403382
17416263
11113491
11113491
11113491
11113491
11113491
17409283
17409283
17409283
17409283
17409283
17401212
17406815
17401212
17401212
17406815
17415109
17415109
17415109
17415109
17415109
17409525
17409525
17409525
17409525
17409525
17411836
17411836
17411836
17411836
17411836
17411531
17411531
17411531
17411531
17411531
861781
861781
861781
861781
861781
4239912
4239912
4239912
4239912
4239912
14731453
14745418
17402229
14731453
14745418
17414179
17414503
17414179
17414179
17414503
26751162
26751162
26751162
26751162
26751162
17401149
17406916
17401149
17401149
17406916
14744849
14744849
14744849
14744849
14744849
14743815
14743815
14743815
14743815
14743815
7977783
7977783
7977783
7977783
7977783
4246297
17413940
4246297
4246297
17413940
3713267
14743548
3713267
3713267
14743548
4253031
4253031
4253031
4253031
4253031
4242456
14740687
4242456
4242456
14740687
858593
4245131
17411753
17413399
858593
4249916
4249916
4249916
4249916
4249916
14737074
17415907
14737074
14737074
17415907
14724100
17408944
17414956
14724100
17408944
4249263
14726090
4249263
4249263
14726090
17402406
17402406
17402406
17402406
17402406
17407869
17407869
17407869
17407869
17407869
4242606
4242606
4242606
4242606
4242606
14742409
17384941
17384961
17384978
14742409
17410244
17410244
17410244
17410244
17410244
17402466
17402466
17402466
17402466
17402466
14731252
17416322
14731252
14731252
17416322
4246477
17414275
4246477
4246477
17414275
17403264
17406784
17408557
17403264
17406784
14740976
14740976
14740976
14740976
14740976
11114036
17403307
17415374
17415847
17415943
14724155
17409607
17414210
14724155
17409607
14744640
14744640
14744640
14744640
14744640
14743550
17407855
17408203
14743550
17407855
14740836
14740836
14740836
14740836
14740836
17408556
17408556
17408556
17408556
17408556
14744478
14745919
17414895
14744478
14745919
4265800
17402928
17409332
17413223
4265800
11113863
11113863
11113863
11113863
11113863
11111779
11111779
11111779
11111779
11111779
17409758
17409758
17409758
17409758
17409758
14743242
14743242
14743242
14743242
14743242
11111370
17413914
11111370
11111370
17413914
14729611
14729611
14729611
14729611
14729611
17408645
17408645
17408645
17408645
17408645
4238205
4238329
4238205
4238205
4238329
4252460
14734986
17402744
4252460
14734986
11114129
17406932
11114129
11114129
17406932
17415914
17415914
17415914
17415914
17415914
14733593
14737577
14740972
17408167
14733593
14739483
17413817
14739483
14739483
17413817
4251655
4251655
4251655
4251655
4251655
17406669
17413024
17406669
17406669
17413024
17402488
17402489
17415930
17402488
17402489
17385145
17385162
17385280
17385145
17385162
17410723
17410723
17410723
17410723
17410723
4237633
4238796
17409927
4237633
4238796
14723718
17412894
14723718
14723718
17412894
14731460
14731460
14731460
14731460
14731460
4243993
14741098
4243993
4243993
14741098
4244065
14738950
4244065
4244065
14738950
845652
7972566
845652
845652
7972566
17402407
17406570
17414019
17414531
17402407
4247711
14723801
4247711
4247711
14723801
14742643
14742643
14742643
14742643
14742643
17412052
17412052
17412052
17412052
17412052
17409518
17409518
17409518
17409518
17409518
11111167
17411874
11111167
11111167
17411874
26752517
26752553
17414427
17415918
26752517
14743492
14743492
14743492
14743492
14743492
11113701
11113701
11113701
11113701
11113701
17416268
17416268
17416268
17416268
17416268
17412279
17415371
17412279
17412279
17415371
4253593
17411744
17413575
4253593
17411744
14742294
17401516
14742294
14742294
17401516
17408868
17410045
17410050
17410883
17415173
17387991
17387991
17387991
17387991
17387991
17415596
17415596
17415596
17415596
17415596
14731458
14745412
17414678
14731458
14745412
14724158
14731985
14734576
17401324
17403364
14731718
14741324
14745913
14731718
14741324
852016
14722649
17407375
852016
14722649
17415185
17415185
17415185
17415185
17415185
17408806
17410889
17408806
17408806
17410889
14743565
17387538
14743565
14743565
17387538
14732353
14732353
14732353
14732353
14732353
17415055
17415055
17415055
17415055
17415055
17408536
17408927
17408536
17408536
17408927
14741262
14741262
14741262
14741262
14741262
7974056
7974056
7974056
7974056
7974056
11113211
11113211
11113211
11113211
11113211
4253630
4253630
4253630
4253630
4253630
17402368
17402368
17402368
17402368
17402368
11114240
17415461
17415879
11114240
17415461
4242540
4249823
14734511
17401343
17413005
17385999
17385999
17385999
17385999
17385999
17409982
17409982
17409982
17409982
17409982
17407857
17414111
17407857
17407857
17414111
17407615
17413091
17407615
17407615
17413091
14744392
14744392
14744392
14744392
14744392
17403413
17403634
17403413
17403413
17403634
11113676
14734801
11113676
11113676
14734801
17409041
17409041
17409041
17409041
17409041
14742112
14742404
14743116
14742112
14742404
14743835
17402854
14743835
14743835
17402854
17402536
17402536
17402536
17402536
17402536
4245044
4246096
4246970
14744336
4245044
4237702
4239222
4239394
4239486
4239896
17409839
17409839
17409839
17409839
17409839
17407198
17407198
17407198
17407198
17407198
17387491
17387746
17401156
17387491
17387746
4247546
17410246
4247546
4247546
17410246
17402301
17413776
17415717
17402301
17413776
17409014
17409629
17409764
17410051
17411805
17402419
17402419
17402419
17402419
17402419
17413899
17413899
17413899
17413899
17413899
17415401
17415401
17415401
17415401
17415401
14745799
17409390
14745799
14745799
17409390
14723709
14723709
14723709
14723709
14723709
4247785
17385066
17414277
4247785
17385066
17402244
17410074
17402244
17402244
17410074
11113253
11113253
11113253
11113253
11113253
14741574
14741574
14741574
14741574
14741574
4250100
17407291
17414425
4250100
17407291
4245155
17413695
4245155
4245155
17413695
845245
17415903
845245
845245
17415903
3715599
3715599
3715599
3715599
3715599
17402609
17409662
17411108
17411484
17414163
17402320
17402320
17402320
17402320
17402320
17412605
17412605
17412605
17412605
17412605
17402667
17402667
17402667
17402667
17402667
17402992
17409931
17402992
17402992
17409931
4238570
14744642
4238570
4238570
14744642
843526
17408673
17414513
843526
17408673
17402255
17413558
17402255
17402255
17413558
14737474
17415734
14737474
14737474
17415734
14742564
14743216
14742564
14742564
14743216
14744583
17411968
17412637
17413103
17413128
4250651
14727323
4250651
4250651
14727323
17401316
17407331
17401316
17401316
17407331
17387889
17407471
17412604
17412887
17413248
843048
843048
843048
843048
843048
17406766
17406766
17406766
17406766
17406766
17410729
17410729
17410729
17410729
17410729
3715494
4251136
17412880
3715494
4251136
17412856
17412856
17412856
17412856
17412856
14744499
17406880
17412174
14744499
17406880
14734982
17384882
17384912
14734982
17384882
14742293
14744185
14742293
14742293
14744185
14740860
14740860
14740860
14740860
14740860
17408925
17408925
17408925
17408925
17408925
17402151
17402151
17402151
17402151
17402151
17401249
17401249
17401249
17401249
17401249
4239130
4240355
14734961
4239130
4240355
14741054
14743593
14743822
14741054
14743593
17406806
17406806
17406806
17406806
17406806
4237493
4238457
4239092
4240080
4237493
14726060
14726060
14726060
14726060
14726060
14742830
14743138
14742830
14742830
14743138
17387676
17402401
17387676
17387676
17402401
14726407
14726407
14726407
14726407
14726407
17413006
17414122
17413006
17413006
17414122
14732051
17413798
14732051
14732051
17413798
4252575
14744693
17402226
17406746
17411388
14745984
14745984
14745984
14745984
14745984
17415192
17415295
17415795
17415192
17415295
17410434
17410434
17410434
17410434
17410434
17406648
17406648
17406648
17406648
17406648
17385187
17385236
17385292
17385187
17385236
4239900
17409972
4239900
4239900
17409972
17411915
17411915
17411915
17411915
17411915
17410639
17410639
17410639
17410639
17410639
17406663
17406663
17406663
17406663
17406663
17413439
17413439
17413439
17413439
17413439
4246998
4246998
4246998
4246998
4246998
4242778
17387954
4242778
4242778
17387954
17403361
17411994
17415210
17403361
17411994
14741194
17415275
14741194
14741194
17415275
11112729
17411180
11112729
11112729
17411180
17407476
17407476
17407476
17407476
17407476
4251896
11111206
11112833
14745040
4251896
17407199
17414557
26750869
17407199
17414557
14727172
14734579
17387604
14727172
14734579
17411767
17411767
17411767
17411767
17411767
17385325
17413144
17385325
17385325
17413144
17413203
17413203
17413203
17413203
17413203
14738954
14745389
14738954
14738954
14745389
851303
851303
851303
851303
851303
14723739
17403456
17408599
14723739
17403456
17411192
17411192
17411192
17411192
17411192
14744447
17386135
17411277
17413906
14744447
17408479
17413077
17408479
17408479
17413077
17411937
17411937
17411937
17411937
17411937
14735091
17407260
17411474
17411477
17412020
17415900
17415900
17415900
17415900
17415900
14723707
14723707
14723707
14723707
14723707
4245487
14727247
17413905
17415104
4245487
4251188
14727160
14745122
4251188
14727160
7976208
7976208
7976208
7976208
7976208
14742444
17408996
17410747
14742444
17408996
17411895
17411895
17411895
17411895
17411895
17402029
17402029
17402029
17402029
17402029
844043
4246471
4251905
14746013
844043
17414252
17414252
17414252
17414252
17414252
14745230
14745230
14745230
14745230
14745230
17413641
17413641
17413641
17413641
17413641
4245496
4251141
7972666
14723724
14744991
4252282
17385053
17385122
17402021
4252282
4252526
17411591
17414960
17415529
4252526
17408970
17409335
17414917
17408970
17409335
3717861
3717861
3717861
3717861
3717861
4252189
17415598
17415610
4252189
17415598
4248182
4251946
7972985
4248182
4251946
14722635
14722635
14722635
14722635
14722635
4239897
4239897
4239897
4239897
4239897
14727178
17408164
17409435
14727178
17408164
26752595
26752595
26752595
26752595
26752595
4248274
4252312
17406662
4248274
4252312
17414539
17414539
17414539
17414539
17414539
11110929
11111810
11110929
11110929
11111810
26752716
26752716
26752716
26752716
26752716
17411732
17411732
17411732
17411732
17411732
14735107
14743175
14735107
14735107
14743175
17408828
17408828
17408828
17408828
17408828
14734700
17414881
14734700
14734700
17414881
17410217
17414315
17410217
17410217
17414315
17406617
26750872
17406617
17406617
26750872
17413873
17413877
17415898
17413873
17413877
4241131
4241131
4241131
4241131
4241131
14740866
14740866
14740866
14740866
14740866
17408761
17408761
17408761
17408761
17408761
17410834
17410834
17410834
17410834
17410834
17413322
17414624
17414993
17413322
17414624
17411327
17411327
17411327
17411327
17411327
17411248
17411248
17411248
17411248
17411248
4239293
4239293
4239293
4239293
4239293
17415167
17415167
17415167
17415167
17415167
4246165
4246165
4246165
4246165
4246165
3716063
14744211
17406569
17411903
3716063
4253705
17387641
17407743
17412601
17414118
17402791
17402791
17402791
17402791
17402791
3712364
4239404
4240627
7971951
14721877
4237519
4237836
4238223
4238708
4239117
17401693
17401693
17401693
17401693
17401693
4240447
4240447
4240447
4240447
4240447
4251678
14732844
17415694
4251678
14732844
17409555
17409555
17409555
17409555
17409555
17412192
17412192
17412192
17412192
17412192
17406794
17406794
17406794
17406794
17406794
17409192
17413192
17414784
17409192
17413192
843298
4246683
843298
843298
4246683
859900
859900
859900
859900
859900
17402542
17402542
17402542
17402542
17402542
14734962
14739697
14734962
14734962
14739697
14726414
17408975
17414335
17416005
14726414
17407726
17407726
17407726
17407726
17407726
14743554
17411514
14743554
14743554
17411514
14743069
14743069
14743069
14743069
14743069
4248463
14734804
14735328
17413121
17414483
17402954
17408942
17402954
17402954
17408942
17406660
17406660
17406660
17406660
17406660
4247768
4247768
4247768
4247768
4247768
17401454
17401454
17401454
17401454
17401454
14741575
17402943
14741575
14741575
17402943
17402161
17407509
17402161
17402161
17407509
14745429
14745429
14745429
14745429
14745429
14743964
17409107
17409334
17415378
14743964
4248818
4248818
4248818
4248818
4248818
17386002
17386002
17386002
17386002
17386002
17407663
17407663
17407663
17407663
17407663
4254154
14726317
4254154
4254154
14726317
17409421
17409421
17409421
17409421
17409421
17402296
17409848
17402296
17402296
17409848
862310
17407697
17413528
862310
17407697
17402876
17402876
17402876
17402876
17402876
11111105
11112115
11112192
11112635
11111105
17403500
17403500
17403500
17403500
17403500
14726437
17385128
14726437
14726437
17385128
26752540
4244899
17413635
26752540
4244899
17401456
17401869
17410413
17414896
17401456
17385026
17410677
17385026
17385026
17410677
14740797
17414986
14740797
14740797
17414986
863013
4244016
863013
863013
4244016
17408407
17408407
17408407
17408407
17408407
17409104
17409104
17409104
17409104
17409104
11111814
11111814
11111814
11111814
11111814
26750990
26750990
26750990
26750990
26750990
11113499
17408965
11113499
11113499
17408965
4251949
17407065
17411223
17415151
4251949
4248397
4248397
4248397
4248397
4248397
14726294
14726294
14726294
14726294
14726294
4254043
4254043
4254043
4254043
4254043
26751136
26751136
26751136
26751136
26751136
17414490
17414490
17414490
17414490
17414490
11111339
11111339
11111339
11111339
11111339
17384896
17407358
17384896
17384896
17407358
17401239
17401239
17401239
17401239
17401239
14729810
17406708
14729810
14729810
17406708
14742432
17416282
14742432
14742432
17416282
17409447
17409447
17409447
17409447
17409447
17403519
17403519
17403519
17403519
17403519
17387888
17401118
17387888
17387888
17401118
4251986
4251986
4251986
4251986
4251986
11110810
11110810
11110810
11110810
11110810
14737688
14737688
14737688
14737688
14737688
14743883
14745828
14743883
14743883
14745828
7972600
17409465
17410408
7972600
17409465
14726111
14726111
14726111
14726111
14726111
7973909
17408308
17408654
17410568
17413863
17387707
17387855
17406642
17411679
17412149
17402247
17414821
17402247
17402247
17414821
14723800
14723800
14723800
14723800
14723800
17416232
17416232
17416232
17416232
17416232
11114082
11114082
11114082
11114082
11114082
17412183
17412183
17412183
17412183
17412183
17384868
17384875
17384939
17384952
17384962
17384916
17384916
17384916
17384916
17384916
17385007
17385033
17385007
17385007
17385033
17409042
17409042
17409042
17409042
17409042
865162
865162
865162
865162
865162
14737068
17412293
14737068
14737068
17412293
17416148
17416148
17416148
17416148
17416148
17409351
17409647
17410140
17411179
17414934
4246674
14743885
4246674
4246674
14743885
11114236
11114236
11114236
11114236
11114236
17413694
17413694
17413694
17413694
17413694
17402265
17413555
17414580
17415149
17402265
14740730
14740730
14740730
14740730
14740730
4237985
4239578
4237985
4237985
4239578
4243372
14744862
4243372
4243372
14744862
14732792
14744987
17385060
17385110
17385123
17415221
17415221
17415221
17415221
17415221
14745823
14745823
14745823
14745823
14745823
17411347
17411347
17411347
17411347
17411347
14722207
17407913
17415253
14722207
17407913
4243934
4243934
4243934
4243934
4243934
17385089
17411183
17415481
17385089
17411183
17412045
17412045
17412045
17412045
17412045
17407819
17407819
17407819
17407819
17407819
4248391
11111123
17403468
4248391
11111123
17415751
17415751
17415751
17415751
17415751
4238810
4239573
14723415
4238810
4239573
17387999
17401140
17401468
17411390
17387999
14723726
17407363
14723726
14723726
17407363
4247569
17403680
4247569
4247569
17403680
14738197
14738197
14738197
14738197
14738197
14723852
14723852
14723852
14723852
14723852
17402172
17402172
17402172
17402172
17402172
4239285
14732862
14739742
4239285
14732862
14726066
14726066
14726066
14726066
14726066
4253477
4253477
4253477
4253477
4253477
17412078
17412078
17412078
17412078
17412078
17409389
17409389
17409389
17409389
17409389
14745206
14745218
17412349
14745206
14745218
17401374
17411782
17401374
17401374
17411782
863062
863062
863062
863062
863062
17414365
17414365
17414365
17414365
17414365
861546
4251837
17409248
17410863
861546
14740296
14742107
17385113
17406973
17407998
17415181
17415181
17415181
17415181
17415181
4238660
4239694
4240091
4238660
4239694
17412209
17412209
17412209
17412209
17412209
17387908
17387908
17387908
17387908
17387908
4239218
17385024
4239218
4239218
17385024
4254189
4254189
4254189
4254189
4254189
26752434
26752434
26752434
26752434
26752434
17406967
17413084
17416122
17406967
17413084
14723733
17387518
14723733
14723733
17387518
17401127
17401472
17401127
17401127
17401472
17414585
17414585
17414585
17414585
17414585
4252495
17414814
4252495
4252495
17414814
4254131
4254131
4254131
4254131
4254131
17415840
17415840
17415840
17415840
17415840
11111512
14742667
17415924
11111512
14742667
14733418
14733418
14733418
14733418
14733418
17402236
17402236
17402236
17402236
17402236
14745848
17415176
14745848
14745848
17415176
847614
847614
847614
847614
847614
14740719
14745425
14740719
14740719
14745425
14727179
14727179
14727179
14727179
14727179
849292
17385084
849292
849292
17385084
17407290
17414723
17407290
17407290
17414723
14745998
14745998
14745998
14745998
14745998
17385080
17408531
17410991
17385080
17408531
14735464
14735464
14735464
14735464
14735464
17409754
17416085
17409754
17409754
17416085
14745229
14745229
14745229
14745229
14745229
4253712
17414902
4253712
4253712
17414902
844035
847836
14726076
17414845
844035
4248974
17401262
4248974
4248974
17401262
17407246
17411692
17414033
17407246
17411692
14734842
17402700
17409940
14734842
17402700
26751158
26751158
26751158
26751158
26751158
843295
17385108
17413625
843295
17385108
14736646
17413076
14736646
14736646
17413076
3717951
3717951
3717951
3717951
3717951
17402116
17402116
17402116
17402116
17402116
17403118
17403118
17403118
17403118
17403118
17410393
17415601
17410393
17410393
17415601
14743590
14743590
14743590
14743590
14743590
14743170
14743170
14743170
14743170
14743170
17409730
17409730
17409730
17409730
17409730
861403
3712953
861403
861403
3712953
17413591
17413912
17413591
17413591
17413912
17406782
17408434
17411904
17406782
17408434
17414532
17414532
17414532
17414532
17414532
17403648
17413309
17413725
17413862
17403648
17384947
17384955
17384977
17384984
17384947
17406699
17406939
17406699
17406699
17406939
14737416
17406638
14737416
14737416
17406638
4239349
4240183
4240360
4240376
4239349
857377
857377
857377
857377
857377
14730624
14742693
14730624
14730624
14742693
4238712
4241903
17415403
4238712
4241903
11112724
11112724
11112724
11112724
11112724
4237550
4238113
4238267
4238388
4238407
14743583
14745294
14745891
17411930
14743583
17406743
17412989
17406743
17406743
17412989
17414690
17414690
17414690
17414690
17414690
17410813
17410813
17410813
17410813
17410813
17385133
17385141
17385148
17385155
17385173
17413581
17415201
17413581
17413581
17415201
17406894
17406894
17406894
17406894
17406894
14743560
17415637
14743560
14743560
17415637
17406735
17407349
17408962
17415724
17406735
14744453
14744453
14744453
14744453
14744453
847251
17387789
847251
847251
17387789
4241150
17385098
17403475
4241150
17385098
4253641
17387615
17409027
4253641
17387615
4242014
17406822
17412954
17413123
17413131
847355
17406577
17415723
847355
17406577
17408266
17408266
17408266
17408266
17408266
17411953
17411953
17411953
17411953
17411953
14722911
14722911
14722911
14722911
14722911
851466
4237847
17414472
851466
4237847
17409778
17413519
17413839
17409778
17413519
17387639
17415775
17387639
17387639
17415775
11111859
11111859
11111859
11111859
11111859
4237487
4237559
4237759
4237993
4238121
17409894
17409894
17409894
17409894
17409894
4240828
4240828
4240828
4240828
4240828
11111592
11111272
11112307
11111592
11111272
4242076
17387619
4242076
4242076
17387619
11114258
11114258
11114258
11114258
11114258
11113147
26752469
26752733
4254295
17386655
17416395
17416395
17416395
17416395
17416395
14726045
14733416
17408181
14726045
14733416
17387498
17414631
17387498
17387498
17414631
14745081
17413768
14745081
14745081
17413768
14744302
14744302
14744302
14744302
14744302
17413861
17413861
17413861
17413861
17413861
17406602
17406809
17411747
17406602
17406809
17413087
17413087
17413087
17413087
17413087
17402522
17402522
17402522
17402522
17402522
14745478
14745478
14745478
14745478
14745478
17416029
17416029
17416029
17416029
17416029
14740121
14740121
14740121
14740121
14740121
4246678
4249273
14724135
17401982
17414702
17402107
17402261
17402746
17402107
17402261
17409306
17409306
17409306
17409306
17409306
4252678
4252680
4252714
4253419
14741276
17412059
17412059
17412059
17412059
17412059
17387900
17387900
17387900
17387900
17387900
4237544
4238160
4238811
4238882
4239446
14735445
17408964
14735445
14735445
17408964
4253727
4253727
4253727
4253727
4253727
17412024
17412024
17412024
17412024
17412024
4248305
17413432
4248305
4248305
17413432
17413746
17413746
17413746
17413746
17413746
17406893
17415241
17406893
17406893
17415241
14744800
14744800
14744800
14744800
14744800
17385130
17385131
17385151
17385157
17385164
14723889
14723889
14723889
14723889
14723889
14726413
17410389
14726413
14726413
17410389
14724041
17413642
17414909
17414933
14724041
17416035
17416035
17416035
17416035
17416035
14727207
17402394
14727207
14727207
17402394
14739420
14739420
14739420
14739420
14739420
14726044
14726044
14726044
14726044
14726044
17402387
17410096
17402387
17402387
17410096
14741012
14741012
14741012
14741012
14741012
4246659
17403460
4246659
4246659
17403460
11110748
11110748
11110748
11110748
11110748
14723789
14741086
14723789
14723789
14741086
11113831
11113831
11113831
11113831
11113831
4246968
4246968
4246968
4246968
4246968
4252487
17409676
4252487
4252487
17409676
17387535
17387535
17387535
17387535
17387535
14721887
14732645
17413538
14721887
14732645
17414891
17414891
17414891
17414891
17414891
17412939
17412939
17412939
17412939
17412939
14741590
17387735
14741590
14741590
17387735
17412097
17412097
17412097
17412097
17412097
14726715
14726715
14726715
14726715
14726715
14744477
17401896
17408644
17408772
17408933
17406592
17406592
17406592
17406592
17406592
14738126
17401351
17413879
14738126
17401351
4237658
4239928
4240174
17407128
4237658
14727306
17407793
14727306
14727306
17407793
17385198
17385258
17385259
17385198
17385258
17402532
17402532
17402532
17402532
17402532
11113811
11113811
11113811
11113811
11113811
17413046
17413046
17413046
17413046
17413046
14724096
14745067
17412236
14724096
14745067
17387956
17411321
17387956
17387956
17411321
17403578
17403578
17403578
17403578
17403578
26752560
4244259
4246365
4249467
17410258
4243337
4243337
4243337
4243337
4243337
17406780
17406780
17406780
17406780
17406780
17408985
17415267
17408985
17408985
17415267
17409715
17409715
17409715
17409715
17409715
14740424
17412099
17415599
14740424
17412099
14727076
17413156
14727076
14727076
17413156
3714119
14740880
17414208
3714119
14740880
17385234
26750870
17385234
17385234
26750870
17401261
17401402
17413092
17401261
17401402
4237905
4238074
4238076
4238336
4238356
4238045
4238642
4238835
4238852
4239549
14721847
14721874
14726046
14721847
14721874
14743553
17403112
14743553
14743553
17403112
3717397
14743665
17403314
3717397
14743665
14740127
17387510
17387585
14740127
17387510
4250221
4250221
4250221
4250221
4250221
14735181
14735181
14735181
14735181
14735181
17401281
17406779
17407666
17401281
17406779
14745156
17409268
14745156
14745156
17409268
17407068
17407186
17407068
17407068
17407186
4250079
4250079
4250079
4250079
4250079
14726032
14726032
14726032
14726032
14726032
4252510
4252510
4252510
4252510
4252510
4237707
4238583
4238848
4239343
4240059
17408540
17408540
17408540
17408540
17408540
26752681
26752681
26752681
26752681
26752681
17401329
17412042
17401329
17401329
17412042
17409719
17409719
17409719
17409719
17409719
4254288
17410102
4254288
4254288
17410102
17412863
17412863
17412863
17412863
17412863
14744632
14744632
14744632
14744632
14744632
17413202
17413204
17413202
17413202
17413204
4252933
14744119
17406839
17406877
17414380
17385127
17411833
17412428
17413315
17385127
11113123
17413492
11113123
11113123
17413492
14724163
14745286
14724163
14724163
14745286
4251736
4251736
4251736
4251736
4251736
17408180
17408180
17408180
17408180
17408180
17403585
17403585
17403585
17403585
17403585
17409661
17409661
17409661
17409661
17409661
14727164
14727164
14727164
14727164
14727164
4253552
4253552
4253552
4253552
4253552
11113083
4249561
14744684
17406763
17409365
14741438
14741438
14741438
14741438
14741438
11113990
11113990
11113990
11113990
11113990
852799
17406862
852799
852799
17406862
17402436
17402436
17402436
17402436
17402436
4248986
17411147
17411229
17411527
4248986
14727330
17414842
17416337
14727330
17414842
11111832
11111832
11111832
11111832
11111832
17403543
17403543
17403543
17403543
17403543
11113207
11113207
11113207
11113207
11113207
26752577
26752577
26752577
26752577
26752577
14727194
14727194
14727194
14727194
14727194
17415662
17416186
17415662
17415662
17416186
17402227
17402227
17402227
17402227
17402227
14722185
14722185
14722185
14722185
14722185
17411265
17411265
17411265
17411265
17411265
4248987
17414727
4248987
4248987
17414727
3712355
14743497
3712355
3712355
14743497
14733934
17410013
14733934
14733934
17410013
17410491
17410491
17410491
17410491
17410491
17412975
17412975
17412975
17412975
17412975
17411177
17411177
17411177
17411177
17411177
26752515
26752515
26752515
26752515
26752515
17409896
17409896
17409896
17409896
17409896
17414751
17414751
17414751
17414751
17414751
4250462
14744626
17413386
4250462
14744626
17413721
17413721
17413721
17413721
17413721
14722575
14722666
14722575
14722575
14722666
14739976
14739976
14739976
14739976
14739976
17387932
17387932
17387932
17387932
17387932
14742018
14743165
14742018
14742018
14743165
17403479
17410315
17403479
17403479
17410315
14743094
17387536
14743094
14743094
17387536
17414345
17414345
17414345
17414345
17414345
14742815
14743496
14742815
14742815
14743496
850283
850283
850283
850283
850283
14722903
14744868
14745326
14722903
14744868
17406691
17406691
17406691
17406691
17406691
14735758
17414862
17415385
14735758
17414862
14737064
14737064
14737064
14737064
14737064
11112680
11112711
11112744
11112680
11112711
863214
863214
863214
863214
863214
14741624
14741624
14741624
14741624
14741624
14745114
14745114
14745114
14745114
14745114
17414691
17414691
17414691
17414691
17414691
17402350
17408630
17409779
17402350
17408630
17401357
17401357
17401357
17401357
17401357
17386594
17386594
17386594
17386594
17386594
4237749
4237749
4237749
4237749
4237749
17403093
17414057
17403093
17403093
17414057
17410270
17410278
17410270
17410270
17410278
17410296
17410296
17410296
17410296
17410296
17410486
17410486
17410486
17410486
17410486
14723995
17415329
14723995
14723995
17415329
17415066
17415066
17415066
17415066
17415066
3715881
4242618
4242719
4245119
14726036
14732562
14732562
14732562
14732562
14732562
14724023
14724031
14724023
14724023
14724031
4241831
4241831
4241831
4241831
4241831
17412075
17414584
17415973
17412075
17414584
17410385
17410385
17410385
17410385
17410385
14735326
17385099
14735326
14735326
17385099
17387462
17403588
17387462
17387462
17403588
14745853
14745853
14745853
14745853
14745853
17407728
17408440
17413074
17407728
17408440
17409906
17409906
17409906
17409906
17409906
14726048
14726048
14726048
14726048
14726048
14744552
17387674
14744552
14744552
17387674
4248428
4248428
4248428
4248428
4248428
11111389
14722164
11111389
11111389
14722164
11114037
14721854
11114037
11114037
14721854
17387533
17413673
17387533
17387533
17413673
14743317
14743317
14743317
14743317
14743317
17414984
17414984
17414984
17414984
17414984
14721907
14721907
14721907
14721907
14721907
4242070
4248700
4242070
4242070
4248700
11113843
17387741
11113843
11113843
17387741
14742441
14742441
14742441
14742441
14742441
17411867
17414436
17415315
17411867
17414436
4248772
4248772
4248772
4248772
4248772
4242934
7978231
14734436
14741962
17403462
17410200
17414587
17410200
17410200
17414587
4249017
14742196
4249017
4249017
14742196
14726341
14726341
14726341
14726341
14726341
14742458
17412940
14742458
14742458
17412940
17408466
17410634
17416057
17408466
17410634
14745981
14745981
14745981
14745981
14745981
17407077
17413152
17414633
17415990
17407077
4251114
4251114
4251114
4251114
4251114
14739045
17415053
14739045
14739045
17415053
17406768
17408563
17411102
17406768
17408563
848129
14727180
17402938
848129
14727180
4250288
4250288
4250288
4250288
4250288
17414907
17414907
17414907
17414907
17414907
4244036
4244036
4244036
4244036
4244036
17403168
17403168
17403168
17403168
17403168
11113323
11113600
11113323
11113323
11113600
11111626
14743916
17408015
11111626
14743916
4238860
4240329
17401406
17403669
17413542
11113869
11113869
11113869
11113869
11113869
4244500
14721896
17407634
4244500
14721896
17385048
17385048
17385048
17385048
17385048
17414669
17414669
17414669
17414669
17414669
14737478
14737478
14737478
14737478
14737478
3711650
4240843
7973357
14734768
17384998
14744000
17416251
14744000
14744000
17416251
11114183
11114183
11114183
11114183
11114183
14726080
17412143
14726080
14726080
17412143
14738527
14738527
14738527
14738527
14738527
3717536
17407707
17411944
3717536
17407707
17411504
17411504
17411504
17411504
17411504
17402807
17402807
17402807
17402807
17402807
847676
847676
847676
847676
847676
17409578
17411042
17409578
17409578
17411042
4245019
4245019
4245019
4245019
4245019
14738820
14738820
14738820
14738820
14738820
17401471
17407094
17401471
17401471
17407094
14741300
14741300
14741300
14741300
14741300
4252465
4252465
4252465
4252465
4252465
17402075
17402075
17402075
17402075
17402075
14739371
14739371
14739371
14739371
14739371
17410087
17410089
17410087
17410087
17410089
14744773
17416256
14744773
14744773
17416256
17407958
17407958
17407958
17407958
17407958
17384949
17384964
17384974
17384949
17384964
17401201
17401201
17401201
17401201
17401201
17406821
17406821
17406821
17406821
17406821
4239915
4239915
4239915
4239915
4239915
17402124
17402269
17402124
17402124
17402269
4254205
4254415
4254205
4254205
4254415
17413771
17413771
17413771
17413771
17413771
4253746
14734341
4253746
4253746
14734341
14744360
14744360
14744360
14744360
14744360
14739749
14739749
14739749
14739749
14739749
14743282
14743282
14743282
14743282
14743282
17402733
17402733
17402733
17402733
17402733
14744482
14744482
14744482
14744482
14744482
14736953
14736953
14736953
14736953
14736953
17385661
17385661
17385661
17385661
17385661
14737572
17410395
14737572
14737572
17410395
14745168
17413563
14745168
14745168
17413563
4253846
4253846
4253846
4253846
4253846
14732471
17401450
17412340
17413858
14732471
17387622
17387622
17387622
17387622
17387622
17406970
17406970
17406970
17406970
17406970
4245695
14741594
4245695
4245695
14741594
4253794
4253794
4253794
4253794
4253794
11113702
11113702
11113702
11113702
11113702
17409836
17413692
17415742
17409836
17413692
17413093
17413093
17413093
17413093
17413093
4239706
4239706
4239706
4239706
4239706
14726438
14730458
17414714
14726438
14730458
17387914
17387993
17387914
17387914
17387993
17384879
17384884
17384900
17384922
17384879
17409280
17409280
17409280
17409280
17409280
17409109
17409109
17409109
17409109
17409109
17385096
17385312
17385328
17385096
17385312
4244479
4244479
4244479
4244479
4244479
14740859
14740859
14740859
14740859
14740859
14742729
14743508
14744404
14742729
14743508
4240043
4240043
4240043
4240043
4240043
17414673
17414673
17414673
17414673
17414673
844275
4242948
4242971
14727057
14727147
14745166
14745166
14745166
14745166
14745166
11114070
11114070
11114070
11114070
11114070
