26754450
4241082
4253077
4253142
4253547
17388775
17389282
26748863
26749171
4252387
26754146
26754417
11112237
26754146
26754417
17389055
17389467
26749331
26754134
17389055
17385385
26753923
4238089
4238168
4238362
11112592
17407492
11112592
11112592
17407492
11113687
11113687
11113687
11113687
11113687
26748451
26754289
26754300
11112621
11114166
17388919
4252723
4253046
4253735
4253736
4252453
4253223
4252453
4252453
4253223
17388682
17388777
17389051
17389554
4253616
4252636
4253951
14723383
4252636
4253951
26748960
11110878
26748960
26748960
11110878
26747705
4253537
4254005
11110755
26747705
17389072
4254296
17389072
17389072
4254296
26753974
26753974
26753974
26753974
26753974
17389130
4253469
17389130
17389130
4253469
17389057
26749798
26749799
4252762
4253807
17389314
4253224
17389314
17389314
4253224
26749427
26752657
26749427
26749427
26752657
26749637
26754158
11112446
26749637
26754158
26749975
14738657
26749975
26749975
14738657
26749326
4253277
4253554
26749326
4253277
4238216
17406724
4238216
4238216
17406724
26749801
4254091
11111401
26749801
4254091
4238296
4238387
4238453
4238574
4239782
4239290
4253949
14743588
17413850
4239290
4241890
4252756
4252950
11112399
4241890
14742462
14742462
14742462
14742462
14742462
17388889
26749667
4252540
17388889
26749667
26754164
11111950
11112641
11114009
26754164
17389033
17389033
17389033
17389033
17389033
17389038
11111255
17389038
17389038
11111255
4248923
11111298
11111632
11112467
14732667
26749588
4253594
11112578
26749588
4253594
4253335
4253336
4253335
4253335
4253336
26752571
4238242
4238265
4238635
4238840
4247338
4250821
17413238
26751273
26751291
17389257
26753167
26754080
4253139
11113391
4239116
4240116
4251471
4252324
11112668
17389182
26749570
26754163
4253187
17408473
4237731
4237789
4237995
4238186
4238415
26749700
4252946
4253241
11111678
11112586
4253065
4253065
4253065
4253065
4253065
17388886
4252730
4252783
4253458
4254217
17389148
17389148
17389148
17389148
17389148
4254264
11113992
4254264
4254264
11113992
4252798
4253400
4253401
4253444
11111306
4243097
4252130
4253019
14741914
26751303
4253297
4253297
4253297
4253297
4253297
4239561
4247458
4252931
4239561
4247458
17389193
17389332
17389334
26754427
4252754
11110872
11110873
11111114
11114003
11114004
4240507
4244122
4240507
4240507
4244122
17388941
17389235
17389248
17389366
17389433
17388838
17389088
26753263
859990
4238209
4242792
4252630
4253092
4254184
17410429
17406709
17406729
17406794
17411634
17406709
17388881
17389405
17389465
17388881
17389405
4237750
4251097
17402229
17402419
17409676
17388956
26749139
26749546
852985
4253022
17389064
17389135
17389756
4253677
4254322
26752660
4253625
11113925
26752660
4253625
17388840
17388885
17388937
11113845
17388840
4252996
17389454
17389461
17389786
4248694
4254300
11111211
17401935
17407046
17409009
4252621
4253207
4253412
11112895
4252621
14741302
17402148
14741302
14741302
17402148
26752555
17387989
26752555
26752555
17387989
858515
4253205
4253698
4254115
858515
4253524
4254006
11112301
14745077
17402400
26748505
26749819
26752422
4252451
4254178
4253306
4253520
17406873
17409821
4253306
17389220
26748783
17389220
17389220
26748783
7973151
14745448
14745762
17403266
17403311
26748342
26754285
11112903
26748342
26754285
17389341
4252596
4252761
4252841
4253344
26754303
26754303
26754303
26754303
26754303
17389001
17389259
26747979
4252796
4253288
4252755
4252867
4253131
17401143
4252755
4251232
11112439
4251232
4251232
11112439
14735330
14735330
14735330
14735330
14735330
4243668
4247469
4253636
4243668
4247469
26752651
26752651
26752651
26752651
26752651
26748653
26754404
7972981
7977971
11113676
17385557
17385558
17385559
17385568
17388692
17388947
26749670
17388947
17388947
26749670
4254280
11111578
11112545
14741039
14741666
862330
4252731
4252951
17409838
862330
26749854
26749854
26749854
26749854
26749854
4251945
14743673
17401216
4251945
14743673
26752630
26754297
853133
7972961
11111378
26753873
26751286
26751410
26751418
26751431
14729232
17402961
14729232
14729232
17402961
4248610
4252534
4252555
4252654
4252666
17390038
26748635
26751159
17390038
26748635
17402372
17402372
17402372
17402372
17402372
11114549
11114552
11114553
4252982
14726350
26750094
4238196
4238389
4238396
4240100
26753867
26753867
26753867
26753867
26753867
26754293
4254374
11112567
26754293
4254374
14729246
14731871
14741324
14742196
17403329
4252965
4254055
17406985
17409892
17412186
860889
4239001
4250655
11113539
860889
858342
4237525
4239825
14732844
858342
845632
4246477
845632
845632
4246477
26747761
26747761
26747761
26747761
26747761
858164
4253358
17402766
17402772
17406579
26754290
11111354
11112375
11112755
11112916
17389913
17390028
26747782
4253035
4253206
17389513
26749861
26749905
26749972
26753301
26748051
26748386
26749277
26749295
26749416
4254329
4254418
4254329
4254329
4254418
17389035
17389442
17389466
17389508
17389991
4237504
4237561
4239894
4240233
4252911
17389289
17389321
17389392
17389411
17389421
4253055
4253056
4253057
4254303
11111040
26748258
11112647
11114156
26748258
11112647
11114498
11114530
4239393
4252886
4253033
4253586
4253618
17401447
17401760
17403648
17389023
17389071
26747896
17412426
26751415
849118
850433
4251968
14742835
849118
855690
17411233
855690
855690
17411233
26752526
4237509
4237601
4237818
4237860
17385406
17385537
17385577
26749729
4241831
17388983
17389251
26749127
26749283
26749602
4238827
4239767
4240177
14740008
14740759
4237608
4237639
4237643
4237654
4237695
4247533
4253346
4247533
4247533
4253346
17388820
17388932
17389262
17389295
17389312
11112684
11112893
11112684
11112684
11112893
856017
4253990
11112136
14724049
14745206
849292
4240173
4242750
4251435
4254328
855782
26752593
26752613
26753203
4245001
4239975
14724050
14735181
17409825
17410791
26748084
26754302
4253165
4253172
4253942
26749932
26750088
4241511
4245643
7974123
26752494
4241769
4252479
4253311
4253694
26754097
17387834
26754097
26754097
17387834
17388877
4253098
14741420
26750856
26750857
26749080
26749936
11111490
11113638
26749080
17385503
26752574
26752586
26752618
17402236
17389058
26747707
26749882
4244738
4254181
4252456
17412637
4252456
4252456
17412637
4242566
4244546
4247110
4253121
17406923
4254179
4254179
4254179
4254179
4254179
17389049
17389198
17390059
4240523
14738525
4253796
4254390
17413412
17415795
4253796
26748216
26748288
26748302
26748445
26748533
17389916
26748092
11112232
11113616
11113617
17389118
26752410
26752470
26752471
26752484
26752401
26752640
17407590
26752401
26752640
26752347
26752429
26752595
26754014
26751106
4241092
17401288
26750863
26750963
4241092
26752371
860508
4254261
4254275
7974951
855523
26749038
856259
14733105
17402551
4252838
11111795
4252838
4252838
11111795
17388792
17388797
17389432
17389434
4253058
17389364
26753809
4252652
4254301
11112165
26752492
11111644
11112401
17402223
17409547
26747723
11111421
11112553
26747723
11111421
26753191
4250288
4252599
4253076
4253114
17389636
26748714
26749917
26754386
4251856
17388843
17389167
17389444
17389981
4252461
855514
17389753
17389868
26747946
26747959
4247846
11111499
11112762
4247846
11111499
17389236
17389489
4252844
11110788
14724092
11111100
14743170
11111100
11111100
14743170
26751003
26751003
26751003
26751003
26751003
26754024
26754024
26754024
26754024
26754024
17390001
4252510
4253791
11113984
17408698
26752575
14742207
17401265
26751173
26752575
858482
4240108
11111458
14740921
14742426
4240409
4253589
4254087
14731511
17409839
11111143
11113846
11111143
11111143
11113846
26748029
26748035
26749406
4253572
11112099
14735802
14735802
14735802
14735802
14735802
4241556
4250510
4253932
4254230
4254279
4237528
4237560
4237775
4237922
4237923
26749719
26749874
26754286
26754365
4254340
26747755
14731984
14735681
17409630
17416098
26749249
26754265
4254349
11110859
11111068
26747449
26754115
11110886
11113644
26747449
26752439
26752441
14742491
26752439
26752441
4252565
4254015
14726104
14735464
4252565
11112529
11112529
11112529
11112529
11112529
26749987
26752409
4250957
4252797
4253221
17389902
4243975
17411605
17411618
17389902
4252256
4253555
14723942
14725996
14741595
26749548
4252542
26749548
26749548
4252542
11111500
17389240
17389390
17389446
17389455
4252981
11113582
14732032
4252981
11113582
17416204
17416204
17416204
17416204
17416204
11111062
17409971
11111062
11111062
17409971
26748363
26748605
4252943
4253570
4253723
844570
26751154
26751166
844570
26751154
855656
855872
4253581
4253997
14737250
11113474
11113474
11113474
11113474
11113474
26748700
4254363
11112204
26748700
4254363
26749657
14722916
14740834
14742193
17415827
4252075
4252075
4252075
4252075
4252075
7972241
14745978
17402576
17413674
7972241
11112566
14734982
11112566
11112566
14734982
3714944
4245134
4253193
14726047
14727194
861630
14731683
14734105
14735180
14740825
26749021
4254332
26749021
26749021
4254332
26749281
26749628
26749639
4253465
4253647
26748627
26752530
26754401
4252525
4253091
17390035
17390035
17390035
17390035
17390035
11113633
14724112
11113633
11113633
14724112
26749717
26749902
11110841
11111466
11112665
17389438
14721914
17389438
17389438
14721914
17388787
26754182
849132
866042
866054
863427
863663
4250700
14740282
863427
17388721
26750017
26753139
4251949
4252785
4252906
4253422
11111413
11113994
4252906
4238163
14745293
14745324
4238163
14745293
14734703
14742107
17406847
17409014
17409161
7977434
17412939
7977434
7977434
17412939
17389195
26752550
4250823
4252836
14723876
4241102
4252155
14722206
14741558
17387985
853696
4239438
4239756
4244205
4249519
26752479
4252493
26752479
26752479
4252493
4245811
14731961
4245811
4245811
14731961
26754361
3712469
4238802
4238812
4239075
17389099
4244188
11111198
17411193
17389099
26754373
4254084
26754373
26754373
4254084
4253222
4253512
4253222
4253222
4253512
11114494
11114495
11114533
4238278
4252726
26752601
14741007
26752601
26752601
14741007
17388929
26749553
26754389
11111012
11112753
846155
859883
4240087
4252570
4252916
26752367
26752368
26752370
11111250
11111252
26753261
4238281
4238476
4238519
4238729
4253137
4253235
7972648
7976436
11112434
17389408
26748549
26749674
26753267
26753792
26748671
4245114
4253851
11112228
11113333
11111940
11112609
14721848
11111940
11112609
11114397
11114403
11114430
11114439
11114446
26747733
4253372
11112374
17408548
17411415
4253845
17402042
4253845
4253845
17402042
3712359
4252623
4252791
4253276
4253495
26749605
26749605
26749605
26749605
26749605
17385525
17412183
17385525
17385525
17412183
26752444
26754340
4252823
14727159
26752444
26749619
26750095
26749619
26749619
26750095
855646
4252878
11110951
11112264
11113425
26750845
26750845
26750845
26750845
26750845
4253439
4253998
4253439
4253439
4253998
26754091
26754091
26754091
26754091
26754091
17385384
17385386
17388713
17388958
17388970
4253105
4253156
4253105
4253105
4253156
26749692
11112317
11112571
17407636
17409187
4249874
4254067
11112343
17406756
17410228
14734155
14734155
14734155
14734155
14734155
4251084
11111690
11111760
11112575
14722102
858313
4239781
4252564
4252883
4252964
845384
850010
4241528
4242510
4244010
26754007
4252989
4253920
17406648
17406795
4240712
17402965
4240712
4240712
17402965
4254389
17401215
4254389
4254389
17401215
855720
17385532
17388884
846175
4252746
26750729
26751000
26750729
26750729
26751000
4253228
4253681
4253718
4254002
17407053
17389163
17387538
17389163
17389163
17387538
4251655
17408731
17411815
4251655
17408731
17389880
26749068
26749595
26749791
17389880
851503
4253138
4254222
11110786
11112297
4252759
4253063
14729372
14741250
14742816
26747917
4247608
4252782
4252936
4252990
26748942
4253081
4254000
17385055
17401402
4247644
4252810
11112304
14744846
4247644
863440
4252563
4254268
11111581
863440
17385528
17385538
4243274
4245646
4247580
26752631
14726409
17402906
17408563
17409836
26748284
26748376
26749190
26749991
26754006
852799
14745269
852799
852799
14745269
26752403
4243420
4248727
11112656
14726046
26754042
26754070
26754099
26751313
26751331
848253
4241299
14735112
17385993
17403290
863281
14738620
14740889
14741476
14741568
17389281
17389288
17389401
17389416
17389418
26752536
4253672
4253775
4254180
11110780
4253965
26750731
4253965
4253965
26750731
3717322
4238051
4252699
4254111
4254392
26753273
4252499
4253756
26753273
4252499
855580
855756
26753795
26753822
4252578
4237591
4238813
4238916
7973849
11111781
4253029
4253034
11112258
11112490
11112922
11112279
14745637
17409331
17411237
17411549
855842
4238198
4240076
4246968
4254294
4253265
4253265
4253265
4253265
4253265
4253285
14730358
17402699
17403449
17407666
26752556
11111932
26752556
26752556
11111932
4253923
4253952
4254089
4254090
11113742
17388966
26749537
14723741
17388966
26749537
26752500
858323
11114041
26751037
26752500
17388922
26747817
3715298
4251953
11114231
855883
4239954
855883
855883
4239954
4237879
4238250
4238388
4238512
4238553
26748648
26749650
26754325
26754425
4253402
17389963
26748644
26752589
853557
4252556
17388717
4250318
4252781
4252845
11112243
4253801
4253801
4253801
4253801
4253801
17388891
26749182
851909
858280
4246073
26754253
26754263
859218
4252514
4253510
26752732
4252745
14721947
14742444
17402307
855676
26747815
26752594
26754027
4241809
855911
14745951
17403592
855911
14745951
4253540
17388857
26747753
26749724
26752644
4253806
11110672
4253806
4253806
11110672
4239861
4249263
4251033
14734020
17406592
26748263
26748422
26749960
26754308
4252868
11111122
14727114
14745933
17410541
11111122
4237492
4239062
4253008
4253112
4237492
4238091
4238621
4239873
4242053
4253287
26749262
26749611
26749646
26752720
26749262
855879
26748382
4237575
4239424
4243992
17385526
26748055
4253319
14737230
14742016
4245524
14723193
17409513
17409857
4245524
26749279
26754345
4253279
4253969
11111057
14737691
14741628
14737691
14737691
14741628
17389637
4254171
17389637
17389637
4254171
26749939
26754393
4241678
4246836
4253314
863343
865245
4246165
17409873
863343
26749015
26749855
26749916
859984
4253130
26749554
26749829
4246626
4252811
4253366
26749438
4239274
4245901
11112681
11112839
26753215
4253788
11113870
14727160
26753215
26748351
26753826
3717423
4237832
4243086
26748396
846555
848612
4253787
7976741
26753196
859900
4254317
14723408
14731430
855932
26753207
26753813
26753828
26753833
26754448
3716063
4241198
4242516
4243307
26749485
26749832
26752638
4240881
4241927
26749332
26749482
7973588
11112574
26749332
4237796
4240174
4242829
4252577
4252998
26747727
11112435
26747727
26747727
11112435
843170
4246319
4249370
4254056
11114051
848536
860691
4238158
4238801
4252750
11111891
26748154
26749988
26752407
3717701
14730533
14741026
14743013
14730533
14741026
17389222
17389361
863998
4252454
4252702
26749060
26749060
26749060
26749060
26749060
4252603
17411608
26750728
26751131
4252603
4238293
4238835
4240359
17401161
26751055
860294
4238663
4239851
4247711
14742061
26748064
26748509
26748834
26748923
864189
17388756
26747757
26749155
851595
3711919
26752683
26753182
4254061
4254369
11110829
26752509
26752658
26752661
3717473
4245895
26752547
4248824
4252693
11111468
11112923
26754135
4252643
4254177
11112321
17406671
26749967
11112262
11113794
26749967
11112262
26752485
26752722
4248335
4253236
26752485
861506
4238015
4240561
4245422
4253027
4252720
4253119
11112145
11113954
17411046
17409982
17411412
17409982
17409982
17411412
843289
4240797
4252691
4252712
4252908
855815
855966
4253741
11112804
14744341
26748412
26754251
4253203
4253710
26748412
4252788
4253196
4253907
4253914
11112314
4238939
4239653
4238939
4238939
4239653
845859
4241545
4241633
4243194
4244000
4246493
4247708
14742810
17401962
4246493
17388864
17389388
4252994
4253331
4254092
11111414
11113686
14736895
14741457
11111414
26747715
26747731
11111862
26747715
26747731
4253656
26750993
26750999
26751134
4253656
26752511
26752696
11112328
11112863
11114258
26752405
26754316
11112187
17413643
17414892
3715858
4241996
4252813
4252984
4253208
17389855
4253291
14731753
17415236
17389855
26754011
4251375
17385299
17408821
26754011
860227
14721904
14735451
14741054
14745355
4253192
4253433
4253467
4253478
4253627
26749491
26753279
4240452
4241117
4243832
4241122
4241122
4241122
4241122
4241122
26754016
4253174
11111355
26754016
4253174
11112558
11112558
11112558
11112558
11112558
4253163
4254259
4253163
4253163
4254259
17389063
11110782
11111330
11112420
11114267
4248297
4251069
11111755
4248297
4251069
17389352
17390019
4253238
4253746
4254431
26749009
4242554
4248385
11112836
11112862
17385556
4250228
4251217
17385556
4250228
4242011
4245335
11110715
14722936
17408719
4241425
14726440
14742488
17413976
4241425
26752608
26754442
4243381
4247506
4252532
14730426
17409719
17410389
14730426
17409719
26747948
4238303
4254278
11112230
11113606
4247299
4250268
14738666
17408596
4247299
855618
4254120
11112677
11112849
11114278
4254103
17403117
17406801
4254103
17403117
855592
17388796
17388935
17389062
17389290
4252675
11110847
11111295
11111326
11111430
17389230
26749299
26749915
26750068
4249856
4252705
4253043
4254282
4252705
4253043
17389018
4247564
4251030
11114197
17387973
17389111
17389210
26747659
26749169
26754255
17388806
4244958
4252566
4253340
4253810
14724129
14724129
14724129
14724129
14724129
858229
3711926
4243705
14722128
14724027
850739
11112519
850739
850739
11112519
26748398
26748663
26749863
26754203
26754363
3712514
4252961
11111369
14726103
14731887
11111752
14723964
11111752
11111752
14723964
4253612
4254331
4253612
4253612
4254331
851940
860967
4252743
11111318
11112156
26749663
26754272
4245064
11113463
11113726
4253777
11110712
11110984
11113884
14735103
855809
26753266
4253934
855809
26753266
4253968
11111561
14741972
14745965
4253968
26749011
26752406
851660
4247250
4253355
846056
864330
4242618
4254243
4254283
855794
855877
17388839
17388982
17389202
3716536
4254421
11110893
11111145
11111881
855708
855714
17389296
17389951
26747839
17388709
17388814
17389119
17389226
17389303
4253531
17407584
17412982
4253531
17407584
859001
4239302
4252407
14723935
14745913
4246708
4252494
11111661
14738529
4246708
4253472
4247934
4250618
4252669
4252737
4242338
4248825
14737074
14742169
14742291
17385507
17385549
847473
848392
850684
3713645
11110750
3713645
3713645
11110750
17385498
17385517
17388896
26752477
4253164
17389012
17389032
17389050
17389066
17389369
4248095
7972814
14726301
14742372
17386056
14741776
26751157
14741776
14741776
26751157
846035
4248895
4249752
4250343
4254072
26748392
4245670
4250629
4253895
11113862
17385497
17385521
17385533
26747809
26749532
17388672
17388750
17389989
26747645
26748369
17385474
11111506
11111751
17387481
26751152
7975986
17388782
17389146
17389358
17389382
11111699
11111699
11111699
11111699
11111699
17389273
17390042
856905
4251174
4252602
26749827
4252780
11112537
11112604
26749827
4249892
4251506
11111240
11111906
4249892
11112102
11112102
11112102
11112102
11112102
855855
4253307
14731328
14739739
17387450
26749824
26754147
4252707
4253380
4254126
11110744
11112809
11110744
11110744
11112809
11114069
14742786
17402368
17408925
11114069
26747759
853529
11112921
14742173
17402258
26749926
4251829
11113689
14726040
14735069
11111501
11112610
11111501
11111501
11112610
17389876
4240295
4254216
11111599
17410890
862488
4252900
4254143
11113909
26751132
17388912
17388998
26748469
26748742
26749112
855680
26748565
4252751
4253882
14737835
4237603
4237668
4237672
4238529
4238534
26752552
26752569
26752614
26752623
4252685
4237534
4237760
4238353
4238910
4240197
4241204
14739117
17406768
4241204
14739117
4237706
4238470
4239280
4254286
17402779
4254173
11111445
17414690
4254173
11111445
26748871
26753558
4250317
4252986
26748871
3713968
4253861
14734578
17407654
3713968
11110741
17403225
11110741
11110741
17403225
4238807
4245358
17408863
17409987
4238807
3715632
3715632
3715632
3715632
3715632
4250644
4250644
4250644
4250644
4250644
4248413
4253793
4248413
4248413
4253793
11111410
11113360
14730501
11111410
11113360
4238200
4239030
14722183
14727328
14742035
26754043
844043
4248033
4248185
4251046
26749129
26749411
26749521
26749587
26749592
4251903
14740839
4251903
4251903
14740839
26747719
4240553
4247852
4252907
4253764
4247422
14726333
14745950
17402246
17402407
17389518
4252741
4253120
17389518
4252741
4237517
4237527
4237535
4237546
4237607
4238379
4240437
4240969
4242129
4242426
4243600
4244377
4252881
4254012
17412694
14745781
17411004
17412450
17415403
14745781
14741897
14742018
17402985
14741897
14742018
17402769
17402769
17402769
17402769
17402769
26754328
863214
4253755
4254168
11111015
17389526
17408812
17389526
17389526
17408812
14735756
14735756
14735756
14735756
14735756
14745223
17408052
17409295
14745223
17408052
17389169
26752685
17389169
17389169
26752685
26747941
26748850
26749682
26749840
26749887
11113788
14733937
17407919
11113788
14733937
852502
7972131
17411536
852502
7972131
4254218
4254218
4254218
4254218
4254218
17389485
4253462
4253595
4253991
17389485
26749625
26749625
26749625
26749625
26749625
4254193
4254193
4254193
4254193
4254193
11114406
11114496
11114512
11114525
11114526
4254337
14735444
17402806
17409449
17409906
26752691
26752700
4254106
11111053
26750730
4238169
4247636
11114084
14733416
14736469
4247268
17385722
17412079
17415892
26751030
17388761
26748037
26754138
26754403
4253005
11111341
14725994
14736074
17387909
17406664
4252459
4253122
4253338
4253898
4254057
852029
862611
4238657
4239066
852029
4246711
11111853
17386006
17408866
17409130
17387933
17408497
17387933
17387933
17408497
4252926
11112823
4252926
4252926
11112823
4253104
26750779
26751349
26751367
26751414
17385585
17388813
17389061
26752491
26752635
17388934
17389277
17389374
17389410
17389484
14737477
26751185
14737477
14737477
26751185
855900
17389553
26748525
26748914
26749465
855579
855925
17388693
17389804
26749074
26752419
26750739
26750760
26750774
26750775
26748724
4240399
4242418
26748724
4240399
26752504
26752506
26752519
26752563
26752663
17385560
17388895
17389206
17390016
26747589
3712042
4250391
14740894
3712042
4250391
11113530
14745938
11113530
11113530
14745938
26752677
17408682
17414991
26752677
17408682
26749090
4239027
4245875
4252608
4254292
11112454
11112454
11112454
11112454
11112454
17389802
4252938
11112646
14724107
14742354
863964
4253820
14726114
863964
4253820
17389396
17389927
26747739
26747741
852944
845581
4241858
4242950
4252828
11111191
4254124
4254124
4254124
4254124
4254124
855940
17388908
17389509
26747940
26748470
17388862
17389409
26748404
4254253
4254291
4250102
4253438
4253441
4253979
4254050
4253690
11111412
4253690
4253690
11111412
26752427
26752427
26752427
26752427
26752427
17389203
4248302
17387996
26751177
17389203
852628
4247364
4252837
14723182
14741024
17389928
26747737
4242315
4244369
4246000
846376
858418
4241793
4246524
4252763
26748125
26752641
4252604
4252786
4254342
17408252
17408252
17408252
17408252
17408252
11111764
11113541
14734680
11111764
11113541
26752334
26754405
4253397
4254225
11112452
17387786
17409884
17413045
17387786
17409884
4253385
4254132
4253385
4253385
4254132
17388975
11112602
17388975
17388975
11112602
17403233
17403233
17403233
17403233
17403233
4246292
4253535
4253750
4254252
14724148
855675
17388780
17389030
17389460
17389587
855748
17389123
26748631
26752570
4248294
26750033
26752634
26754441
4238029
4238065
855554
4237473
4237619
4237649
4237797
855587
17389952
4248757
4250496
11110758
14726376
14745315
14726376
14726376
14745315
4252609
4254158
14732668
17402934
17408135
17388679
17389250
17389347
17389351
17389581
17389805
26754388
4238032
7975242
7977873
14744698
14744698
14744698
14744698
14744698
14745414
14745414
14745414
14745414
14745414
4253396
4254213
17415910
4253396
4254213
26748527
4242334
4247334
4254032
11113575
4241391
4244870
4249054
4252978
4253289
17412338
17415258
17412338
17412338
17415258
4240176
4240477
4245261
4245658
14726437
14723912
14732047
17386335
17403186
17408170
3715879
4252698
4253891
4253975
4254045
4253929
11112492
4253929
4253929
11112492
858640
4253664
11114250
858640
4253664
4248341
4251826
14721949
14724154
14732561
17389458
26748763
26749245
26749309
26753531
17388711
26751192
17388711
17388711
26751192
26749358
857679
860091
4238978
4245389
4251804
14721922
14723955
14741751
14743316
11114550
11114141
17407466
11114550
11114141
843859
851674
4253981
11111444
14721902
26752682
17387965
17403283
17403306
17403553
17389245
17389307
17389611
4252776
17389245
26749252
26754245
11112560
26749252
26754245
4239082
4239657
4239674
14726445
4239082
26753821
4252899
4253213
4253490
26750927
17389699
4253362
4253831
17389699
4253362
4253638
11112168
11112270
17413926
17415560
26752710
844622
850151
4244817
4253403
17388803
17390053
26753140
3717913
4240867
17389383
17389487
17389586
7974225
14744558
7974511
7974511
7974511
7974511
7974511
26751312
26751330
26751339
26751348
26751350
26747713
4252708
14740840
17416140
17416202
4237573
4238427
4240381
4247677
4248487
14745456
17401431
17408588
14745456
17401431
844442
4246755
14745632
17401886
844442
26753173
4245508
4247208
4250284
4252642
11114122
17401253
11114122
11114122
17401253
4250184
17408113
4250184
4250184
17408113
26750765
26750766
26750771
26750798
26750803
4252952
4252952
4252952
4252952
4252952
26752668
26750726
26752668
26752668
26750726
855609
26748318
4253337
4253719
14744006
4238339
4239553
4243079
4253020
11114035
26748194
26752404
863043
4245232
4245427
26750960
26750960
26750960
26750960
26750960
4244721
14721971
14727218
17408852
4244721
11114431
11114448
11114515
11114521
3711413
4253569
4253691
4253692
4253711
4253757
851833
4252884
4253087
4254231
14726076
4251289
4253343
11111016
11111538
11111597
4242611
4243316
4244609
4244770
4245936
855574
17388768
26749803
26752483
4240800
26752673
4239358
4240202
4252957
11111367
26750782
26750807
26750782
26750782
26750807
4252940
4253257
4254315
4252940
4253257
14732870
14732870
14732870
14732870
14732870
4246359
4253576
4253686
11112198
11112214
4249983
26750732
4249983
4249983
26750732
17385512
17389131
17389153
26752539
26752591
4254378
4254378
4254378
4254378
4254378
17388851
17389795
26754021
11111521
17401395
17389906
17390049
17390050
17390051
4253435
4246116
4252944
4253544
11111770
11112549
4238030
4238127
4238932
4238949
4239648
17389447
4252711
4253031
17408800
17389447
26749669
26749669
26749669
26749669
26749669
26748310
14729233
17403486
17408952
17409356
848749
14722950
14724126
17402758
17407047
17406951
17411994
17406951
17406951
17411994
26753815
26753815
26753815
26753815
26753815
26753832
4237988
4239802
4252631
4253564
849116
4246957
4250101
4254236
11111831
4253051
4253295
11111071
4253051
4253295
856953
4252478
4253309
4253652
11113995
26749812
7972806
14737454
14741052
17402222
17386002
17411373
17386002
17386002
17411373
4253200
4253201
4253350
7974664
11113885
17389082
26748623
4252458
11112106
11112185
4252855
4254407
17410150
4252855
4254407
4253395
4253945
11113759
14736820
17385003
17388767
17388770
17388824
17388825
17388827
855677
26752443
842968
847033
4243920
26748380
26748541
26749463
26754240
4241185
4254065
14723155
17412204
4254065
14723155
17389497
26751070
17389497
17389497
26751070
4239007
14726322
14734123
17408565
17416167
4248555
14721896
4248555
4248555
14721896
17388706
17388754
26748104
4252904
4253036
26749698
26749698
26749698
26749698
26749698
17389968
862353
4244086
4253665
4254125
4249666
4253000
4253855
4253915
4253985
7973657
7973657
7973657
7973657
7973657
17388940
17389563
17389576
26753220
4247167
14745799
14745799
14745799
14745799
14745799
4252725
11114079
14744949
17387615
17415970
4237737
17385024
17387958
4237737
17385024
26752343
26750994
26751218
26751272
26751290
4253688
11110673
14741373
4253688
11110673
4241412
11111277
17385801
17403560
17406735
17401189
17411703
17401189
17401189
17411703
847251
4239809
4241342
11112152
14737075
4241700
4253611
17402839
4241700
4253611
855602
17385580
17388686
26749058
4252880
26753157
4253021
4253117
4253186
11110900
4238615
4238989
4239298
4240114
4251016
4253491
4253946
11111651
11112123
11112291
17388765
26747735
859874
4242183
4247040
4238525
4240190
4240451
14745190
4238525
4252464
4252511
4253341
4253387
11110942
14732945
14735717
14742822
14743143
14743144
11111767
14730896
17408864
17409035
17414273
860103
4253976
4254095
4254277
11111701
4239041
4240240
4250519
17409332
4239041
11111550
11112334
11111550
11111550
11112334
4256503
17389403
17389894
26749785
3717051
860250
3713259
4239413
4243836
4250195
26748918
4248316
4253440
11112661
17401318
17401424
17416113
17401424
17401424
17416113
11112879
11114216
11114224
14745870
17411662
11112186
14732905
17409218
11112186
14732905
855633
26752582
11112547
14734804
14736520
26749884
26749884
26749884
26749884
26749884
26748972
4253060
4253859
11110970
17407078
26754143
11111945
11112499
11112538
17402767
26754444
14745915
17401190
26754444
14745915
855536
4242143
4252973
7973141
14745857
26748726
26749104
26749847
26754318
4252475
26754270
26754284
11112357
11112814
26750740
4244730
4247905
4251498
14722890
14723427
26748976
26748976
26748976
26748976
26748976
861108
4244413
4244463
4244502
4245142
4247536
4252897
4253004
4253086
4253272
17411514
17414694
17411514
17411514
17414694
4241898
14740788
17403603
4241898
14740788
855781
17389810
26749903
26752402
26754266
26749528
26749831
26749984
26750092
26752534
14734985
14734985
14734985
14734985
14734985
850554
4238386
4239723
4240206
4240370
11111864
14734950
11111864
11111864
14734950
4238763
4239373
4247514
4250267
7976208
17389039
17389040
17411170
17389039
17389040
4253809
11113968
4253809
4253809
11113968
11113758
11113817
14745942
17416252
11113758
4238407
4249175
4253865
11111861
14726357
26748765
11111531
26748765
26748765
11111531
17389904
4238955
4238975
11112476
14724077
4252681
4252893
17415571
4252681
4252893
14738163
17408007
14738163
14738163
17408007
7973776
14741952
14743918
7973776
14741952
4248768
11112714
14738522
14744945
4248768
26751235
26751250
26751253
26751235
26751250
17406615
17407674
17411294
17406615
17407674
17406716
17406716
17406716
17406716
17406716
26750808
26750808
26750808
26750808
26750808
4254123
11112623
17387660
17387899
17406708
849510
4240980
4253001
4253064
4253128
858981
3716641
4249080
4254312
7978209
858593
4253074
11113768
14742510
14742523
26754092
26751212
26751215
26751266
26751284
17389535
26752667
11111532
11112210
26750866
4253742
14741636
4253742
4253742
14741636
4237958
4239089
4252655
4252954
11111497
17388688
17388861
17388869
17388953
17389668
11112579
11112579
11112579
11112579
11112579
4252808
4253823
11110791
11113585
17412130
26748762
26754036
26754053
26754073
26748762
11113733
14740424
17414660
17414785
11113733
26749618
11112820
17408176
26750853
26749618
4253436
4253436
4253436
4253436
4253436
4249963
14732606
4249963
4249963
14732606
4245342
4253133
4253557
4254405
14732864
4252971
4253135
4253159
11113917
14722901
4238258
4252970
4253096
4253103
4253829
26749347
26749469
26749503
26754360
857689
26749995
11110812
14726413
26749995
11110812
855697
859405
26749318
4250552
4252488
859862
17388752
17388805
862672
4252657
4238831
4239895
4243934
4244484
4251279
26749200
26754026
26754061
26750769
26750814
4253905
4254141
17402161
4253905
4254141
4245972
14726061
17388601
4245972
14726061
4252840
14735267
14744663
4252840
14735267
4242309
14723197
14724034
14739753
17387775
4239647
4244360
14734949
17409584
4239647
17388808
11113392
11113503
17388808
11113392
17388849
861962
3713263
3716661
4253538
855885
4238022
4252882
14740880
14744479
862891
4249770
4253360
4254235
11110732
4253973
11112524
14740902
14741499
4253973
4243895
11112673
4243895
4243895
11112673
848751
859244
4237488
4237515
4237554
4252888
17403675
17407603
17414652
4252888
17389308
17389992
26752604
4252849
4254119
14742136
14742136
14742136
14742136
14742136
17388990
26749635
863141
11111411
11111545
17389417
4252829
4253028
7972272
17389417
4242925
4253070
4254415
11111723
17401890
4253377
4253381
4253748
11112614
4253377
14725997
16952412
17403168
14725997
16952412
4252592
4253132
14745859
4252592
4253132
11112323
11112323
11112323
11112323
11112323
4244400
4253953
17385661
17406688
4244400
4253747
14741575
17402982
17412535
4253747
4254302
17411420
4254302
4254302
17411420
4241324
4253812
14745957
17407634
17410393
3714062
4247474
14725987
14727188
14739942
11114242
17411058
17411190
17412166
17414157
26747819
4252495
4253617
17409641
17415286
26747745
3714876
4252197
11111719
14724161
14726390
14726390
14726390
14726390
14726390
17388906
26752520
26752568
26752602
26752646
852680
4238695
4247960
4252601
11112828
26747721
842789
3715127
4249134
4251954
11112255
11113560
14725960
14741287
11112255
26752626
4252517
4253052
7977291
11110850
4238336
11112252
14734882
17401158
17402238
11112173
11112920
17401191
11112173
11112920
11110964
11111344
14740976
11110964
11111344
17389152
17389481
26749159
4252679
4252953
26749678
4252976
4253751
26749678
4252976
11113863
14723173
14727306
14738665
14741574
845164
14737060
14741576
17385806
17401156
4252853
11112157
11114247
4252853
11112157
26750755
26750755
26750755
26750755
26750755
846220
26750933
846220
846220
26750933
17387832
17413648
17414147
17387832
17413648
4240639
4249742
14722117
14726365
14735693
26748938
26750744
26750772
26750787
26750792
4237690
4238612
4239595
4244345
4245504
17388863
4252469
4253386
4253577
11112289
11112096
17403348
11112096
11112096
17403348
17388944
4252949
11111642
17388944
4252949
4250321
26751169
26751343
26751358
26751361
17411486
17415167
17411486
17411486
17415167
17412175
17412175
17412175
17412175
17412175
7975066
14732878
7975066
7975066
14732878
17406596
17409031
17409628
17411248
17412423
17388669
26748529
26748611
4254423
14731299
4245059
11112212
17411286
17415879
4245059
859536
4238391
4239097
4254195
14741195
4256920
11112720
26754033
26754052
861145
4252583
4254104
4254245
11113422
11113877
7977073
14742461
17406803
17409368
7977073
859279
26747785
26749894
26754110
26754378
17389246
11113342
17409426
17415257
17389246
4247125
4253107
4253550
11112422
11112460
846406
26747821
17401483
846406
26747821
4242385
14727293
26751082
4242385
14727293
4242803
11113836
17408777
17411592
4242803
26752606
26752662
4237924
4237947
4239061
26748930
864212
4240843
4241655
4245688
4253048
4253048
4253048
4253048
4253048
4246417
14745467
4246417
4246417
14745467
14744481
14744481
14744481
14744481
14744481
