11113285
11111107
11111252
11113640
17401159
11111310
4252978
11111058
11112142
11113669
844085
4252840
14723762
844085
4252840
4237944
4238267
4238572
4238613
4238746
11113129
4252841
11111829
11113129
4252841
11113224
4252707
11111355
14741037
17384978
4245122
4252359
4253932
11111632
11112233
4237508
849137
4237579
4238038
4238079
4252673
11111389
4239968
4241531
4253975
4252598
11114281
4252598
4252598
11114281
849465
4237598
4237609
4237838
4237914
4242520
11111023
4242520
4242520
11111023
852933
852933
852933
852933
852933
11111105
11113266
14726715
11111105
11113266
11111157
7973909
11111157
11111157
7973909
11112239
11113660
11113990
11112239
11113660
4238315
4238934
17385812
4238315
4238934
11111273
4252845
4253610
11111639
11112103
11111303
4243523
4253395
11111942
11113517
11112197
11114228
11112197
11112197
11114228
11111142
11111832
4253052
11111359
11111364
11113147
11113306
26752734
846619
4238853
4238114
4238638
4238770
4238814
4238816
850010
4237792
4238040
4238428
4238500
4239037
4237726
4238150
4238301
4239077
11112513
11112513
11112513
11112513
11112513
4252697
4252698
11111754
11112606
4252697
4237705
4240411
4244463
4245726
4248738
4238893
4250318
4253063
11110870
11111059
4237527
4237536
4237616
4237690
4238227
4238594
4247785
4253064
4253309
4253324
4244229
11110978
14738616
17412082
17414694
4237556
4237665
4238124
4238215
4238221
26752560
4237563
4237859
4237876
4237903
4238074
4240204
17414691
4238074
4240204
4252557
11112116
17402417
4252557
11112116
11114277
4243198
11111321
14726033
14726438
4239981
4244564
4249445
11110760
11113928
4239756
14725960
26751189
4239756
14725960
4254095
11111372
14736725
14741004
4254095
4265494
11113556
14740175
4265494
11113556
4237544
4237719
4237773
4237782
4237869
11112711
11112724
17409939
17414210
11112711
853614
11113663
17402789
17409843
853614
4240005
7972667
14722641
17415249
4240005
847355
4252601
11112586
11112788
847355
4253277
4253277
4253277
4253277
4253277
11111757
4242089
4253789
4254197
11111370
11111357
4253544
4253708
11111796
11111847
4237566
4238493
11111845
4237566
4238493
11113620
11113620
11113620
11113620
11113620
11113138
11113179
11112389
11112431
11112540
852761
4238950
4240170
14743378
17412608
14744481
14745414
14744481
14744481
14745414
11114100
14740797
17401315
11114100
14740797
11110956
4253439
11111163
11111198
11111391
11113510
3716661
3717932
4244903
4252558
4238704
4239347
4238704
4238704
4239347
4253055
4253550
17414144
4253055
4253550
11111127
14745942
11111127
11111127
14745942
11113152
17384999
3712600
4253031
11113152
11111416
11113245
862506
4238391
4239842
4246674
4250101
14741962
4246674
4250101
4238130
4245612
4245847
4247524
4252157
11113089
11113089
11113089
11113089
11113089
11114193
14727156
17402189
11114193
14727156
11111146
4252755
11112524
14741648
11111146
4253931
14741914
4253931
4253931
14741914
4238534
4239954
11113808
17414640
4238534
848536
3712252
4237487
4239052
4239130
4246446
11112372
11114015
17403208
17403488
861899
11111295
11111781
861899
11111295
11113155
11113212
858595
4238102
4239175
4237751
4245019
14732937
17402063
17407306
11110694
11111250
11111297
11110694
11111250
17406953
17406953
17406953
17406953
17406953
4241842
4244413
11112860
11113837
14743673
4254144
11112786
11113770
4254144
11112786
4239881
14721893
14735114
17401248
17401249
11113364
14744846
17411925
17412200
11113364
11114219
17388475
17403295
17415949
11114219
11113333
14727057
14727147
17401961
17407755
3715149
11110826
14724169
14743497
3715149
7972806
11111452
17414561
7972806
11111452
4242495
4245567
17411223
17411327
17413794
4252781
7975646
17385061
4252781
7975646
4237711
4237758
4237883
4238352
4238857
17409999
17409999
17409999
17409999
17409999
4252460
4252711
4252855
4252990
11110952
11113254
17385033
26752733
861921
4237482
11112737
17412858
17413019
17414727
26751142
11113966
11114222
17403206
17407728
17408438
17401374
17401374
17401374
17401374
17401374
26752659
4253846
11112319
11113832
17402359
860967
4237605
4237964
4238209
4238356
4239695
4254107
11112863
4239695
4254107
11111814
4239264
11114007
17409896
17410300
4252604
11112688
4252604
4252604
11112688
861762
17401900
17407674
861762
17401900
11111645
11113167
860735
11111685
14740976
4253130
11110921
11111741
17415412
4253130
4237491
4237537
4238121
4238485
4238727
858981
4239700
4253799
11112642
11112922
4253034
11112879
11114224
4253034
11112879
4252714
11111509
11112495
11114266
11114275
849116
11114131
11114231
11114235
14732561
11111927
11110892
11111002
11113531
17385026
11111082
11112388
11112554
11112655
11113759
4253988
4254171
11111510
11112417
4253988
14743984
14743984
14743984
14743984
14743984
11113131
11113142
4253709
11111057
11111415
4237493
4237550
4237737
4237840
4237904
11113253
11113297
11113298
11113299
11110673
14744434
17408514
14744434
14744434
17408514
4253033
11111940
11112691
4253033
11111940
4237803
4240086
11111820
4237803
4240086
4253753
11110990
11111664
11111873
11112541
14726691
14726691
14726691
14726691
14726691
4265800
14741085
14742740
17402100
17403486
17412632
17412632
17412632
17412632
17412632
4238819
4242466
4244593
14738507
14745294
4253929
4253974
4254126
11111373
11111651
11111567
4237474
4237538
4237753
4237935
11113083
26752410
17403592
11113083
26752410
4238720
7975336
11110805
11113511
4238720
11113830
11113887
11113951
11114070
11114095
11111312
11111318
11111312
11111312
11111318
11113075
26752554
26752634
4240205
11114041
11111512
11111954
11112107
11112589
11113727
26752601
26752601
26752601
26752601
26752601
11111838
11112271
11114240
14731252
17403017
17385007
17385050
4253776
4254339
17385007
4237841
14741041
4237841
4237841
14741041
11113514
11113726
14732051
14739846
17406910
11113686
11113881
11113686
11113686
11113881
11111388
11114267
11111388
11111388
11114267
11113571
11114162
11113571
11113571
11114162
4237735
4238049
4238259
11111308
4237735
4247636
11113710
11113718
14746025
17409821
4241892
4252703
17413845
17415461
17415927
11113794
11114044
11114135
17387788
17407569
26751332
26751332
26751332
26751332
26751332
3716458
4238850
4239901
4247533
4248419
11111526
11111526
11111526
11111526
11111526
11111098
11113831
11111098
11111098
11113831
4253054
11111179
11111562
11112654
14743342
4249561
4252680
17409372
17416085
4249561
11112600
11113617
11113682
11113788
11112600
4253853
17408826
17410108
4253853
17408826
26752587
11114047
14744854
17384982
17413009
11113176
11113236
11113286
4253174
11111442
4239604
11113619
14721871
14722190
14742019
11111412
11111504
11111412
11111412
11111504
4242014
4246722
4248549
11113956
14735451
11113954
11113954
11113954
11113954
11113954
4252736
4238158
4244291
4252706
4253385
4237663
4237703
4237769
4238256
4238314
843526
14745129
843526
843526
14745129
857377
860472
4253651
11111733
14743213
11111451
4237672
4238107
11111572
11112400
11113303
11111159
11114009
11114209
11113303
17412206
17412206
17412206
17412206
17412206
4238223
4238785
11112882
4238223
4238785
14732471
17384952
17384975
17406699
14732471
4242891
14740127
17416133
17416244
4242891
863506
4252761
7977334
11111298
11112580
17408549
17408549
17408549
17408549
17408549
11113848
11113852
14722164
14744976
17406974
14741028
14741028
14741028
14741028
14741028
4239620
17413199
4239620
4239620
17413199
4254288
11111367
14742200
17407936
17408453
4239879
11113632
11114146
14734086
4239879
11113082
4253344
4253375
4253376
11113082
11110964
11110964
11110964
11110964
11110964
17387799
17407594
17408478
17387799
17407594
4250497
11112918
14734107
17385250
17385266
17416364
17416364
17416364
17416364
17416364
17385128
17385128
17385128
17385128
17385128
17413732
17413732
17413732
17413732
17413732
4237807
4242948
11113701
14726726
14744642
4240129
7976966
17403429
17416256
4240129
11113700
11114282
17410914
17415267
11113700
3712493
4253030
11110867
11112912
14745947
14726376
14726376
14726376
14726376
14726376
11110822
11110822
11110822
11110822
11110822
4253946
11113702
11114248
4253946
11113702
4237776
4238724
4240350
4247338
17384934
4248274
11114086
14724126
17407618
4248274
14734490
17407230
17408439
17408559
17409356
11113683
11113691
11114019
11113683
11113691
4249223
14723715
4249223
4249223
14723715
11111914
4254337
14744625
17402218
17409730
853124
14722192
14727157
14742785
17402029
11112754
14723808
14723845
11112754
14723808
3712461
4249354
14740674
14741262
14741399
17407636
17407638
17407999
17409187
17414748
4248990
4254238
11112680
11112695
11112744
