4237515
4237543
4237548
4237641
4237690
4254403
4254403
4254403
4254403
4254403
4252867
4252867
4252867
4252867
4252867
4253766
4253766
4253766
4253766
4253766
4253168
4253576
4253168
4253168
4253576
4252458
11112106
4252458
4252458
11112106
4254176
4254176
4254176
4254176
4254176
4253537
4253537
4253537
4253537
4253537
11110876
4253265
11113994
11110876
4253265
4252493
4252493
4252493
4252493
4252493
4253248
4247514
4251688
17401983
4253248
4252725
4252725
4252725
4252725
4252725
4252893
4252981
4252893
4252893
4252981
11111255
11111255
11111255
11111255
11111255
11110700
11110700
11110700
11110700
11110700
11113141
11112357
26751106
11113141
11112357
11113254
11113254
11113254
11113254
11113254
11111009
11111009
11111009
11111009
11111009
4254090
4254090
4254090
4254090
4254090
4254188
4254188
4254188
4254188
4254188
11111032
4253746
11111032
11111032
4253746
11111585
4252777
4253236
4254061
11110988
4252906
4252906
4252906
4252906
4252906
4254089
4254089
4254089
4254089
4254089
11110948
11110948
11110948
11110948
11110948
11111923
11111923
11111923
11111923
11111923
4253111
4253977
4253111
4253111
4253977
11113185
11113185
11113185
11113185
11113185
11112321
11112321
11112321
11112321
11112321
11113217
11113272
11113301
11112358
11113217
4254421
4254421
4254421
4254421
4254421
11113309
11111156
11113309
11113309
11111156
4253222
4253223
4253222
4253222
4253223
11111913
11111913
11111913
11111913
11111913
4248748
4248748
4248748
4248748
4248748
4252976
11110755
4252976
4252976
11110755
4253209
859883
863580
4240987
4245417
4252798
4252798
4252798
4252798
4252798
4252890
4252890
4252890
4252890
4252890
4252810
11110818
11112492
4252810
11110818
11112529
14724074
14726707
11112529
14724074
14741057
14741057
14741057
14741057
14741057
4253291
4253291
4253291
4253291
4253291
4254124
4254124
4254124
4254124
4254124
4254232
4254232
4254232
4254232
4254232
11111550
11112334
11111550
11111550
11112334
11113237
11113275
11112322
11112571
11113237
4253427
4253427
4253427
4253427
4253427
11113149
4253104
4254349
11112300
11113149
11111413
11111413
11111413
11111413
11111413
4252486
4252914
4253086
4252486
4252914
11111100
11111100
11111100
11111100
11111100
4252931
4252931
4252931
4252931
4252931
4253200
4253201
4253200
4253200
4253201
4252075
4252075
4252075
4252075
4252075
4252542
4252542
4252542
4252542
4252542
11112686
11112686
11112686
11112686
11112686
4247262
4247577
7972241
4247262
4247577
846376
17414785
846376
846376
17414785
4252985
4252985
4252985
4252985
4252985
4253492
4253735
4254337
7974056
4253492
4237680
4238973
4246905
4237680
4238973
4253019
4253019
4253019
4253019
4253019
11110756
4249752
4254092
11110756
4249752
14737260
14737260
14737260
14737260
14737260
4254353
4254353
4254353
4254353
4254353
11111847
11112750
11111847
11111847
11112750
11110813
11110813
11110813
11110813
11110813
4253132
4253750
4253132
4253132
4253750
14742721
14742721
14742721
14742721
14742721
11113150
4253692
11113150
11113150
4253692
11111081
11111081
11111081
11111081
11111081
4252899
4252899
4252899
4252899
4252899
4252905
4252905
4252905
4252905
4252905
4248726
4254057
14726702
17387708
17408495
4252453
4252453
4252453
4252453
4252453
11111499
11112762
11111499
11111499
11112762
4252991
4253347
11110751
4252991
4253347
4245064
4253138
4253166
4253767
4254082
14729662
14729662
14729662
14729662
14729662
11113249
11110702
11110917
11113249
11110702
4254226
11112378
4254226
4254226
11112378
11111457
4253831
11111457
11111457
4253831
863576
863576
863576
863576
863576
7978445
17401231
7978445
7978445
17401231
11113238
11113247
11113273
11112621
11112664
4253742
4253742
4253742
4253742
4253742
4253823
4254103
17411238
4253823
4254103
4253282
4253463
4254303
4253282
4253463
11111679
11111679
11111679
11111679
11111679
11110761
11110761
11110761
11110761
11110761
11111939
4252936
11111939
11111939
4252936
4253435
11112212
4253435
4253435
11112212
4246359
4252839
17402124
17413164
4246359
4253965
4253965
4253965
4253965
4253965
4253361
4253361
4253361
4253361
4253361
11111318
11111318
11111318
11111318
11111318
3712357
3712357
3712357
3712357
3712357
4253029
4254289
4253029
4253029
4254289
4254123
4254123
4254123
4254123
4254123
11111066
11111502
11111066
11111066
11111502
4244721
4248188
4244721
4244721
4248188
4252921
4252921
4252921
4252921
4252921
4241700
4253612
4241700
4241700
4253612
11112777
11112777
11112777
11112777
11112777
4253335
4253335
4253335
4253335
4253335
11111699
11111699
11111699
11111699
11111699
11111684
11111684
11111684
11111684
11111684
4245335
11110715
4245335
4245335
11110715
11111974
11111974
11111974
11111974
11111974
11111403
11112850
11111403
11111403
11112850
11110950
4252769
11110950
11110950
4252769
11111726
11111726
11111726
11111726
11111726
4253173
11112330
11112333
11112471
11112841
11110906
4247631
11110906
11110906
4247631
4252982
4252982
4252982
4252982
4252982
14727159
14727159
14727159
14727159
14727159
4253107
4253139
4253259
14724034
4253107
11112445
11112445
11112445
11112445
11112445
4253421
11111068
4253421
4253421
11111068
4251856
4251856
4251856
4251856
4251856
11111752
11111752
11111752
11111752
11111752
4253257
11110808
11111282
4253257
11110808
4254091
4254091
4254091
4254091
4254091
863343
4246418
4251475
14722183
863343
4248144
4251352
4248144
4248144
4251352
847473
4252912
4253514
847473
4252912
11111320
4244802
4252525
11111320
4244802
4252457
4252539
4253251
4254434
11112280
4252756
4253241
4252756
4252756
4253241
11110947
11111218
4253216
4253451
11113410
4254030
4254030
4254030
4254030
4254030
4253631
11111285
4253631
4253631
11111285
4253098
4253370
26751191
4253098
4253370
11110939
4252507
4252549
4253453
4253915
4252720
11112145
4252720
4252720
11112145
11110860
11110926
11111903
4252527
4253084
17387660
17387660
17387660
17387660
17387660
4253105
4253105
4253105
4253105
4253105
14741260
14741260
14741260
14741260
14741260
4252630
4252630
4252630
4252630
4252630
4248335
4248335
4248335
4248335
4248335
14741270
14741270
14741270
14741270
14741270
864189
4241809
864189
864189
4241809
11110800
11110800
11110800
11110800
11110800
860967
860967
860967
860967
860967
14740773
14740773
14740773
14740773
14740773
11111735
11113157
11113261
4253843
11111735
11112420
11112420
11112420
11112420
11112420
7973849
17411002
7973849
7973849
17411002
11111069
14722950
14722957
11111069
14722950
4254087
4254294
4254087
4254087
4254294
4253725
4253770
4253725
4253725
4253770
4253310
4253475
11112675
14733262
4253310
4252496
4253715
11112423
14724899
17403309
11111381
4253858
17386161
17403177
17411373
4252836
11111892
17402077
17410504
17415299
4244400
17412882
4244400
4244400
17412882
14742083
17401254
14742083
14742083
17401254
4248854
17406574
4248854
4248854
17406574
4254390
17406755
4254390
4254390
17406755
4240507
14740834
4240507
4240507
14740834
11111269
11112439
11112466
11111269
11112439
11113173
11112652
11113173
11113173
11112652
11113130
846448
4252508
14726064
11113130
4243684
4243684
4243684
4243684
4243684
26750787
26750792
26750810
26750787
26750792
4237738
4237789
4238186
4238415
4238574
17387834
17387834
17387834
17387834
17387834
4253164
4253164
4253164
4253164
4253164
4253891
4253931
4254407
4253891
4253931
11110928
11110933
11111268
11111729
4252559
4253452
4253914
7974511
11111578
11112314
4252484
4252484
4252484
4252484
4252484
866021
866021
866021
866021
866021
4252846
4252928
4254149
4247040
4252724
4253764
4253764
4253764
4253764
4253764
11111459
11111459
11111459
11111459
11111459
17411805
17412175
17411805
17411805
17412175
4253686
14739633
4253686
4253686
14739633
4242011
4250910
4254132
7977466
14722936
4239275
4239275
4239275
4239275
4239275
3713065
3713065
3713065
3713065
3713065
4252747
4253554
4252747
4252747
4253554
4252592
14736646
17387497
4252592
14736646
4252842
14723958
4252842
4252842
14723958
11111192
11111192
11111192
11111192
11111192
4253228
4254071
4253228
4253228
4254071
4253402
14734950
4253402
4253402
14734950
4253082
4253082
4253082
4253082
4253082
26751052
26751052
26751052
26751052
26751052
14722206
14745050
14722206
14722206
14745050
4253594
4253594
4253594
4253594
4253594
8142831
8142831
8142831
8142831
8142831
14722468
14722468
14722468
14722468
14722468
11113236
11112903
11113236
11113236
11112903
4254168
4254168
4254168
4254168
4254168
851466
4252759
4253064
851466
4252759
859001
859703
859865
4254328
14724017
11111797
11111797
11111797
11111797
11111797
4253874
4253874
4253874
4253874
4253874
17387780
17401472
17387780
17387780
17401472
851503
14740669
851503
851503
14740669
11113961
11113961
11113961
11113961
11113961
4252765
11112475
11113885
4252765
11112475
4252596
16952805
4252596
4252596
16952805
4237820
4238334
4239786
14734842
4237820
866042
17406600
17414300
866042
17406600
14722127
14744320
17408211
17410894
14722127
4239806
26751062
4239806
4239806
26751062
4253804
4253804
4253804
4253804
4253804
14724161
17401156
17402982
17411207
14724161
26751061
26751064
26751061
26751061
26751064
4250123
17415249
17415293
4250123
17415249
17406756
17406756
17406756
17406756
17406756
26751410
26751431
26751410
26751410
26751431
11113194
4253304
4254112
11112919
11113194
17401189
17401189
17401189
17401189
17401189
4250052
4250052
4250052
4250052
4250052
17401248
17416339
17401248
17401248
17416339
4237846
17409426
4237846
4237846
17409426
11111243
4250207
4253976
11111243
4250207
4252844
17413591
17413912
4252844
17413591
11110888
11112214
11110888
11110888
11112214
845632
3714119
4249569
4252882
14740880
14721971
14721971
14721971
14721971
14721971
4240700
17408267
4240700
4240700
17408267
4249168
4249168
4249168
4249168
4249168
4247305
4251903
17387610
4247305
4251903
4250639
4250639
4250639
4250639
4250639
4252885
4252885
4252885
4252885
4252885
14742441
14742441
14742441
14742441
14742441
4252578
4253213
4254157
11110954
4252578
4252818
4252888
7976809
4252818
4252888
4249856
4252451
4253613
11114057
17403420
4249666
4251628
17407707
4249666
4251628
844570
17408176
844570
844570
17408176
14743548
17406764
14743548
14743548
17406764
4253684
11112157
14724055
4253684
11112157
17403322
17416135
26751147
17403322
17416135
4252978
4253462
4252978
4252978
4253462
11111773
11111097
11111172
11111730
11112451
4253161
4253988
4253161
4253161
4253988
4248948
4251945
7973923
17406941
4248948
14724032
14724045
14741771
14745164
14724032
4241360
14726105
17402983
4241360
14726105
4254192
14723193
14740343
17410280
4254192
852680
4252845
11111051
852680
4252845
845912
17409841
17410237
845912
17409841
4240553
4240553
4240553
4240553
4240553
4243356
17411296
4243356
4243356
17411296
4253047
857973
859874
4253047
857973
11110684
4252668
4253186
4253676
11113924
11113158
11112329
11113158
11113158
11112329
11112499
26751040
11112499
11112499
26751040
4244000
4250573
14732080
14733929
17408396
4253690
4253690
4253690
4253690
4253690
11112579
11112579
11112579
11112579
11112579
4253362
4253362
4253362
4253362
4253362
11110696
11110899
11111139
11110696
11110899
11111561
11111561
11111561
11111561
11111561
4239136
4239380
14724134
14727328
4239136
862488
862488
862488
862488
862488
4242606
14722623
26750749
26750750
26750751
14745965
14745965
14745965
14745965
14745965
8142890
4254367
8142890
8142890
4254367
11111439
4253500
11111439
11111439
4253500
11110799
11111228
11112337
11110799
11111228
14744945
14744945
14744945
14744945
14744945
11112213
11112213
11112213
11112213
11112213
4253572
11110673
11112099
4253572
11110673
14740757
14741366
14740757
14740757
14741366
4252847
4252849
4252847
4252847
4252849
14726063
14726072
26751184
26751186
14726063
863440
863468
863440
863440
863468
11112895
11112895
11112895
11112895
11112895
4253611
11113799
4253611
4253611
11113799
4253570
11112474
4253570
4253570
11112474
26751241
26751259
26751241
26751241
26751259
14742220
14742220
14742220
14742220
14742220
4254302
4254302
4254302
4254302
4254302
4253512
4253512
4253512
4253512
4253512
4253049
4253049
4253049
4253049
4253049
4252498
4252510
4253046
11112666
17402151
11111861
11111861
11111861
11111861
11111861
11111433
4253163
11111433
11111433
4253163
857689
858428
4244444
4252932
11111581
4252497
4252497
4252497
4252497
4252497
17402063
17411170
17415337
17402063
17411170
4253814
4253814
4253814
4253814
4253814
4253438
4253438
4253438
4253438
4253438
4253490
4254381
4253490
4253490
4254381
4254217
4254217
4254217
4254217
4254217
11111496
11112446
11111496
11111496
11112446
11111177
17401215
17410368
11111177
17401215
4246417
4252448
4252891
4246417
4252448
14731680
14744435
14731680
14731680
14744435
14742111
14742111
14742111
14742111
14742111
857679
860091
16952742
857679
860091
4252682
4252682
4252682
4252682
4252682
4252478
4252478
4252478
4252478
4252478
4247361
11114055
14743941
17413093
4247361
26751070
26751070
26751070
26751070
26751070
26750777
26750843
26750777
26750777
26750843
4252540
4253616
4252540
4252540
4253616
11112232
26750798
11112232
11112232
26750798
863062
4241842
4243414
4249038
4249360
4252829
4252829
4252829
4252829
4252829
7973776
7973776
7973776
7973776
7973776
4254378
4254378
4254378
4254378
4254378
14741195
17406912
14741195
14741195
17406912
861552
861552
861552
861552
861552
4243301
14730364
17407189
4243301
14730364
3713022
4241117
17410977
3713022
4241117
11111304
17407475
11111304
11111304
17407475
4251870
14743147
4251870
4251870
14743147
4241835
4245930
11112876
14735293
17407018
11110980
11110980
11110980
11110980
11110980
863427
863663
863427
863427
863663
4253617
4253617
4253617
4253617
4253617
4244058
14723179
14723183
4244058
14723179
4243475
4253703
4254184
14741622
17401236
4248584
14743431
4248584
4248584
14743431
3715648
14744924
3715648
3715648
14744924
3712042
4244520
4251448
4251678
14738334
17406615
17406615
17406615
17406615
17406615
4245612
17387856
17412990
4245612
17387856
17401261
17401478
17403679
17407462
17401261
4253433
4254210
7973798
11112636
4253433
11111420
11111420
11111420
11111420
11111420
17409967
17409967
17409967
17409967
17409967
4246167
4254394
26751087
26751144
4246167
4252707
11113935
4252707
4252707
11113935
4253659
4253659
4253659
4253659
4253659
11110918
14744698
17406893
17415371
11110918
14740918
14740918
14740918
14740918
14740918
4252115
11112503
4252115
4252115
11112503
4248397
4252762
4252838
11112495
11112514
863281
4254081
14727257
863281
4254081
11111984
4238162
4254425
11110758
17387582
4254055
11111767
17401319
4254055
11111767
4253079
4254281
17401280
17409713
17410276
11111414
11113686
11111414
11111414
11113686
4248751
14742426
17406569
4248751
14742426
14724123
14743943
14724123
14724123
14743943
859105
4245288
7972790
11111230
11111419
14743140
17407837
14743140
14743140
17407837
856953
7977073
14726034
17411249
856953
14740999
14740999
14740999
14740999
14740999
4254101
11111815
17414373
4254101
11111815
4252760
17403489
4252760
4252760
17403489
14722102
14722111
17406769
14722102
14722111
4246498
4246498
4246498
4246498
4246498
11111753
11111446
11112747
11111753
11111446
11111500
11111062
11111500
11111500
11111062
26750738
26750742
26750743
26750767
26750821
14733418
17401916
17401962
14733418
17401916
4252944
4252944
4252944
4252944
4252944
4253174
4253174
4253174
4253174
4253174
4253698
17410877
4253698
4253698
17410877
17401264
17413566
17401264
17401264
17413566
4253341
4253341
4253341
4253341
4253341
4253032
4253349
4253355
4253460
11110935
11113239
11111354
11112375
11112560
11112755
4253388
4253388
4253388
4253388
4253388
11111945
11111945
11111945
11111945
11111945
11111846
4254279
17409303
11111846
4254279
4253566
4253566
4253566
4253566
4253566
14724116
14744572
14724116
14724116
14744572
11113248
11113260
4248302
11112473
11112587
26750739
26750760
26750774
26750775
26750776
14735802
14735802
14735802
14735802
14735802
4252828
11111296
4252828
4252828
11111296
11111260
11110852
11111360
11111260
11110852
4252461
4253998
4252461
4252461
4253998
4241898
17403319
17412663
4241898
17403319
4250170
4250170
4250170
4250170
4250170
4253895
4253895
4253895
4253895
4253895
4252970
4253113
4253391
4253680
4253800
14723747
14723747
14723747
14723747
14723747
11111592
4253449
4253678
11111798
11112113
14740178
14740178
14740178
14740178
14740178
4243772
4253552
4253553
4243772
4253552
4252114
7975066
11111040
4252114
7975066
14742340
14742340
14742340
14742340
14742340
4253799
14723790
14724093
4253799
14723790
4254275
14737449
14745094
4254275
14737449
14741624
14741624
14741624
14741624
14741624
14736216
14736216
14736216
14736216
14736216
11112545
11112545
11112545
11112545
11112545
11110665
4253068
4254096
11110665
4253068
11112893
11112893
11112893
11112893
11112893
4251217
17411294
4251217
4251217
17411294
14723188
17416347
14723188
14723188
17416347
11113294
4252868
4253279
11113294
4252868
4254300
4254300
4254300
4254300
4254300
4247533
4252655
11111497
11112198
17401965
11111503
11111768
11111503
11111503
11111768
4252621
4253719
14729207
17411187
4252621
26750735
26751082
26750735
26750735
26751082
14744507
14744507
14744507
14744507
14744507
4252469
4252469
4252469
4252469
4252469
11113142
4254369
11111707
11113142
4254369
11112206
14734157
11112206
11112206
14734157
4244903
4252865
14741700
4244903
4252865
861145
14743216
861145
861145
14743216
4253968
11112779
4253968
4253968
11112779
11111593
11111593
11111593
11111593
11111593
4246321
17410151
4246321
4246321
17410151
4250552
4253238
4253323
11111314
11113364
8142891
8142894
8142891
8142891
8142894
14721873
17408723
14721873
14721873
17408723
4252784
11111292
11112278
17409903
17415134
14741400
17407857
17408182
14741400
17407857
17387584
17388008
17414724
17387584
17388008
4243489
14745830
4243489
4243489
14745830
4266793
4266800
4266804
4249657
14744773
17407078
17408652
17407078
17407078
17408652
17410548
17410548
17410548
17410548
17410548
4252577
4253557
11112741
14726446
14745696
17413674
17413674
17413674
17413674
17413674
26750730
26750730
26750730
26750730
26750730
11111301
14724129
11111301
11111301
14724129
850038
4241055
4251232
14744613
17412097
4240531
4240531
4240531
4240531
4240531
14741577
14743316
14741577
14741577
14743316
4250935
14722719
17413650
4250935
14722719
14727107
14732668
14727107
14727107
14732668
14722656
14741592
14722656
14722656
14741592
17413948
17413948
17413948
17413948
17413948
4254268
11113582
4254268
4254268
11113582
17401989
17416378
17401989
17401989
17416378
4246365
4246365
4246365
4246365
4246365
4243346
4251441
17408866
26750888
4243346
4253932
14741798
4253932
4253932
14741798
858418
858418
858418
858418
858418
11110805
11110805
11110805
11110805
11110805
11111346
4253117
4253151
4253598
11111678
14730208
17409857
14730208
14730208
17409857
11113234
11113234
11113234
11113234
11113234
4252750
4253395
4252750
4252750
4253395
26751108
26751108
26751108
26751108
26751108
11111636
11112692
11112693
11111636
11112692
11111070
11111070
11111070
11111070
11111070
4254198
11111344
11111780
11111790
11111795
4253844
4254243
14740825
4253844
4254243
14742645
17409555
26751126
14742645
17409555
4253394
4253394
4253394
4253394
4253394
14734880
17403282
17406624
17407092
17408080
4252386
4253581
17403004
17412390
4252386
14732878
14732878
14732878
14732878
14732878
17414065
17414065
17414065
17414065
17414065
11111573
11111573
11111573
11111573
11111573
4253480
4253480
4253480
4253480
4253480
14745315
14745315
14745315
14745315
14745315
14726368
17410547
17413410
14726368
17410547
11111818
4240779
4251136
11112626
11111818
4253609
14737583
4253609
4253609
14737583
14745951
17401957
17413943
14745951
17401957
4254253
11112519
14742096
4254253
11112519
11112374
11112374
11112374
11112374
11112374
4248655
4249983
14740734
4248655
4249983
14745314
17410272
14745314
14745314
17410272
4252748
4252748
4252748
4252748
4252748
11112922
11112922
11112922
11112922
11112922
4253801
4253801
4253801
4253801
4253801
4253214
14741194
17415055
4253214
14741194
11111450
17412186
11111450
11111450
17412186
4254361
11111245
4254361
4254361
11111245
11111236
11112668
11111236
11111236
11112668
26750925
26750925
26750925
26750925
26750925
863009
7976748
863009
863009
7976748
4252711
4252711
4252711
4252711
4252711
4266772
3714944
4240609
4249484
4252157
11110989
11110989
11110989
11110989
11110989
4253367
11112339
4253367
4253367
11112339
11112602
11112647
11114156
26750726
26750903
11112673
11112673
11112673
11112673
11112673
17407817
17413713
17414651
26750975
17407817
7973228
11112416
14737229
17411941
7973228
11112556
11112556
11112556
11112556
11112556
4241857
4241857
4241857
4241857
4241857
11112860
14723762
11112860
11112860
14723762
17402632
17402632
17402632
17402632
17402632
863506
11112855
863506
863506
11112855
4253202
4253202
4253202
4253202
4253202
11110880
11111036
4253069
11113503
11110880
4252050
14734021
17410252
4252050
14734021
14740730
17402755
17408603
17415951
17416249
4252973
11111504
4252973
4252973
11111504
11112452
11112782
17407190
11112452
11112782
4252875
4252875
4252875
4252875
4252875
11110832
11110832
11110832
11110832
11110832
17387848
17387848
17387848
17387848
17387848
14724160
14726067
14724160
14724160
14726067
4253586
11112301
4253586
4253586
11112301
14724044
17410309
14724044
14724044
17410309
4239296
4254107
17412079
4239296
4254107
4252812
11110687
11110720
11110745
11110747
4253346
11113837
4253346
4253346
11113837
17409283
17409283
17409283
17409283
17409283
4252447
17402424
17402429
4252447
17402424
4241092
4242640
4247669
4248185
4252662
17412219
17412219
17412219
17412219
17412219
11111045
11111529
14741448
11111045
11111529
11111356
26750868
11111356
11111356
26750868
860782
17385722
17387525
17410910
860782
11113211
11113836
11113211
11113211
11113836
26750990
26750990
26750990
26750990
26750990
14722081
14723739
17408560
17408673
17409294
11111721
17387764
17401464
17403546
17406888
17410797
26751055
26751067
17410797
26751055
4253397
4253397
4253397
4253397
4253397
17412628
17412628
17412628
17412628
17412628
4249014
17401419
26751441
4249014
17401419
7973657
11112862
14722637
14729399
14744655
14730920
14730920
14730920
14730920
14730920
17412992
17412992
17412992
17412992
17412992
17412117
17412117
17412117
17412117
17412117
17387933
17387933
17387933
17387933
17387933
4253095
11113709
4253095
4253095
11113709
4254067
11112343
4254067
4254067
11112343
4252803
11111728
11112170
11112211
17414104
4241356
26751100
26751121
4241356
26751100
26751049
26751049
26751049
26751049
26751049
4254280
4254332
14731969
17403321
17411588
26751125
26751125
26751125
26751125
26751125
4253689
4253689
4253689
4253689
4253689
4245568
17387460
17406967
17408129
4245568
11112567
11112567
11112567
11112567
11112567
4253048
11114148
14723383
4253048
11114148
3712526
3712980
17410228
3712526
3712980
861014
861014
861014
861014
861014
26751003
26751194
26751197
26751199
26751201
17387641
17401325
17387641
17387641
17401325
11110851
4249597
4252566
4253810
11110791
17385805
17416341
17385805
17385805
17416341
4240815
11112649
14722195
14742902
17413305
4245508
4248656
4252533
4252609
4252656
4253695
11112136
11112808
4253695
11112136
16952412
17411420
16952412
16952412
17411420
4266427
8142843
4266427
4266427
8142843
11113315
11113981
11113315
11113315
11113981
11111674
4246970
11112139
11112230
17414755
4249316
14732562
26750724
26750747
26750764
4266487
4266498
8142884
14722644
14741691
4245472
4253577
4254026
4254047
11111183
3713645
14723408
14731430
3713645
14723408
4253439
4253439
4253439
4253439
4253439
14742424
17410913
17411501
17411723
17412363
14724027
14724038
14724027
14724027
14724038
14745215
17387786
17401216
14745215
17387786
14737691
17402146
14737691
14737691
17402146
26750954
26750955
26750954
26750954
26750955
4253838
4253838
4253838
4253838
4253838
26751107
26751111
26751107
26751107
26751111
11114163
11114163
11114163
11114163
11114163
4240936
4252693
4253293
11111373
14737416
853436
14724142
14742783
14742817
853436
4252903
4252903
4252903
4252903
4252903
14743428
14743428
14743428
14743428
14743428
4253379
11112532
4253379
4253379
11112532
4252468
4254298
11111543
11112411
26751117
11110894
11113451
11110894
11110894
11113451
11112328
11113620
11113883
17407186
11112328
4240883
14744695
17407311
4240883
14744695
11111429
11111429
11111429
11111429
11111429
11111779
11114085
17414366
11111779
11114085
11111856
11112890
14734680
14741242
11111856
4252730
4252730
4252730
4252730
4252730
17411532
17411532
17411532
17411532
17411532
8142826
11112177
8142826
8142826
11112177
4242776
14742523
17409766
4242776
14742523
4238157
4239911
4253997
14722924
4238157
842968
842968
842968
842968
842968
4253688
11111012
11112753
4253688
11111012
17409161
17409161
17409161
17409161
17409161
17411364
17411364
17411364
17411364
17411364
4253430
11110797
11112160
4253430
11110797
4248385
26750918
26750933
4248385
26750918
14741914
14741914
14741914
14741914
14741914
4252698
4253288
4253372
11110983
4252698
26750978
26751086
26750978
26750978
26751086
4253360
4253360
4253360
4253360
4253360
26751044
26751129
26751044
26751044
26751129
4245389
17406596
17406611
4245389
17406596
11112125
11112202
11112238
11112566
11112125
4253152
4253434
4253152
4253152
4253434
4252911
4252911
4252911
4252911
4252911
4266502
4266502
4266502
4266502
4266502
850739
4248987
850739
850739
4248987
11111007
844873
17409274
11111007
844873
11110819
4253020
11114141
11110819
4253020
4241725
4243524
14723800
14726106
14727155
11111501
17412426
11111501
11111501
17412426
11112360
11112360
11112360
11112360
11112360
11110701
11111877
17415320
11110701
11111877
4252517
11111044
14740916
4252517
11111044
17408252
17408252
17408252
17408252
17408252
11111252
11112454
11111252
11111252
11112454
11111411
17409966
11111411
11111411
17409966
14742035
14742235
14742035
14742035
14742235
11113257
4254373
11112512
11113997
17386005
4254249
4254249
4254249
4254249
4254249
11111904
17408024
11111904
11111904
17408024
8142889
8142889
8142889
8142889
8142889
4253358
4253358
4253358
4253358
4253358
14743337
14743337
14743337
14743337
14743337
11111536
11111536
11111536
11111536
11111536
4254005
11111760
11112685
4254005
11111760
4254340
11112809
26750729
4254340
11112809
4254282
4254282
4254282
4254282
4254282
4242019
17403578
17412948
17416196
4242019
4252917
4253050
14722890
4252917
4253050
4244335
4253001
4253014
4253383
4253575
4244060
4247469
4244060
4244060
4247469
11113176
11111442
11112255
11113176
11111442
11110871
11110871
11110871
11110871
11110871
11113316
11113347
11113316
11113316
11113347
11112889
11112889
11112889
11112889
11112889
11110904
11111063
11111336
11111462
4252550
4253336
4253336
4253336
4253336
4253336
11111430
11111430
11111430
11111430
11111430
14731500
14731500
14731500
14731500
14731500
11114071
11114071
11114071
11114071
11114071
4241198
4247711
4249370
4249912
4250696
14726104
14726104
14726104
14726104
14726104
4240639
4241528
4243788
4244165
4240639
861108
4248461
14726431
14731051
14741638
853696
4251767
4252405
14739769
14741972
848253
4240995
4245452
848253
4240995
4252887
4253910
11112873
17402702
17406783
4250954
11112710
14735687
14738036
14738639
11112849
11112849
11112849
11112849
11112849
4254084
11112173
4254084
4254084
11112173
4253469
4253469
4253469
4253469
4253469
14724049
17387931
14724049
14724049
17387931
26751176
26751178
26751435
26751176
26751178
4244422
4250919
4244422
4244422
4250919
863964
863964
863964
863964
863964
17387896
17406940
17410640
17387896
17406940
17402246
17402246
17402246
17402246
17402246
4254311
14730455
4254311
4254311
14730455
17387543
26751267
26751285
17387543
26751267
4241996
4254350
11111850
4241996
4254350
4252452
11110773
11110841
11111039
4252452
4252787
4252880
4253242
4253523
4253529
11114216
17407492
11114216
11114216
17407492
4245973
4247099
17402242
17407485
17408614
4253422
11112827
4253422
4253422
11112827
858756
14742815
14743496
17387536
17409247
4247644
11111104
4247644
4247644
11111104
4252736
4237799
4252964
4253276
4253450
11113846
11113846
11113846
11113846
11113846
11111073
11111073
11111073
11111073
11111073
11111279
26751142
11111279
11111279
26751142
4254126
4254126
4254126
4254126
4254126
4252986
4252986
4252986
4252986
4252986
4253274
4253806
4253274
4253274
4253806
14723984
14740846
14723984
14723984
14740846
17408412
17408412
17408412
17408412
17408412
11111145
11111326
11111881
11112388
11113938
11111857
859689
7972563
11112268
11112477
11113280
11110672
11113280
11113280
11110672
4266797
4242500
14731071
17403402
17414425
857531
17387817
17402155
17407026
17416029
14732353
14738527
14732353
14732353
14738527
862611
4253005
14740858
14743309
14743442
14745114
14745114
14745114
14745114
14745114
4242281
4246238
17408936
26750942
4242281
853212
4253165
4253172
11110703
11110765
11110941
4245130
4246892
14721838
14743821
4252454
4252702
4253287
4252454
4252702
4252941
11112297
4252941
4252941
11112297
4253196
4253196
4253196
4253196
4253196
858440
4244521
4254236
858440
4244521
4252907
4253972
14723427
4252907
4253972
850684
4241545
4243194
4245364
4245497
4253756
4253756
4253756
4253756
4253756
4253669
11110772
4252664
4252929
4254355
4253121
17408809
26751171
4253121
17408809
4253342
26751140
4253342
4253342
26751140
4252456
4252456
4252456
4252456
4252456
4253905
4254072
7972921
11111668
4253905
11112407
11112407
11112407
11112407
11112407
26751185
26751185
26751185
26751185
26751185
860889
11111030
14741452
860889
11111030
4253711
4253757
4253711
4253711
4253757
4253793
11111932
4253793
4253793
11111932
4237642
14723382
14745347
4237642
14723382
4243002
4243002
4243002
4243002
4243002
4254116
14745077
4254116
4254116
14745077
14734810
14734810
14734810
14734810
14734810
11112604
11112604
11112604
11112604
11112604
4253615
14723199
14724137
14727179
17415854
14723731
14723731
14723731
14723731
14723731
4246068
4247320
4249136
4249519
4250544
14724090
26751116
14724090
14724090
26751116
26750727
26750728
26750919
26750922
26750923
11113086
11113227
4253224
4253277
4253966
11113873
11113873
11113873
11113873
11113873
11110966
11110966
11110966
11110966
11110966
17407466
17408588
17414690
17407466
17408588
4253888
4253888
4253888
4253888
4253888
14740921
17408863
14740921
14740921
17408863
4254296
11110964
4254296
4254296
11110964
11113282
11112185
26751104
11113282
11112185
4253413
11110821
17410729
4253413
11110821
11111213
11111335
11111337
11111466
11111213
11111406
11111406
11111406
11111406
11111406
4254120
14726314
4254120
4254120
14726314
4253221
4253307
4254016
14723196
17414317
11111661
11111843
11111661
11111661
11111843
4253723
17411819
4253723
4253723
17411819
4253694
4253790
17414160
4253694
4253790
4266765
17411998
4266765
4266765
17411998
4249185
4254392
4249185
4249185
4254392
14743095
14743095
14743095
14743095
14743095
4241678
4241678
4241678
4241678
4241678
4240904
17408666
4240904
4240904
17408666
4253845
14731390
17402042
17402410
17413751
4246403
14721902
14722117
14722128
14734425
4253903
14723182
14740842
14741259
17388610
17410999
17410999
17410999
17410999
17410999
14732047
14732047
14732047
14732047
14732047
4254134
4254134
4254134
4254134
4254134
11111327
14745073
11111327
11111327
14745073
11110903
4253479
4253798
4254119
11110942
14738657
14738657
14738657
14738657
14738657
26750740
26750741
26750744
26750762
26750766
4254193
4254193
4254193
4254193
4254193
4266474
4266527
4266540
14732863
4266474
3712157
4244532
4246162
4248354
7973987
4266514
4266515
4266516
4266607
4266514
4246096
4246477
14739117
14745027
17413644
4244377
4248341
11111751
14723890
4244377
14742393
14745319
17387815
17408461
17410863
4266503
26750870
4266503
4266503
26750870
4241779
17406677
4241779
4241779
17406677
860691
864977
4249174
4253899
14723723
4266432
4266440
4266477
4266489
4266490
11111219
4242931
11111249
17415173
11111219
4252387
14744526
14744591
4252387
14744526
4266430
4266431
4266560
4266430
4266431
14723837
14723845
14723837
14723837
14723845
11113154
11113303
11111560
11113154
11113303
11110873
11111401
17414991
11110873
11111401
11111377
4254297
4254304
11111377
4254297
17402254
17411315
17402254
17402254
17411315
4241683
4241718
17403451
17408574
17408645
4266759
4253017
4253324
4266759
4253017
4253103
4253103
4253103
4253103
4253103
4252638
4253777
26751159
4252638
4253777
4254252
4254252
4254252
4254252
4254252
4253487
4253636
4253487
4253487
4253636
11112259
14740954
11112259
11112259
14740954
845581
4245427
4254013
4254319
7972595
4239926
4240411
4253258
4239926
4240411
14726408
14727112
17407004
17407191
17407343
17401183
17406709
17401183
17401183
17406709
4252770
4254322
14737255
17403329
4252770
860507
860507
860507
860507
860507
4242129
4251968
14723377
14745479
4242129
844442
4250655
14722144
14730508
14744493
4252555
4253205
4253281
4253331
4253364
11113242
11112856
11114253
11113242
11112856
4248487
4250224
4250245
4251869
7975859
4253131
14741593
4253131
4253131
14741593
11112920
14731968
14741039
17408596
17408821
4242412
17416340
4242412
4242412
17416340
26750984
26751150
26750984
26750984
26751150
4238978
4239189
4239358
4247854
4238978
17406716
17406716
17406716
17406716
17406716
4253043
4253495
11111017
4253043
4253495
4250618
4254266
17409855
17410890
4250618
14723186
14734710
14723186
14723186
14734710
4266520
17410157
4266520
4266520
17410157
11112836
11112836
11112836
11112836
11112836
11112193
11112302
14727246
11112193
11112302
26751196
26751200
26751203
26751204
26751205
17387500
17411165
17387500
17387500
17411165
4253108
4253271
11112117
11112377
11112510
11111852
4249336
14744525
14745801
17408372
11111002
11111952
11112289
11112316
11112888
26750732
26750733
26751187
26751188
26750732
26751268
26751286
26751303
26751307
26751321
4240881
4244144
4244380
4248061
4251657
4251787
11110754
11112739
17403606
4251787
17402099
17402099
17402099
17402099
17402099
4243562
4244369
4253887
14724115
17411365
17408576
17408937
17413634
17408576
17408937
14741625
14741628
14741625
14741625
14741628
4252590
4252958
4253368
4253585
11114017
4248727
4250079
4252092
14733922
4248727
14745227
14745227
14745227
14745227
14745227
4254018
14726040
4254018
4254018
14726040
4238293
17409031
4238293
4238293
17409031
4250342
11111970
17407913
4250342
11111970
14742818
14742818
14742818
14742818
14742818
4245972
14735678
14738097
17402113
17409062
4254257
11111437
11111563
11111805
11111871
17388012
17403212
17407049
17407055
17413737
862054
7975573
11110766
862054
7975573
4241178
4243316
4244345
4245936
4250667
11111394
3715610
14723815
14727150
14745092
4247519
14745968
4247519
4247519
14745968
858435
4245907
7973621
11111816
14742144
4244193
4248700
4251506
14727254
14742057
4237488
4237608
4237751
4237764
4238341
860868
4245298
4245991
4249350
4251046
17403460
17407634
17408806
17410889
17403460
4254178
4254178
4254178
4254178
4254178
14743378
17414727
14743378
14743378
17414727
11111330
11111875
11111330
11111330
11111875
4251084
11111690
14742102
17401201
4251084
11113644
11113644
11113644
11113644
11113644
26750924
26750939
26750924
26750924
26750939
14735758
17408947
17412167
17414539
14735758
852029
860591
7976741
14723766
14742401
4253120
4253120
4253120
4253120
4253120
4254259
4254259
4254259
4254259
4254259
4252988
4253160
4253187
4253313
11112138
862891
862891
862891
862891
862891
4237676
4244600
4246709
17402035
4237676
11111214
4242585
7976787
14732844
14744987
14744505
17413236
14744505
14744505
17413236
26750999
26751233
26751251
26751269
26751278
4247859
4250284
4247859
4247859
4250284
4245144
4246720
14721851
14723702
17408599
4266784
4252930
4253685
4254251
11111899
852148
4252713
4252735
4253701
4253807
4253334
11112821
11112863
4253334
11112821
11112865
17387134
17387510
17410297
17413574
4253073
4254162
26751102
4253073
4254162
4252595
4254342
11112639
4252595
4254342
861781
11111905
11114199
17410434
17416177
4246510
14740871
17401391
17402706
17411770
11111761
11111761
11111761
11111761
11111761
11113884
11113884
11113884
11113884
11113884
14726295
17388005
17406678
17415938
14726295
14742018
17406648
14742018
14742018
17406648
4252815
4253951
17410196
4252815
4253951
14740899
17402106
17412535
14740899
17402106
4248895
14724120
14741505
14743908
17407031
11112859
11112859
11112859
11112859
11112859
4241131
26750842
26751175
4241131
26750842
4254312
17402168
17413185
17413200
4254312
4239671
14732081
4239671
4239671
14732081
4246460
4247208
4252797
4246460
4247208
17415899
17415899
17415899
17415899
17415899
17402733
17402733
17402733
17402733
17402733
11112233
17402673
11112233
11112233
17402673
4254158
11111599
4254158
4254158
11111599
4253788
4253789
11111138
11112323
11112538
17402769
17402769
17402769
17402769
17402769
4252939
14727054
17403442
17409315
17413014
4253343
17411122
4253343
4253343
17411122
11112250
11112250
11112250
11112250
11112250
17412206
17412206
17412206
17412206
17412206
17406801
17408188
17408536
17411915
17416301
4250124
14723675
4250124
4250124
14723675
17402010
17406785
17412040
17416099
17402010
17402906
17402906
17402906
17402906
17402906
11113290
4253851
11111418
11111631
11113290
4253751
26751136
26751137
4253751
26751136
4252551
4252679
4253052
4253994
4254051
14741397
26750797
26750837
26750871
14741397
4253044
4253044
4253044
4253044
4253044
14735459
14737851
17407459
17409016
17411004
4253679
11111193
4253679
4253679
11111193
11111057
11111415
11111057
11111057
11111415
11112279
17411359
17416314
11112279
17411359
860146
4252776
11111644
11112401
860146
4250855
4252640
11112164
17407378
17415515
4241903
4249081
4253230
11111084
17411298
4266642
4266653
4241204
4252694
4253332
4242601
4249559
4242601
4242601
4249559
859796
4243957
14741476
17401436
859796
11112227
14741872
17408859
17414117
17415994
11111774
17387919
17410153
17414298
11111774
4249800
7978455
14722911
4249800
7978455
4241802
4241802
4241802
4241802
4241802
4253377
4254286
17410336
17415717
4253377
14721904
26751088
14721904
14721904
26751088
11111792
11113669
17411269
26751172
11111792
17387899
17387899
17387899
17387899
17387899
11112147
11112147
11112147
11112147
11112147
4253733
4253733
4253733
4253733
4253733
26751436
26751436
26751436
26751436
26751436
11111020
11111759
11111020
11111020
11111759
4253378
4253378
4253378
4253378
4253378
4253231
4253231
4253231
4253231
4253231
4252083
14732083
14744550
17402838
4252083
4266460
4266460
4266460
4266460
4266460
4243372
14723190
14731586
14738665
17406579
17407230
17407230
17407230
17407230
17407230
17410283
17410283
17410283
17410283
17410283
4243302
14726365
17408544
17413929
4243302
3715127
4237607
17407348
17409902
3715127
26751045
26751127
26751045
26751045
26751127
4251354
4251354
4251354
4251354
4251354
26750952
26750953
26750952
26750952
26750953
852016
4244016
4247698
4248553
7975646
14726089
17401212
17408923
14726089
17401212
17411005
17411484
17411005
17411005
17411484
11113196
11113196
11113196
11113196
11113196
11110749
11111698
4252789
4252919
4253127
4241831
4254065
14722652
4241831
4254065
14725987
14739948
14725987
14725987
14739948
4241858
14729727
4241858
4241858
14729727
4254011
14741287
4254011
4254011
14741287
4252729
4252729
4252729
4252729
4252729
4252701
4252701
4252701
4252701
4252701
11110740
4252569
4252712
4252908
11111864
4253401
4253401
4253401
4253401
4253401
4252813
4253647
4253773
4254246
4254264
14729232
17387852
17407130
14729232
17387852
14743559
14743559
14743559
14743559
14743559
4253755
4253755
4253755
4253755
4253755
14727222
14727222
14727222
14727222
14727222
4254197
11111491
4254197
4254197
11111491
14743312
14743312
14743312
14743312
14743312
4252975
14735069
14737688
14741578
14742820
11112688
11112688
11112688
11112688
11112688
14741693
14741693
14741693
14741693
14741693
4245726
14734085
4245726
4245726
14734085
14743319
14743319
14743319
14743319
14743319
11111306
17411703
11111306
11111306
17411703
17408566
17408566
17408566
17408566
17408566
17388606
17411142
17388606
17388606
17411142
7973019
14720752
17408005
17411903
7973019
26750753
26750782
26750783
26750808
26750825
848612
852933
4238333
4238493
4238500
4253053
4254267
4253053
4253053
4254267
14735190
17406795
17406923
14735190
17406795
11112908
11112908
11112908
11112908
11112908
26751415
26751434
26751415
26751415
26751434
4252795
14730552
14733907
17407969
4252795
17415258
17415258
17415258
17415258
17415258
4241555
17387930
4241555
4241555
17387930
14740690
14743554
17387663
17403646
17406991
8142897
4246994
11112731
8142897
4246994
4250432
26750948
26751174
4250432
26750948
4252604
4252786
4254222
11111692
11113995
848392
4251431
4252778
4253021
4254334
11112592
11112592
11112592
11112592
11112592
17416039
17416039
17416039
17416039
17416039
14721867
14723880
17401541
17414361
14721867
4266773
4252841
4254258
11110970
4266773
14740875
14743381
17410029
14740875
14743381
17411504
17411504
17411504
17411504
17411504
17412134
17414536
17412134
17412134
17414536
4254130
4254130
4254130
4254130
4254130
4239147
4245747
11112817
14741661
14741725
11112689
11112689
11112689
11112689
11112689
4253036
11111143
4253036
4253036
11111143
4245588
17409218
4245588
4245588
17409218
4254036
4254036
4254036
4254036
4254036
14723934
14726321
17402084
17406752
17408731
862672
7972958
14741558
17386594
17387667
11112317
11112765
11112317
11112317
11112765
7976782
11111384
11111386
11113875
14740425
4239424
4252900
4252950
4254230
14744863
14743342
14743342
14743342
14743342
14743342
4252479
17413926
4252479
4252479
17413926
11114010
11114010
11114010
11114010
11114010
11112902
11112902
11112902
11112902
11112902
4253792
11112277
11112438
4253792
11112277
11112610
11112610
11112610
11112610
11112610
4237875
14743588
4237875
4237875
14743588
843632
14723765
17408890
843632
14723765
4253917
11113425
4253917
4253917
11113425
26750748
26750770
26750795
26750800
26750748
14745067
14745067
14745067
14745067
14745067
14727208
17402038
26750856
26750857
26750866
4240901
4242950
4243727
4245237
4246093
7973964
17414086
7973964
7973964
17414086
14730533
14741133
14730533
14730533
14741133
17411415
17414517
17411415
17411415
17414517
7976365
26751037
7976365
7976365
26751037
845164
862330
845164
845164
862330
11110886
11111764
11110886
11110886
11111764
17386564
17386564
17386564
17386564
17386564
4244265
14745005
14745935
17385810
17386006
11111703
11111703
11111703
11111703
11111703
4245232
4245232
4245232
4245232
4245232
14737254
17407493
14737254
14737254
17407493
14735451
14735451
14735451
14735451
14735451
11111397
11111397
11111397
11111397
11111397
4253386
7977574
4253386
4253386
7977574
4238296
4238420
4238552
4253638
4238296
4266648
4266654
4266657
4266659
4266669
4252492
11110850
11114256
4252492
11110850
858342
4252504
4252834
14727330
17412873
4238216
4238977
4239660
11111240
17406908
4253540
11112606
4253540
4253540
11112606
4254043
4254043
4254043
4254043
4254043
4253167
17403454
4253167
4253167
17403454
4246838
4246838
4246838
4246838
4246838
4239647
4239647
4239647
4239647
4239647
3712054
3712054
3712054
3712054
3712054
4266418
4266420
4266422
4266446
4266475
14741544
14741544
14741544
14741544
14741544
14745707
14745707
14745707
14745707
14745707
11110878
11110878
11110878
11110878
11110878
4250129
4250129
4250129
4250129
4250129
4253918
4253918
4253918
4253918
4253918
4252734
4252518
11110923
4252734
4252518
4246945
4252216
14737250
17387947
4246945
11111659
14731226
17387481
11111659
14731226
4251344
17408920
4251344
4251344
17408920
11113152
11113155
11113212
4252514
11112260
14741603
14741603
14741603
14741603
14741603
4253094
11112146
4253094
4253094
11112146
11111862
14745168
11111862
11111862
14745168
14721905
17401207
17401482
14721905
17401207
4250102
4253668
4254313
4250102
4253668
860043
861962
7973411
7975101
14722193
17413955
17413955
17413955
17413955
17413955
4252239
17401140
17401468
4252239
17401140
7976045
14739939
17387443
7976045
14739939
4254261
14746028
4254261
4254261
14746028
26751110
26751110
26751110
26751110
26751110
14722628
26751131
26751132
14722628
26751131
7975189
11112881
7975189
7975189
11112881
17408852
17408852
17408852
17408852
17408852
4252754
4253981
11112215
11114070
4252754
14744996
17401357
17406749
17415650
14744996
17408052
17408052
17408052
17408052
17408052
4243713
14723821
17412075
4243713
14723821
4252535
11110812
14739808
14745731
17411123
4252811
14741903
4252811
4252811
14741903
4253802
17385806
4253802
4253802
17385806
4253828
14723876
17413030
4253828
14723876
4241521
4247546
4250804
4254169
14735176
17407569
17407569
17407569
17407569
17407569
17401311
17401311
17401311
17401311
17401311
4241342
4253477
4254139
11114172
17387459
4253535
4253535
4253535
4253535
4253535
4246248
17415944
4246248
4246248
17415944
11111438
11111438
11111438
11111438
11111438
849116
7972648
11113667
849116
7972648
4248413
4248413
4248413
4248413
4248413
3713783
14722200
17411089
3713783
14722200
17416256
17416256
17416256
17416256
17416256
14731001
14735239
17406713
17409081
14731001
17411815
17411815
17411815
17411815
17411815
4244578
14744447
14744558
17410437
17412856
4251949
11112253
17385723
17406682
17407470
4252808
11111399
17410723
17416126
4252808
14726091
14734376
14740135
14740829
14742372
4266790
3712241
4266790
4266790
3712241
11111957
4253569
11111957
11111957
4253569
11111763
11112535
11111763
11111763
11112535
14741449
14741449
14741449
14741449
14741449
11111891
4246683
11112818
11111891
4246683
11110924
11110924
11110924
11110924
11110924
11111794
11111794
11111794
11111794
11111794
4239352
17416252
4239352
4239352
17416252
17406895
17406895
17406895
17406895
17406895
11112418
11112418
11112418
11112418
11112418
4254218
11112869
4254218
4254218
11112869
4247852
4250629
17401953
17407443
4247852
4252622
4252878
4253412
11113877
4252622
17410149
17410781
17411971
17415416
17410149
11112231
17412875
26751122
11112231
17412875
14721868
14744397
17407063
17414511
14721868
11111807
4246819
14734086
17414505
11111807
4245632
11111746
11112921
14724098
14745824
11111133
4244149
4252607
4252632
4252861
14723185
14734938
14744690
14723185
14734938
14723722
14723722
14723722
14723722
14723722
11113794
11113794
11113794
11113794
11113794
4253056
4253057
17411696
4253056
4253057
4252962
4253366
4253752
11110837
11110931
4253399
11112816
4253399
4253399
11112816
4243099
4252501
4252512
4252716
4252717
11110984
11110984
11110984
11110984
11110984
4253289
4253941
4253289
4253289
4253941
11113307
4252629
4252641
4253923
4253952
17402261
17409518
17402261
17402261
17409518
4240712
4240712
4240712
4240712
4240712
4254396
4254396
4254396
4254396
4254396
11110973
11110973
11110973
11110973
11110973
4248757
4253498
4254048
4248757
4253498
11112593
11112677
14738943
17403440
11112593
26750927
26750982
26750983
26750987
26750927
4252901
4253028
4252901
4252901
4253028
844455
14742667
17408838
844455
14742667
4252949
4252949
4252949
4252949
4252949
26751157
26751157
26751157
26751157
26751157
11113171
26751134
11113171
11113171
26751134
14724095
17412860
14724095
14724095
17412860
14740128
14741218
14744008
14744837
17402019
4252659
11111838
17416053
4252659
11111838
11112493
11112493
11112493
11112493
11112493
4252806
4253122
4254125
11111112
17409712
4243307
11111898
11111967
4243307
11111898
17413914
17413914
17413914
17413914
17413914
4252561
4253101
14732661
17387966
17402612
14723683
14723683
14723683
14723683
14723683
4252705
4252968
4253896
4252705
4252968
11111570
11111570
11111570
11111570
11111570
14723961
14723961
14723961
14723961
14723961
860723
17413694
860723
860723
17413694
863043
4246573
4247219
4249690
11114222
3717322
3717322
3717322
3717322
3717322
4254358
11112491
4254358
4254358
11112491
7978252
14726050
17413123
7978252
14726050
4254284
26751089
4254284
4254284
26751089
26750994
26750997
26750998
26751195
26751213
14741650
14742252
14741650
14741650
14742252
11112237
11112237
11112237
11112237
11112237
4246782
4246782
4246782
4246782
4246782
3717397
4247959
3717397
3717397
4247959
26751179
26751179
26751179
26751179
26751179
4247136
4253074
4247136
4247136
4253074
17412178
17414357
17412178
17412178
17414357
4266476
4266499
4266500
4266501
4253318
4247299
4253087
11111280
4247299
4253087
14741799
17406621
17407047
17409235
17413937
17408203
17408203
17408203
17408203
17408203
14731067
14735493
17408980
17413952
14731067
4253634
4253634
4253634
4253634
4253634
4252726
11111605
4252726
4252726
11111605
4253734
4253734
4253734
4253734
4253734
11111171
4253026
11111108
11111171
4253026
11112845
11112845
11112845
11112845
11112845
3712414
17416364
3712414
3712414
17416364
17410015
17410015
17410015
17410015
17410015
4253432
17402806
17410422
4253432
17402806
17407263
17408772
17413436
17414500
17415956
14733105
14733105
14733105
14733105
14733105
11111542
4253897
11111470
11111490
11111545
11111535
14726095
11111535
11111535
14726095
17407469
17414660
17407469
17407469
17414660
26751133
26751133
26751133
26751133
26751133
11113523
17403232
17407770
17408565
17414546
11112651
11112651
11112651
11112651
11112651
14743144
14743145
17406973
17412985
14743144
4266730
4266745
17385993
17409765
17415436
4245504
4246363
4247569
4253030
4253633
17403266
17403548
17407572
17407998
17408561
17406834
17406896
17406834
17406834
17406896
11113160
4252546
11112205
11112303
11112522
17407212
17407603
17408531
17410184
17412080
11112684
17401316
17411265
17411368
17411636
7972303
11112518
7972303
7972303
11112518
17407819
17407819
17407819
17407819
17407819
14740815
14740815
14740815
14740815
14740815
4244436
4253340
4253354
4253584
4254031
4253329
17416093
4253329
4253329
17416093
11111239
4252763
11112414
11111239
4252763
26751339
26751340
26751349
26751357
26751358
4253986
14722916
14740990
17385894
17411461
4243298
4253009
4253319
4243298
4253009
11112258
26751154
11112258
11112258
26751154
11111258
11111546
14735340
26751141
11111258
11111290
4252552
4252897
4253371
4254335
4254128
4254128
4254128
4254128
4254128
4252593
4253016
11110960
14722903
4252593
17406724
17416236
26751085
17406724
17416236
4249770
17410225
4249770
4249770
17410225
4237612
4237616
4237776
4238211
4238303
14723858
14735267
14736521
14723858
14735267
7974447
14723143
14731567
14731569
14745864
4240969
4247501
14722198
4240969
4247501
4245624
17408464
17408994
4245624
17408464
858981
4243412
4249976
4250251
4250472
11111352
4253275
4253303
4254384
11111352
4252455
4252466
4252948
4253061
4252455
4252562
4252706
4252886
7972835
4252562
14727284
14727284
14727284
14727284
14727284
17402907
17402907
17402907
17402907
17402907
4238983
4248986
17409758
4238983
4248986
14745414
17387991
14745414
14745414
17387991
4252832
11112764
4252832
4252832
11112764
843298
7972600
11114241
14740488
843298
17403013
17410274
17412125
17403013
17410274
7972054
7972054
7972054
7972054
7972054
4238619
4239664
4240158
4242919
4248690
4250267
17414213
4250267
4250267
17414213
7976204
7976204
7976204
7976204
7976204
4242675
4242792
4245095
4246613
4252488
11111443
4250708
17386615
17403112
11111443
4242433
11110679
11111481
4242433
11110679
4253081
14739529
17414881
4253081
14739529
17403296
17407743
17411643
17411775
17413385
4250957
11111366
14741776
17402718
4250957
4245688
17412984
17414111
4245688
17412984
4253969
4253969
4253969
4253969
4253969
4252532
4253942
4253948
11112203
11112271
14743076
14743076
14743076
14743076
14743076
4238078
14726021
4238078
4238078
14726021
4238845
4250001
14726071
14735329
14746013
14740923
14745932
17415735
14740923
14745932
4239827
4243755
4239827
4239827
4243755
4237556
4237695
4238040
4238087
4238093
4237970
4238017
4238030
4238234
4238238
4241126
4251248
14727261
14742016
4241126
4241890
4244609
4245636
4246524
4247338
4242891
4245771
4242891
4242891
4245771
4238711
4238010
4238029
4238200
4238699
4252732
4253847
11112568
14734164
17407252
4239331
4237509
4237571
4237734
4237951
8148893
8148895
8148896
4237504
4238198
4237882
4238486
14725960
4237882
4238486
11111641
4240276
11112804
14730216
11111641
4246277
14723158
14739745
14745937
17407936
4266617
4266618
4266620
4266679
4266694
4238982
4239174
4237512
4237516
4237528
4237731
4237740
4237814
4238155
4238354
4246582
11111333
11112427
11112793
14723721
4237566
4238187
4238580
4238775
4238794
4245627
4253677
17415294
4245627
4253677
4266626
4266640
4266645
4266649
4266651
846890
11111376
17402716
26750872
846890
4266700
4266708
4266723
4241152
4241252
4243237
4245044
4246504
4247574
17408550
4266639
4266650
4266703
14722202
4266639
14745330
14745330
14745330
14745330
14745330
4248824
14735496
26751192
4248824
14735496
14723841
14730501
14741959
14723841
14730501
844043
4238382
4239545
4239762
4248329
4253474
17401294
17401445
17401450
17415574
4238724
4238862
4239856
4241037
4244748
17387577
17408624
17408904
17387577
17408624
11111159
14735693
17401274
11111159
14735693
4254161
4254161
4254161
4254161
4254161
859244
4237657
4238193
4239290
4239618
4237473
4237476
4237601
4237797
4237907
4243338
4247275
17403337
17408977
17416209
4239205
4237570
4237860
4237945
4238466
4237618
4238300
4238427
4239895
4240113
4237576
4237649
4237888
4237924
4238125
14734050
17408501
14734050
14734050
17408501
4266752
863013
4242652
14724100
14737167
17408161
17408161
17408161
17408161
17408161
4266782
17407219
17415864
4266782
17407219
4242426
4246117
4249173
4250355
11112894
4240980
4253900
11111972
14723147
14723778
4238226
4240464
4246471
4250394
14733939
11114161
17387800
17411666
11114161
17387800
4237770
4237966
4238224
4238342
4238462
4252772
11112168
17412293
4252772
11112168
4239858
4239844
14745269
4239858
4239844
14740769
17410486
14740769
14740769
17410486
862353
4241519
4252068
11111348
14740003
17402258
17402499
17402258
17402258
17402499
4244205
4251040
4252265
4244205
4251040
17387626
17408682
17387626
17387626
17408682
851674
14723197
14731425
14738161
17407520
4241722
14735682
14741332
17411910
17414868
7974123
14722958
14724019
14732937
14736707
4243947
14721895
14721949
14733574
14738163
4249803
14721874
14723764
14723860
17408012
17386560
17413692
17386560
17386560
17413692
4237892
4238802
17388573
4237892
4238802
849118
4238305
4238763
4245342
4247677
4254189
7972541
14729611
17415953
4254189
4253297
4253297
4253297
4253297
4253297
11110872
11110872
11110872
11110872
11110872
26751109
26751109
26751109
26751109
26751109
4237517
4237619
4237922
4237990
4237997
4241574
4244865
4252790
11110862
11114244
26750745
26750772
26750779
26750852
26750745
11110892
17408389
11110892
11110892
17408389
11111038
11111038
11111038
11111038
11111038
26751170
26751170
26751170
26751170
26751170
4250343
4250343
4250343
4250343
4250343
4253889
14741591
17401142
17402104
17411954
26750865
26751166
26750865
26750865
26751166
845813
14723699
14744854
14745978
17387903
17408311
17408311
17408311
17408311
17408311
4253848
4253848
4253848
4253848
4253848
11112264
11112264
11112264
11112264
11112264
4248653
17401476
17406990
4248653
17401476
17414969
17414969
17414969
17414969
17414969
14740775
14740775
14740775
14740775
14740775
17411619
17411619
17411619
17411619
17411619
4241122
4241122
4241122
4241122
4241122
11111628
11112525
11112558
11111628
11112525
14737452
14737452
14737452
14737452
14737452
4249498
17401993
4249498
4249498
17401993
4238158
11110857
14742491
4238158
11110857
4254015
14741420
4254015
4254015
14741420
26751289
26751289
26751289
26751289
26751289
4248658
17409331
17411949
17413517
4248658
861630
14722887
14727194
17407590
17408847
862506
4242418
4247246
4253850
7974811
14722619
17385808
17411654
17414208
14722619
4253672
11114278
17387853
17403188
17406653
4266699
4266707
4266699
4266699
4266707
4253504
11111949
11112802
4253504
11111949
4243335
4251422
17407198
17408559
17411743
11113647
11113647
11113647
11113647
11113647
14740943
17402390
17410429
14740943
17402390
14722901
14722901
14722901
14722901
14722901
14726293
16952440
17387882
14726293
16952440
11111369
17413554
17415186
11111369
17413554
17414537
17414537
17414537
17414537
17414537
4238065
4238395
4239884
4240424
4245662
850283
3711783
4242117
14745853
17406712
8142839
846555
3715881
4241102
4250500
4246742
14744040
4246742
4246742
14744040
11111114
11114003
11114004
11111114
11114003
4252946
4252946
4252946
4252946
4252946
4253142
4254245
4253142
4253142
4254245
11111950
11114009
11111950
11111950
11114009
4254347
4254347
4254347
4254347
4254347
14730896
14742762
17387760
17401935
14730896
4242719
14723734
14724111
14726082
14742630
11111812
11111812
11111812
11111812
11111812
4254228
4254228
4254228
4254228
4254228
26751148
26751148
26751148
26751148
26751148
17401454
17411190
17401454
17401454
17411190
4252994
4253573
4252994
4252994
4253573
4254363
17406671
4254363
4254363
17406671
846322
4237745
14726415
17403023
17409465
4249240
14727071
17413581
4249240
14727071
4245285
4246367
11112135
14722932
14731240
14744472
14744472
14744472
14744472
14744472
17402171
17402171
17402171
17402171
17402171
17409804
17409804
17409804
17409804
17409804
4253461
4253461
4253461
4253461
4253461
11111714
11111714
11111714
11111714
11111714
11111408
4253530
11111408
11111408
4253530
11111410
11111410
11111410
11111410
11111410
4247458
4254179
4247458
4247458
4254179
11110663
11111897
14741138
11110663
11111897
26750993
26751000
26751419
26750993
26751000
26750858
26750858
26750858
26750858
26750858
14737406
17409906
14737406
14737406
17409906
11112456
17416026
11112456
11112456
17416026
11111299
17403465
11111299
11111299
17403465
4250497
17386992
4250497
4250497
17386992
11111056
11113366
14743592
14743844
17401951
4246166
14742331
17411082
4246166
14742331
4253013
4253148
4253574
17406943
17411972
4241062
4244248
14721907
4241062
4244248
4242183
11111527
11111694
17409072
17409144
4250409
11111374
4250409
4250409
11111374
14732079
14735049
17387984
17403485
17414656
4248555
17403406
4248555
4248555
17403406
14744484
17407950
17409318
17411141
14744484
17401401
17401401
17401401
17401401
17401401
4247401
11111853
14745167
4247401
11111853
17385335
17385335
17385335
17385335
17385335
14744625
17408677
14744625
14744625
17408677
17408478
17409271
17414981
17415338
17408478
4246125
4251917
7973357
14722120
14731052
4253670
14737824
17407595
17407636
17408034
26750763
26750809
26751173
26750763
26750809
14741405
14741405
14741405
14741405
14741405
4253830
4253830
4253830
4253830
4253830
4241007
4241007
4241007
4241007
4241007
14730640
17387986
17403436
17407007
17409100
17411292
17411292
17411292
17411292
17411292
14745850
17403208
17414162
14745850
17403208
14721882
14721882
14721882
14721882
14721882
17410152
17412954
17413594
17410152
17412954
26750799
26750813
26750814
26750816
26750817
14740839
14740839
14740839
14740839
14740839
14738370
17411188
17414630
26751193
14738370
11110689
11111869
4245775
11112432
11110689
4239102
4239410
4237606
4237614
4237665
4253517
4254426
4253517
4253517
4254426
14741000
14741000
14741000
14741000
14741000
4251289
4252943
11111839
11111842
4251289
4254094
4254094
4254094
4254094
4254094
17412184
17412184
17412184
17412184
17412184
4252470
4252470
4252470
4252470
4252470
11112204
11112204
11112204
11112204
11112204
11113430
11113430
11113430
11113430
11113430
4254346
14724144
26751025
26751165
4254346
4252799
4254234
11111221
4252799
4254234
858640
17402551
858640
858640
17402551
4252481
4252667
4252683
4252780
4253599
4254391
4254391
4254391
4254391
4254391
17416202
17416202
17416202
17416202
17416202
14744460
14744460
14744460
14744460
14744460
26750960
26750960
26750960
26750960
26750960
17408410
17408410
17408410
17408410
17408410
4239973
26751114
26751130
4239973
26751114
17408580
17408580
17408580
17408580
17408580
11110843
17407003
17413677
11110843
17407003
26751006
26751239
26751244
26751245
26751257
14726065
14726065
14726065
14726065
14726065
4244065
14742564
4244065
4244065
14742564
4252459
4252462
4252934
11111493
4252459
14742017
17406589
14742017
14742017
17406589
4253051
4253051
4253051
4253051
4253051
17413307
17415590
17413307
17413307
17415590
17411486
17411486
17411486
17411486
17411486
11111942
14734448
11111942
11111942
14734448
11111513
17413131
11111513
11111513
17413131
26750784
26750791
26750794
26750784
26750791
4243079
14742868
4243079
4243079
14742868
11110712
11110796
11110712
11110712
11110796
11112871
14722185
14734962
14739697
14741055
11111250
11111250
11111250
11111250
11111250
26751189
26751190
26751189
26751189
26751190
4238938
4247163
4238938
4238938
4247163
17387491
17387522
17406807
17414202
17387491
14741324
14741324
14741324
14741324
14741324
14726090
14726090
14726090
14726090
14726090
4244502
4245261
11111789
4244502
4245261
11111966
11111966
11111966
11111966
11111966
14735103
14735103
14735103
14735103
14735103
4254045
4254045
4254045
4254045
4254045
26750859
26750859
26750859
26750859
26750859
4252881
4252881
4252881
4252881
4252881
14730875
14730875
14730875
14730875
14730875
11111741
17412214
11111741
11111741
17412214
4253564
4254163
4254248
11110693
11110793
852628
3717051
4243991
4252774
11111257
11112712
26751162
11112712
11112712
26751162
17401814
17414626
17415610
17415729
17401814
17408732
17415601
17408732
17408732
17415601
4253444
4253444
4253444
4253444
4253444
11112094
11112094
11112094
11112094
11112094
11113229
4242315
4244870
4252709
4252816
4245932
14745174
17408443
17410419
4245932
11111350
11111350
11111350
11111350
11111350
14738495
17410150
14738495
14738495
17410150
4240694
14745072
4240694
4240694
14745072
26750985
26750985
26750985
26750985
26750985
11113858
11113858
11113858
11113858
11113858
14727158
14727226
14737445
17411945
17414154
4247856
4250391
14723925
17407292
17407576
11111505
4244046
11111505
11111505
4244046
17403263
17403263
17403263
17403263
17403263
4247564
4247564
4247564
4247564
4247564
14740840
14740840
14740840
14740840
14740840
11113733
11113733
11113733
11113733
11113733
7975365
14743558
17403469
17413905
7975365
14731005
14741463
14744951
17401543
14731005
4242566
4242803
17416220
4242566
4242803
17406881
26750869
17406881
17406881
26750869
4241371
17387770
17402068
17406799
17411902
4241593
14726277
14731797
17387530
17406824
4253999
4253999
4253999
4253999
4253999
17402297
17407947
17408750
17402297
17407947
4252884
11111242
4252884
4252884
11111242
17387448
17387448
17387448
17387448
17387448
4245204
17402750
17403231
4245204
17402750
17411814
17411814
17411814
17411814
17411814
11110998
4252576
4253091
4254432
11110724
17411237
17411322
17411543
17411237
17411322
17414322
17414322
17414322
17414322
17414322
14731461
17387465
17408928
17408941
17412012
4253294
17403314
4253294
4253294
17403314
17414358
17414358
17414358
17414358
17414358
11111927
11111927
11111927
11111927
11111927
4241633
4243013
4251186
17412600
4241633
11111380
14743370
17414530
11111380
14743370
17407811
17407919
17411779
17407811
17407919
17408540
17408540
17408540
17408540
17408540
14724064
26751242
26751260
26751407
26751430
