4238711
4239102
4239174
4239205
4239410
4238532
4253865
4253991
4238532
4253865
4252906
11110664
11111288
11111405
4252906
11113236
4253929
11111066
11111330
11111875
3713968
3713968
3713968
3713968
3713968
4252720
4252741
4253495
4254347
11110808
26752518
26752645
26752518
26752518
26752645
4253163
4253265
4253512
17411703
4253163
26752616
4253773
4254042
26752616
4253773
4248413
14724129
4248413
4248413
14724129
4237534
4238306
4238503
4238729
4238784
11110876
4252811
4253394
11110876
4252811
11110948
11111301
11112777
11112849
14723961
26752359
26752359
26752359
26752359
26752359
4253065
4253065
4253065
4253065
4253065
4252453
11112300
4252453
4252453
11112300
4253186
4253186
4253186
4253186
4253186
4251856
4251856
4251856
4251856
4251856
11110700
11113185
11110700
11110700
11113185
11111009
4253297
11111009
11111009
4253297
11113261
4253734
4253793
4253965
11113261
11113249
11110917
11112753
11113249
11110917
4253401
4253401
4253401
4253401
4253401
4238732
4237737
4237796
4238042
4238326
11111433
11111114
11114003
11111433
11111114
11113166
11110660
11113166
11113166
11110660
11111500
4253861
14726114
11111500
4253861
4252890
4253196
4252890
4252890
4253196
4238838
4244400
4252480
17409196
4238838
4237628
17406976
4237628
4237628
17406976
4237920
4239789
4237920
4237920
4239789
14729662
14729662
14729662
14729662
14729662
11110684
4243684
4252475
4253117
4253151
4253335
4254084
11112204
4253335
4254084
4241391
4243079
4253627
4253748
4254176
11113301
4253084
4253202
11111241
11112321
4252783
4253019
4253156
17409966
4252783
11110903
4238077
4238562
4238877
4247480
11113225
11110886
11111016
11111420
11111597
4252798
4254259
4252798
4252798
4254259
11112529
11112529
11112529
11112529
11112529
11111260
11110817
11110883
11111198
11111531
4252725
4252725
4252725
4252725
4252725
26752589
11110714
11110737
11111018
11111780
11112439
11112439
11112439
11112439
11112439
4252743
11111570
11113799
4252743
11111570
11113150
4241678
4253689
4253710
11113150
4252075
11112567
4252075
4252075
11112567
11113160
4253757
11112205
11112610
11113160
11110673
11110673
11110673
11110673
11110673
11113149
11113227
11113238
11113247
11113273
4237803
4237862
4238209
4238344
4238502
4253220
4254094
11111192
4253220
4254094
11111822
4244870
4246626
4253275
4253508
11111919
11113614
14723408
14731430
11111919
4252938
4253329
11111871
11112666
11113984
850433
4253520
11113530
14743316
850433
4246349
4246349
4246349
4246349
4246349
26752530
26752530
26752530
26752530
26752530
4253264
11111392
14729207
4253264
11111392
4248825
4251498
4252829
4254025
4248825
4252564
4252564
4252564
4252564
4252564
11113217
11113272
4254126
11112655
11113217
11111036
4250855
4253659
4253713
4254170
4252542
4252542
4252542
4252542
4252542
4252557
4252846
4254125
11111292
11111493
11113286
11112425
11113286
11113286
11112425
4252993
4253382
17411193
17411299
4252993
11111753
4251945
4253786
11111446
11112747
11111401
11112571
11111401
11111401
11112571
4253043
4253077
4253362
17402551
4253043
11111882
11111885
11111910
4238086
4239644
11112368
14742091
11112368
11112368
14742091
11110880
11111878
11111939
4240216
4254299
11110745
4253775
4253823
7977024
11110780
4254193
11112232
4254193
4254193
11112232
4254123
17410964
4254123
4254123
17410964
26752368
11112513
11112558
26752368
11112513
4239237
4239923
4252655
4252950
4252953
11111551
4252729
4253138
4253168
4253268
4239710
4239802
4253974
11113663
4239710
11113154
11111038
11111763
11112273
11112525
4254087
4254090
4254293
4254294
4254087
4252486
4252754
4252914
11113827
4252486
11111880
4254323
14727287
11111880
4254323
3713645
4239302
4240177
4253903
11110739
860350
4253435
860350
860350
4253435
858440
4244521
4250321
11111561
858440
26752338
4252946
11111684
11112586
26752338
4253684
858428
4238051
4238201
4239129
4254005
11111255
4254005
4254005
11111255
4253164
4253668
4253756
11111156
11113647
4248431
4250052
4252782
4253519
14723186
4253645
4254020
4254064
11112238
11113968
4253622
4253642
4253777
11112186
4253622
26752651
14723934
14734950
26752651
14723934
4237745
4238386
4238819
4238986
4239954
4248277
4250639
11112778
11113884
17414694
4248923
4248923
4248923
4248923
4248923
11110761
4252540
4253537
11113425
11110761
4239230
11112201
11112295
17409426
17410352
26752428
26752428
26752428
26752428
26752428
11110983
11110983
11110983
11110983
11110983
4252630
11111316
11112689
11114072
11114094
4252525
17411238
4252525
4252525
17411238
11113084
26752720
4253688
11113084
26752720
11111731
26752361
26752558
4253304
4253692
7972814
11111932
7972814
7972814
11111932
11113633
14741625
14741636
17387973
11113633
4239671
4254275
4254321
11111476
11111781
11111773
11110892
11111298
11111359
11111773
4237498
4237541
4237575
4237780
4237965
11111726
26752535
4252675
11112156
11112519
26751428
14735082
26751178
26751428
14735082
11111340
4252760
11113536
14735104
17410206
4238745
4238797
4238966
4239946
4239965
4253096
4254055
4254134
11110984
11113511
858640
4237492
4237955
858640
4237492
11113212
4249983
4252514
4252603
4253017
4252621
4253214
4253625
7972563
11112198
11111377
4238247
4239959
4253208
4253350
4254421
4254421
4254421
4254421
4254421
4253119
4253119
4253119
4253119
4253119
17387587
17401215
17387587
17387587
17401215
11111110
4254036
4254388
11110864
11111713
4253586
4254067
11112651
17409684
4253586
4237518
4237729
4238123
4238372
4238996
11113088
11111306
11113858
11113088
11111306
4246073
4253567
4254257
11111258
11111546
4253248
4254300
11113878
17403117
17411412
11111445
11114190
17402965
11111445
11114190
860735
4254331
860735
860735
4254331
11113173
4253430
11110797
11111538
11112160
11110756
4240589
4253730
11110756
4240589
4253209
4238055
4238186
4239376
4240054
11110800
11112214
26750784
26750791
26750794
4239720
4239720
4239720
4239720
4239720
11110802
11112407
11110802
11110802
11112407
11110872
11110873
11110872
11110872
11110873
11113233
4253082
4253367
4253679
11112147
4240561
4244578
4253498
14742296
17401198
26752340
26752489
26752493
26752494
26752709
26752477
850684
4253044
4253543
4253732
4252640
4252939
4253802
11111720
14738943
4241122
4241122
4241122
4241122
4241122
11110740
11111418
14745978
11110740
11111418
11113130
4252508
11113130
11113130
4252508
11110980
11113282
4254363
11112146
11112185
4244520
4254367
11114171
26751441
4244520
11111202
11111542
4252727
4252898
4253152
864189
11112401
14743337
864189
11112401
26752418
26752418
26752418
26752418
26752418
4252730
4252891
4253029
4253257
4253492
4237853
4238315
4238753
4238934
4239239
11113644
11113644
11113644
11113644
11113644
4242011
4242011
4242011
4242011
4242011
17414561
17414561
17414561
17414561
17414561
4253995
4254234
4253995
4253995
4254234
865245
4254106
14722957
865245
4254106
4252556
4252841
4253341
4253652
4254291
11111269
11112202
11111269
11111269
11112202
11111100
11114039
11111100
11111100
11114039
11113291
4239344
4252509
4252569
4252916
4246506
11111838
11112675
26751206
4246506
4254003
11111892
11111918
11111921
11111922
11111381
4252491
4252900
4253945
4254002
4252539
4253259
4254434
11112281
11112342
4245670
4253923
11110705
11111209
11111545
11110998
4253091
4253098
4253121
7972241
11110901
4237827
4238339
4238479
4238973
26752677
863141
4252547
4253981
11110663
847473
4254104
847473
847473
4254104
11111295
17415453
11111295
11111295
17415453
11113131
11113138
11113142
4240240
4253553
11113248
4250919
11111191
11112678
11112788
4252687
4252788
4252931
7975066
4252687
4238032
4238522
4239060
11114187
4238032
4254361
11113994
4254361
4254361
11113994
14726065
17387834
17387848
14726065
17387834
26752417
26752505
26750993
26751003
26751006
4254168
11110702
11111128
4254168
11110702
11111346
4245508
4248656
4253635
11113414
4252992
4253331
4253617
4254311
11110712
4253611
11110821
4253611
4253611
11110821
4254340
26750984
26751150
4254340
26750984
4253636
11111012
11111267
17402129
4253636
860250
4252686
4253233
4253366
860250
4252256
4253941
11111254
11112556
14738666
11111130
26752483
4252836
4253122
4253242
11111303
11111747
853371
860507
860889
3714911
4252785
14743143
17387599
17387601
4249088
4250268
4253764
4254073
4254173
4244876
7973786
14729361
14739432
17387456
11111184
11111803
862611
863009
863427
11111307
14744460
17402826
11111307
14744460
26752556
26752556
26752556
26752556
26752556
11111413
11111897
11111413
11111413
11111897
4252756
4253241
4252756
4252756
4253241
4238494
4238494
4238494
4238494
4238494
4240802
4252535
4252865
4253319
7972958
11113076
11113076
11113076
11113076
11113076
26750742
26750743
26750745
26750760
26750775
4237790
4252895
4252907
4253733
4253758
11113252
26752724
4239603
4253681
11110813
4252653
4252855
4252867
4253700
4253818
4252996
4252534
4252555
4252622
4252936
4253336
4253336
4253336
4253336
4253336
11113268
11111796
11112602
26750859
26750867
11111477
11111520
11111539
4252515
4252710
11112893
26750787
26750792
26750810
11112893
11110694
11110694
11110694
11110694
11110694
862459
4252454
4252701
4252702
4253287
26752475
11111236
11112668
11114218
26752475
26752661
4237529
4237562
4237567
4237913
11110715
11111499
11112762
11110715
11111499
866042
4238930
4252468
4252470
4252882
11111457
4253412
4253845
11111794
14740921
11110784
11111127
11111421
11112553
17385316
11111162
11113146
11111015
11112100
11111162
11110967
4238278
4238767
4238867
4252810
4252455
4252533
4252632
4252861
4253066
4253036
4253388
4254304
11111861
17409857
4252763
4253463
14723383
17410196
4252763
26750829
26750848
26750829
26750829
26750848
11112349
11113382
26751191
11112349
11113382
4253582
11113871
4253582
4253582
11113871
4254362
4254362
4254362
4254362
4254362
4245335
4254057
17407492
17408719
4245335
4253092
11112268
17410309
17411029
4253092
26752331
26752344
26752476
26752487
26752498
4253540
11111809
4252669
4252949
4254423
11110950
11111864
11110950
11110950
11111864
4237815
4238179
4254198
11110825
11110877
11111276
4252464
4253027
4253561
4253958
4247846
14735802
4247846
4247846
14735802
11113218
11112820
26750779
26750798
26750845
4254153
17406959
4254153
4254153
17406959
846155
4239737
846155
846155
4239737
4254358
4254358
4254358
4254358
4254358
4252860
4254322
4252860
4252860
4254322
4244730
4248621
11113693
11113699
14745293
17410843
17410843
17410843
17410843
17410843
11111138
11112323
11111138
11111138
11112323
4252498
17410289
4252498
4252498
17410289
4253879
4254095
4253879
4253879
4254095
11111239
11111056
11113366
11111239
11111056
11111567
26752364
4239600
4253159
11111567
848392
861108
7972790
11110754
11110999
26752365
858280
4241185
4247960
4254395
11110826
11114232
14741026
11110826
11114232
11111328
4241854
4248385
7973019
11112614
860691
4251441
11111098
11114162
860691
11110906
11111397
11111950
11114009
26750918
4252570
4252759
11111730
4252570
4252759
4239879
866054
4237747
4237968
4239210
4252706
4253095
11112545
4252706
4253095
11110931
11111318
11111639
11110931
11111318
11112237
11112446
11112237
11112237
11112446
11112623
11112623
11112623
11112623
11112623
4248195
4251855
4253438
11111665
14722183
4237680
4238443
4238926
4239080
4239337
26751052
26751052
26751052
26751052
26751052
4237768
4237849
4237870
4237879
4237964
4253452
4253504
4253612
14723964
4253452
11112297
11112566
11112297
11112297
11112566
4252723
4252745
4252901
4252905
4252985
4253288
4253491
4254143
4254230
4254277
4244802
4254226
11113730
4244802
4254226
4252691
4252769
4253176
4253831
4252691
11110861
11111818
4248450
4253461
11111097
4253056
4253057
11111252
4253056
4253057
4237789
4238574
4240340
4253436
11111040
4253667
17385894
17408865
17410065
17414103
4254089
4254283
4254089
4254089
4254283
11111790
11111795
11111790
11111790
11111795
26752648
11110744
11112809
17407520
26750729
4253744
4253744
4253744
4253744
4253744
11112222
11112392
11112839
11112222
11112392
11111353
11111846
4249606
4252757
4252840
4238031
4238611
4238629
4238807
4238844
11113141
11113275
11112322
11112357
26750762
11112541
11112541
11112541
11112541
11112541
3714198
4237931
4237987
4239379
4240304
4238671
4238989
4240114
4253618
11111924
4252459
4253289
4252459
4252459
4253289
4237932
4238773
4248335
4252497
4253008
26752585
4241700
26751111
26752585
4241700
11110956
4252932
26751116
11110956
4252932
26752729
4252976
11112106
26752729
4252976
861256
14735493
861256
861256
14735493
4251191
4251435
11111843
11112094
11112920
4250496
11112579
26751157
4250496
11112579
26752427
4245134
4247519
26752427
4245134
11110926
11112177
11114051
26751435
11110926
11111659
4252844
11111659
11111659
4252844
26752682
4246116
14722102
14741057
17387985
4253838
11112473
17410899
26750828
4253838
4254197
11112712
26751164
4254197
11112712
26752552
26752573
860591
861630
4238971
4253616
11112215
4253616
4253616
11112215
4253361
4253671
11112250
4253361
4253671
4254312
4254390
14742762
17406755
17407213
26752401
26752470
26752484
26752499
26752696
11110774
11110939
26752685
4245064
4252549
856259
11111274
11112343
14733105
17401310
4252490
4247644
4250317
4252705
4252968
26752593
14727244
14741776
14745965
17385323
4253814
4253814
4253814
4253814
4253814
11111636
11111966
11113077
26752543
4252989
11113224
4252707
4253460
4253711
11111491
4238281
14726322
4238281
4238281
14726322
4237605
4238231
4238656
4238799
4239089
4253047
4253860
4254149
11110851
11111133
17408252
17408252
17408252
17408252
17408252
4253695
4253725
17411819
4253695
4253725
4253079
4253638
4253079
4253079
4253638
4253570
11113940
14723958
14744395
17385032
11111243
4238414
4239471
4252596
4252631
860782
862488
14743309
860782
862488
26752412
26752497
11110960
11111020
11111395
26752420
26752425
26752650
17414086
26752420
26752626
4238536
4240383
4252784
11113845
4252478
4252479
4253444
11111815
11112271
4252387
4252838
11110958
11111026
11111299
846175
4254249
11112867
846175
4254249
4252762
4253295
4253493
4253870
11111023
7973964
11111942
11112879
11113905
7973964
11110789
4253142
11110789
11110789
4253142
4253402
4253801
14722901
26750924
26750939
11113290
26752722
4253851
26751205
26751223
26752429
11113949
14744655
26752429
11113949
4254430
4254430
4254430
4254430
4254430
4253490
4254157
11114269
17411232
17411259
4252685
4254328
11111177
11112125
4252685
14732877
14732877
14732877
14732877
14732877
843289
17401462
17402372
843289
17401462
14734810
17402104
17403553
17413835
14734810
4253068
4253455
4254373
11110726
11111211
11111063
11111264
11111320
11111336
4252501
4253279
4253969
4253279
4253279
4253969
4253203
4253427
4254353
11112352
4253203
11110675
26752575
4249732
4253130
4253433
11111896
4250510
4251084
17411402
11111896
11110904
11111876
11113158
4253530
11111112
11110819
11111585
4253391
4254056
11110672
4248297
26750758
26750835
4248297
26750758
11112684
26751434
11112684
11112684
26751434
4253669
11111171
11113229
4244149
4252576
850010
4237738
4239908
4252562
4252886
11111805
11113449
11111805
11111805
11113449
11113254
26752687
11113254
11113254
26752687
11113191
11113235
11112641
11112673
11112917
4238415
4238846
4238939
4239781
4238415
4252812
11110687
11110720
11110747
11111607
4252456
4253421
11112734
11112841
11112859
11111219
4243301
11111217
11112714
11112860
4252476
4252582
4252847
4252849
4253192
11112560
11112916
11112560
11112560
11112916
4237589
4237593
4238509
4238859
4240408
26750830
26750830
26750830
26750830
26750830
852628
4242723
4252608
4253009
4253895
26752683
4238953
4251903
11111356
11112587
11111231
4244060
4251289
11111410
11113870
11111132
4253437
11111513
11112640
11111132
11111789
11112862
11113691
11113853
14726050
4254383
14736216
17406764
17416053
4254383
16952412
16952412
16952412
16952412
16952412
4252607
14722908
14745050
14745968
17402838
859761
4254188
14727328
17411818
17412156
843632
3716276
4247208
7973657
11112731
11111121
4254177
11111423
11111441
17410287
11111518
4237592
4239507
4253984
4254138
3712359
4252984
4253291
11111069
14727225
4237526
17414044
4237526
4237526
17414044
4242334
4252386
4254195
14721873
14723880
4252941
4253102
4253917
11110786
11111017
4253380
11111438
11114000
4253380
11111438
4252462
26750858
4252462
4252462
26750858
26752641
26750738
26750740
26750741
26750765
859361
4241809
4254324
4254418
14740846
4239341
4252447
4252593
4253998
4239341
4253439
4253439
4253439
4253439
4253439
4238684
11114243
17406653
17412598
4238684
26752343
4241898
4252461
17409013
26752343
4238463
4239473
4239521
4252684
4253672
11111722
4252899
14745223
17409856
11111722
4253107
4253907
4254124
4253107
4253907
4252736
4252563
4253174
4253385
4253914
11111742
4252776
4252904
11111044
11111073
11111408
4252724
4253990
11110791
11111257
857689
4252643
11111764
11111949
11112499
11113280
4252578
4252712
4252726
4252777
11113152
11113181
11113309
4253788
4253789
26751000
26751194
26751203
26751212
26751221
4252656
11111033
11111765
14724134
4252656
26752334
4254030
11112593
14727154
17416202
11110969
11111462
4242776
4252550
4252629
4254012
4254378
11111021
14744572
17386992
11111304
11111580
11111631
11113711
11113894
26752594
4253377
4254047
4254286
11111448
3717051
4252415
4252666
4253987
4254026
4237699
4253863
17409201
4237699
4253863
11110799
11110860
11113135
4252546
11110752
4253458
4253458
4253458
4253458
4253458
4253859
11111129
11114005
11114140
16952805
17403233
17403233
17403233
17403233
17403233
11112432
11112466
11112895
14744698
11112432
4253976
11111664
11112549
14727254
14742761
11113171
26752353
11113979
26750753
26750808
4253572
4253755
11114276
17407654
26751241
4253742
4253742
4253742
4253742
4253742
14726104
14729246
17410894
14726104
14729246
11110928
11110933
4253293
4253294
4253296
4252871
4253238
4254001
4254417
17387657
4240334
11114084
17406732
26751127
26751129
11113285
11111403
11112420
11112492
11112850
4246742
4253371
11111406
11112779
17410781
4252654
4253206
4253673
11114054
17414517
11111439
11113242
26752644
4254409
11111030
4253413
4253414
11111054
4253413
4253414
4253690
11112590
4253690
4253690
11112590
11111735
11113157
4252806
4253843
14724072
11111927
26752413
26752431
26752459
4253494
11111290
4252466
4252897
4252966
4253363
11111427
4253140
17401288
17408588
17409080
26751267
26751268
26751269
26751285
26751286
4253964
17411635
4253964
4253964
17411635
4238117
4238449
4239156
4239462
4239653
11111644
11111644
11111644
11111644
11111644
4253546
4252667
4252682
4252748
4252780
26752358
26752367
11111300
11112765
26750998
4242803
4247249
14724034
4242803
4247249
862672
4248255
4250573
4251870
26750948
26751154
26751154
26751154
26751154
26751154
17385319
26750777
26750843
26751195
26751199
4252981
4253829
4254405
11112162
4252981
4237750
4238022
4238410
4239526
4239848
4252115
4253422
11112503
11112639
11112827
3712054
4237668
4238389
4254102
4254412
11111984
863281
4254081
11110758
11112289
4239866
7975859
11112649
11114249
4239866
4238162
4238396
4238468
4238813
4240170
26752371
4237478
4238826
4239114
4239542
4240176
11111535
11113627
11113796
14735875
4238004
4239662
4240190
4240451
4240468
14740178
14740178
14740178
14740178
14740178
17401313
17415827
17401313
17401313
17415827
11113304
26752369
4238540
11111511
14740943
4252092
14726301
14738522
14743157
17402985
14745315
26751131
14745315
14745315
26751131
17412219
17412219
17412219
17412219
17412219
11113237
4252638
4253500
17385299
17411815
852944
4252600
11110973
14742784
17387989
11111143
11111908
17408453
17411058
17411634
11111471
4238047
4238196
4239095
4240100
4253535
11111412
11111847
11112750
11113873
4254303
11112691
4254303
4254303
11112691
4253533
4241538
4252452
4252991
4253086
11113239
11111354
11112375
11112755
11113239
11110772
11110947
4243991
4252448
4252590
11111840
4248185
4250655
11111137
11112228
4252999
4253932
11111436
11111668
11111976
4246827
4246827
4246827
4246827
4246827
11110890
863828
17410361
11110890
863828
11111587
11111587
11111587
11111587
11111587
11113882
11114154
17406843
17414071
11113882
4240694
4246418
4250500
17408596
17413634
4253441
4253441
4253441
4253441
4253441
17387939
17387939
17387939
17387939
17387939
4253785
4253787
17412130
4253785
4253787
4254407
14741593
4254407
4254407
14741593
17401189
17401189
17401189
17401189
17401189
4253951
4254217
4253951
4253951
4254217
4253514
4253844
11112902
17411532
4253514
11111357
11113170
11113176
26752422
4252943
26752509
4237572
4237706
4237962
4238173
4253920
11113726
4253920
4253920
11113726
26752555
26752555
26752555
26752555
26752555
4252787
4252803
4253310
4253792
11112170
11111699
11111699
11111699
11111699
11111699
4253554
4253554
4253554
4253554
4253554
861742
862116
4243588
4245568
4253654
4252747
11111501
4252747
4252747
11111501
3714944
4237775
4237922
4246771
4248487
4252971
14739743
17387879
17387986
17401711
26751170
26751170
26751170
26751170
26751170
4239115
4240797
4243836
4253180
4253488
14723155
17386006
17412917
17414530
14723155
11111032
4252496
4254076
17401935
11111032
4250618
4252061
4253557
14723199
14724120
11112187
17411636
11112187
11112187
17411636
11110882
4252657
11112575
11113430
11113500
26752712
26750748
26750749
26750750
26750751
14745707
17406888
17408729
17412884
17415179
17410752
17410841
17411776
17410752
17410841
846109
860091
4252571
4253063
11110805
11112154
17412667
17413042
11112154
17412667
11113145
11113294
11111014
11112350
11113685
4252683
26750997
4252683
4252683
26750997
4243705
26750727
26750922
26750923
26750937
26752520
4243183
4245142
4245261
4246850
4252326
7973923
14739939
14741000
14741100
11111857
4246367
4247669
4248247
4249752
26752504
26752596
26752600
26752672
11112656
4237635
4238118
4238655
4239149
4239738
11111317
11111467
26752619
4237959
4238008
26752527
26752563
26752568
26750863
26750960
4239296
4240269
4249354
14731051
17411605
26752511
4241927
11111450
11112741
14726067
4238959
4253820
4238959
4238959
4253820
11111062
11112647
14741125
11111062
11112647
11112592
11112592
11112592
11112592
11112592
4253222
4253222
4253222
4253222
4253222
11110879
11111719
14724036
11110879
11111719
4242447
4248302
14742372
14743312
4242447
26750730
26750730
26750730
26750730
26750730
849132
4238322
4238439
4238803
4241356
26750927
26750942
26750957
26750927
26750942
4253223
4253223
4253223
4253223
4253223
4253676
4253676
4253676
4253676
4253676
11111218
4253216
4253598
4254121
11111678
848966
3713783
4244335
4253014
4253015
4252875
4253052
14722917
17411051
17411133
3715879
4253946
11110990
11111179
11111646
14741373
14745522
14741373
14741373
14745522
4253918
4253918
4253918
4253918
4253918
17414065
26751272
26751273
26751290
26751291
11111363
4252973
4253395
11113764
11111363
4253716
11114159
14735106
17401447
17414007
11113086
4252527
4253048
4253108
4253173
17416239
17416239
17416239
17416239
17416239
26752598
26752646
26752653
11112338
11112694
11110689
11111869
11113260
861014
863043
