8142813
8142898
846619
861921
4237749
4250357
7977052
11111476
17402229
17406729
11110789
4247110
14726445
11110789
4247110
852799
4252181
4254383
14727244
14740836
843293
847614
851660
4241848
4242051
11113286
11112425
17413732
11113286
11112425
858515
858515
858515
858515
858515
11111828
4237920
4239273
4240892
4242520
11111914
3712359
11114190
14723694
14729201
4241218
4253034
14737074
4241218
4253034
17412078
17412078
17412078
17412078
17412078
4238745
4247167
14734985
17402455
17414060
11111894
11111908
11113323
11113600
14732936
861403
11112646
11113511
14742043
17408812
11111013
11111013
11111013
11111013
11111013
11111742
11111604
11113529
11111742
11111604
3712461
4244899
4244940
4254151
14745915
11111666
14726045
14734435
17388602
17402407
4237605
14744869
4237605
4237605
14744869
4245246
14726341
14731460
14738196
17402138
11110694
11111353
11112142
14742737
11110694
852502
4237492
4238275
4252472
852502
4266760
846175
4238222
4254329
11111572
11113144
11112820
11113144
11113144
11112820
4266735
11111510
14729372
14742200
14742967
851492
4237591
4238813
4239590
4239881
844118
851085
4252675
17410648
17412608
11111307
4240843
4243590
4247905
4250722
8142901
8142902
11111146
3714089
4252796
11113253
4253203
11111018
11111082
11112352
11113300
11112912
17408254
17409201
11113300
11111740
11114219
14723907
11111740
11114219
4252819
4252819
4252819
4252819
4252819
859984
4254207
11111125
17408135
859984
11111142
17387971
17403312
17411248
11111142
11111471
11111833
865162
4237485
4238209
4238835
4240205
7978203
11110788
11111441
4237580
4238033
4238347
4238509
4238683
849465
861762
861899
4246349
7973477
4254398
4252700
11111417
17410497
17412027
14741538
14741538
14741538
14741538
14741538
3712502
4247636
14740181
17406964
3712502
4239191
4244531
4239191
4239191
4244531
859900
7974256
859900
859900
7974256
4237495
4238196
4238389
4238396
4239135
4238278
4238338
4239526
4240382
4238278
4238964
4239020
4243770
4250068
7973497
11113179
11113304
17409843
17411608
11113179
4238807
4244887
4251279
14734020
14735326
864330
14741338
17401262
17412042
17413215
4253716
17387900
17402301
17403371
17403551
11112814
11112814
11112814
11112814
11112814
4254122
14741595
14741616
4254122
14741595
862459
4242456
4253870
11114065
11114202
14726349
14741041
14726349
14726349
14741041
860758
7973139
11111076
11114135
14727285
11113839
17415812
11113839
11113839
17415812
4242925
17402067
17402191
17402960
17411635
4244375
11111928
4244375
4244375
11111928
4252972
4254025
11114269
17410385
4252972
4253536
11114232
17409879
4253536
11114232
4242143
4254420
11114132
17401143
4242143
11111317
11111896
4237487
4238764
4239776
11111370
14741574
17401208
11111370
14741574
14732032
17387989
14732032
14732032
17387989
4254001
14730114
17402943
17407663
17408612
4241082
4242508
14738197
17401456
17411388
8142809
861506
4239130
4239982
4240355
860163
11114228
17403587
860163
11114228
861767
865820
17409972
861767
865820
4253188
17403588
17413024
17416064
4253188
4254052
14734882
17401211
4254052
14734882
4241367
17408876
4241367
4241367
17408876
11113305
863998
4249341
17411219
11113305
11111211
14735464
14742077
14743177
17406614
4238076
4238081
4238356
4238536
4238594
4238795
4239445
17410834
17411937
4238795
4237996
4238991
4239627
4239747
4239897
14731041
17402189
17410394
17412925
17413370
4253409
4253863
4254221
11112718
14742461
4239082
4239465
4245191
4251421
14724131
4238743
4239935
4239959
11111445
14745429
14740866
17414792
14740866
14740866
17414792
4239756
4243523
4246453
4248391
11111127
4254170
4254309
17410207
17410895
17411412
14736712
17406748
17406870
14736712
17406748
842584
853557
4253070
4254131
11110961
4237750
4240370
4254412
11113807
14735444
4243975
4252565
14723887
14735716
17385006
11112554
11113783
11112554
11112554
11113783
14733895
17401113
17414435
17416013
14733895
4266692
4266743
4241892
7972294
14734111
4238671
4238837
4239549
4239559
14736515
11112199
11112348
11112515
11114221
11112199
11111167
843808
846035
849814
3712474
4250705
11113808
14726400
14727215
14744641
4237563
4238581
4248127
4237563
4238581
4237521
4237526
4237773
4237782
4237794
4252572
17406650
17409773
4252572
17406650
4238797
4240053
4254153
11112680
11112695
14727273
17387766
17387841
17409940
17411477
4241088
14734803
14745206
14745218
17408874
4253206
11114159
11114242
14723709
17410352
11112623
14745895
17409684
11112623
14745895
11111232
4251986
11112355
11112609
14741575
4239507
4245131
4247422
4253984
14744985
4238004
4238518
4238767
4238867
4239114
4237667
4238709
4238828
4239326
4240301
11111312
11111312
11111312
11111312
11111312
4250101
17387676
17387677
17388006
17407075
847542
861598
3714832
4251055
4254242
4238647
4240800
14732429
4238647
4240800
859331
4253861
14745263
17387700
17409897
11111785
861945
4243252
4245443
4247276
859733
4237541
4239644
4251174
4254154
11114007
14727241
17403500
11114007
14727241
11111372
11114281
11111372
11111372
11114281
11111548
4253642
4254076
11111556
14723995
11111157
11111826
11113968
11111157
11111826
4245908
4245908
4245908
4245908
4245908
4253396
14734519
14744491
17387498
17414011
4238043
4238716
4239309
14726715
17413720
4238753
4238753
4238753
4238753
4238753
4242326
17412200
4242326
4242326
17412200
11110877
11110877
11110877
11110877
11110877
11111216
11111308
14745147
17402607
17402758
4249874
14727117
14740471
14742195
17402000
848633
4237633
4238796
4238986
4239308
4237671
4238823
4239446
4239486
4239896
3713399
11111859
14731297
17402250
17406862
11111477
4237969
4239625
4252495
7977090
4252894
4253809
17401153
17409389
17415892
4252256
4252256
4252256
4252256
4252256
4245749
17408434
17416045
4245749
17408434
17409982
17409982
17409982
17409982
17409982
8142806
11111276
4249054
14742081
17408925
4253137
11113632
14743956
17408154
4253137
11111890
11112724
14727299
14741300
17409192
14732938
14743175
17406951
17408749
17412601
4241899
4247708
4249573
4252415
11112614
14740894
14744499
17409119
14740894
14744499
843859
845859
848751
4245695
14726301
11113082
4237564
4239413
4254301
17410813
4266756
858457
4244528
4249564
4251896
4246678
4248612
4249273
4251314
14726390
860294
861468
4238047
4240297
4254175
3711555
4248463
4248990
4253812
7977783
851134
4247459
4251703
4252460
4253415
4237661
4237661
4237661
4237661
4237661
853614
14733073
14735007
17402670
17414451
11110901
857377
4253651
11113768
11113832
851833
3716063
3717473
4244745
4245444
11111880
858595
4237474
4237475
4237486
4266750
4238127
4238621
4238662
4239060
11110890
848874
3712355
3713981
4237550
17408914
17414556
17408914
17408914
17414556
849132
4244713
4253825
11114248
14727064
4237832
4238042
4239091
4239175
4239447
4237704
4238203
4238656
4238989
4239062
4237716
4238061
4238137
4238535
4239156
4237518
4237529
4237532
4237790
4237968
844835
859914
861918
4237489
4237589
4237815
4237916
4238179
4238443
4238494
4237735
4237862
4238074
4238679
4238746
11111622
11110847
11113459
11113665
14724133
4237904
4237934
4238134
4238366
4238414
4251500
4253321
4253912
14722171
14727090
4237628
4237866
4237981
4238349
4238512
4254389
14726111
17413040
17414595
4254389
846155
4237579
4237659
4237894
4237919
4239686
4237497
4237747
4238130
4238703
4237858
4242394
4253093
11111288
11113551
4240592
14724096
14732606
14744661
14745112
11112786
14726691
14741028
14742816
14743492
4239037
4237693
4238150
4238372
4238440
11113147
858164
4239157
4239192
4239710
4266748
843987
847691
3715068
4242809
851015
4241412
4252464
4253852
11111744
14745317
17402975
17406708
17408796
14745317
4237508
4237491
4239355
4239743
4240367
11111427
4237658
4238322
4239017
4240174
8142808
3712600
4237974
4238143
4238617
849137
4239105
4245487
14745221
14745425
4266779
4244889
11113619
14726047
14727247
11111769
11114152
4246428
4253785
7973909
4266726
8148443
4246297
4248636
4253109
842319
4252753
11111345
14726407
14741373
8142805
4252848
11112395
14723889
14742139
4253987
7972272
11110971
11111464
14734804
4252697
4252757
4254307
11110664
14724132
848129
853202
3715559
4253880
11111977
4254145
14730426
14745093
17402368
17402543
843813
3712953
4237544
4237702
4237730
3712364
4237538
4239155
4239348
4240013
14721914
17401191
17413238
14721914
17401191
11110848
11111382
11111392
11114043
14726094
8142803
4237829
4237971
4238114
4238421
14740282
14740286
17387558
14740282
14740286
11113711
17407949
11113711
11113711
17407949
8142801
11113129
11110734
11113663
14723852
17388011
17409692
17412013
17388011
17409692
4254288
11111983
11114157
14734576
14741541
11111202
845245
858631
3717932
4239075
844275
853361
14743841
17387762
17409327
4253526
17401146
17406660
17408869
17411793
14745526
17386133
17409042
14745526
17386133
11110853
4253786
4254003
11111909
11114193
858482
4237914
4237938
4238504
4238933
3715858
4251706
14740849
17384987
17388030
17409010
17413547
17409010
17409010
17413547
862915
4244229
11113762
14726294
14740975
4237482
4238859
4239941
4240359
4246398
4247768
11111164
14745530
17387601
17388020
3715632
3715632
3715632
3715632
3715632
11111310
11111809
3716536
4254291
11111311
11113328
11113328
11113328
11113328
11113328
11112162
17411601
17411978
17412911
17413643
11111124
11114047
11114050
14735110
14735111
14725997
14731040
14742835
17403168
14725997
4238386
4238525
4238532
4239293
4239969
843526
4239301
4254256
11111608
11113727
17408724
17408724
17408724
17408724
17408724
4253217
4253927
11114129
4253217
4253927
4252685
14731984
4252685
4252685
14731984
4249134
14734579
17402278
17402575
17402899
8142799
14726076
14742257
8142799
14726076
4237585
4237905
4238095
4238324
4238336
4248621
14741062
17401190
17402680
4248621
844782
864964
4245901
4245981
4251655
4238641
4239801
4240308
11112882
4238641
4239264
11111298
14732899
17413282
17414933
4266749
4266777
8142802
8142811
11111882
17407226
17407226
17407226
17407226
17407226
4243060
4253055
11114122
4243060
4253055
11110992
17402633
17403677
17412423
17414475
4237705
4251188
14723802
14740676
14740860
863479
17411536
17411542
863479
17411536
858319
4252686
11114268
17411918
858319
846286
11111783
14722158
14744434
17409387
11111822
11111107
14745859
11111822
11111107
11113123
4242740
14745781
17407046
17407958
4252831
4254326
11112408
4252831
4254326
4253840
4253840
4253840
4253840
4253840
4250644
11110798
17413258
17416251
4250644
4238368
4238757
4238923
4239915
4252959
4252990
4254127
11111895
17403413
17403492
4250184
14737405
14745528
17409334
4250184
4253944
11110644
11111014
11111685
11113996
851595
14723854
14732159
14738667
14741988
4246998
4253345
17402387
4246998
4253345
4245422
17415236
4245422
4245422
17415236
11110733
4247510
14743573
14744969
11110733
850865
862310
4237780
4238136
4238474
11110726
14727295
17402441
17412279
11110726
11111645
11110990
11111179
11111664
11111873
14743494
17411585
14743494
14743494
17411585
4266741
859761
3712312
3715149
4238259
4237567
4237662
4237965
4238045
4238318
4248739
17414069
4248739
4248739
17414069
4245122
4252644
11114117
4245122
4252644
4245567
4246855
14734949
17387996
17406575
11111629
4252809
14742740
17403233
11111629
4254183
17408692
4254183
4254183
17408692
14742052
14745799
17407476
17407483
17409648
11113167
14745177
17403295
11113167
14745177
4248297
11114261
4248297
4248297
11114261
4254182
4237706
14741438
14742383
14743564
4252678
4252714
11113607
17402328
17409730
8142822
11111300
14723964
17388380
8142822
863831
4243993
4246300
4250158
4254073
14731451
17387789
17414993
14731451
17387789
11114277
4239145
11114237
14730358
14737068
4242702
11112790
11112923
14731963
14737474
4237478
4237551
4237674
4237758
4237827
17409196
17409196
17409196
17409196
17409196
17402213
17410903
17402213
17402213
17410903
845652
846659
4241793
4243208
11112338
17387748
17387748
17387748
17387748
17387748
14741100
17409969
14741100
14741100
17409969
11111832
851303
4238720
4239655
4239674
4245895
4246294
4252840
4252856
4253000
4253472
4252855
4253473
4254339
11111553
11111173
17411372
17411833
17412428
17412633
4252740
4253603
11110879
11112541
14739733
4243198
17387788
17403364
17411662
17413309
4248944
4252511
4254352
11111058
11114238
4244546
4245574
4246836
11111911
11112166
17412045
17412045
17412045
17412045
17412045
4246165
4251016
14742786
4246165
4251016
4238468
4239170
4240348
4238468
4239170
11111803
857272
3712535
4242258
4245173
4237530
4238031
4252965
4237530
4238031
4247785
4252536
4252956
4254417
14741601
4266686
4266693
4266710
4266711
4238950
14737572
17387552
17408999
14737572
17387552
850554
4237972
4239139
4252853
14724135
4240857
4254427
11111322
11111349
11111468
17410156
17410156
17410156
17410156
17410156
14743146
17401881
17403487
17406728
17406782
4242830
14722149
14723141
14735331
14736520
17409894
17409894
17409894
17409894
17409894
847251
3717913
4251837
17403498
17413817
861075
861425
862116
3712493
3714911
4252645
4253302
4253673
4253945
4254263
842697
4238646
4238826
4238832
4239251
864407
4237629
4246292
14743282
17407306
11112384
17402767
11112384
11112384
17402767
3711650
4252742
14725809
14726324
17387643
3717701
4252658
4252825
4253249
11111123
853573
860508
14723867
17402854
17403298
4243832
4252268
14726371
14744304
4243832
17409547
17409547
17409547
17409547
17409547
14734155
14734986
17401155
17406953
17410937
11113488
14737061
11113488
11113488
14737061
14722168
14738549
14741026
14741027
17411151
848009
4237753
4239738
4245658
4247689
11110952
14735727
14740855
14741703
17402314
4241369
4253964
11110714
14743835
14745229
11110834
853124
864048
4237684
11112884
14743565
17403225
14743565
14743565
17403225
4253130
4253718
11110921
11112824
11113863
4237562
4237650
4237823
4237893
4238077
4266755
11111626
14723912
14741054
14743593
4238506
4241710
17409248
4238506
4241710
864212
4238245
4239305
4239688
4240179
11110739
11110750
14724072
11110739
11110750
4244619
11111766
14723942
14744590
14745001
11111799
3715879
4241391
4249489
4250288
14741617
14742462
14741617
14741617
14742462
4244122
17413117
17414653
17414877
17416178
859751
4237791
4238086
4239706
4239760
845384
846056
4241531
4247435
4249477
4239164
14723935
14727239
14735180
17401693
4266780
4244777
14727164
14735717
17384932
4244215
4248398
11112244
11112245
11112246
4254208
14723715
17409809
17415412
4254208
4254430
4254430
4254430
4254430
4254430
11113089
4247506
4253419
14731682
14744578
11113684
14723822
14726317
17402046
17411392
4253909
7976966
17408547
17408993
17414940
4246203
4248419
11111820
11113948
14738640
11113169
4242635
11112656
14743317
17413857
4243300
4252721
17411839
4243300
4252721
4252061
4253608
7972566
11112467
14730502
4253956
14732645
14734341
17409918
17413045
4238470
4239789
4240108
4238470
4239789
4238707
4238771
4238960
4239628
4239848
14742739
14744470
17401972
14742739
14744470
4244086
14721893
14731967
14745894
17402060
4253712
14736071
4253712
4253712
14736071
4238039
4238408
4238642
11111452
11114275
4237804
4237931
4240006
11113952
14723152
11111778
11111835
11111778
11111778
11111835
14742269
14742269
14742269
14742269
14742269
11113122
4237490
4237621
4237805
4238675
8142800
8142810
8142821
11111722
11113138
4247453
4253855
11114282
17387622
4247453
14724126
14726413
17409257
17410752
17410841
4242076
4252871
4253263
11111771
11114048
4238702
4238708
4240181
4240388
4253027
11111867
14741576
14742293
17401374
17409810
17409013
17411193
17411529
17409013
17411193
4238121
4239117
4239620
4239888
4239958
4241113
4242334
4246413
4249123
4253819
4253626
11111026
11111297
11114144
17416085
14730073
17401400
14730073
14730073
17401400
8142900
11111111
11112524
17403180
17410843
14731328
14739887
17409333
14731328
14739887
14743984
14743984
14743984
14743984
14743984
4238652
4239807
4240005
4238652
4239807
4238375
4238747
4238921
4240199
4243086
4244259
4245737
4246476
11114082
14726347
17406573
17407584
17415866
17406573
17407584
4253309
4253652
4254206
4254306
17415910
857842
4252203
4252665
14735504
14745478
865579
4237955
4239761
11114251
14737454
4246659
11112459
11113514
14723693
14732945
17410679
17415221
17410679
17410679
17415221
858812
7972667
17401137
17406673
17409250
14735114
14743075
14735114
14735114
14743075
846109
4242299
14723173
14726066
14730359
11111840
861256
861742
4242796
4244398
4239673
17411104
4239673
4239673
17411104
4238037
4253042
7978071
14727137
14732917
3711919
4252773
4253066
4253776
14724121
4237845
4238315
7975674
17402406
17411152
4244968
11114080
14722164
14739976
17401117
4245647
4252298
11110760
11114027
14726103
4266742
853274
853529
4248559
4251714
859990
3717423
7974664
17407045
17411058
