11113285
11113285
11113285
11113285
11113285
11111310
4252978
11112142
11111310
4252978
844085
844085
844085
844085
844085
4238267
4238572
4238613
4238746
4239089
11113129
11113129
11113129
11113129
11113129
11113224
4252707
11113224
11113224
4252707
4245122
4253932
11111632
11112467
4245122
4237508
4237579
4238038
4238079
4238318
11111389
4239968
4241531
11111389
4239968
11114281
11114281
11114281
11114281
11114281
849465
4238954
849465
849465
4238954
4242520
4242520
4242520
4242520
4242520
852933
852933
852933
852933
852933
11113266
11113266
11113266
11113266
11113266
11111157
11111157
11111157
11111157
11111157
11112239
11112239
11112239
11112239
11112239
4238315
4238934
4238315
4238315
4238934
11111273
17409970
11111273
11111273
17409970
11111303
11111942
11113517
11111303
11111942
11114228
11114228
11114228
11114228
11114228
4253052
11112519
17409906
4253052
11112519
11113306
846619
11113306
11113306
846619
4238114
4238638
4238770
4238814
4238816
4237792
4238040
4238428
4238500
4238564
4239037
4238150
4238301
4239077
4239146
11112513
11112513
11112513
11112513
11112513
11111754
11111754
11111754
11111754
11111754
4237705
4240411
4237705
4237705
4240411
4238893
4238893
4238893
4238893
4238893
4237527
4237536
4237616
4237690
4238303
4238594
4238594
4238594
4238594
4238594
4244229
11110978
4244229
4244229
11110978
4237556
4237665
4238124
4238215
4238254
4237563
4237903
4238047
4238852
4240243
4238074
4240204
4238074
4238074
4240204
4252557
17402417
4252557
4252557
17402417
11111321
17415174
11111321
11111321
17415174
4244564
4244564
4244564
4244564
4244564
4239756
14725960
26751189
4239756
14725960
4254095
11111372
4254095
4254095
11111372
11113556
11113556
11113556
11113556
11113556
4237544
4237719
4237773
4237782
4237869
11112711
11112724
11112711
11112711
11112724
853614
11113663
853614
853614
11113663
14722641
14722641
14722641
14722641
14722641
847355
847355
847355
847355
847355
4253277
4253277
4253277
4253277
4253277
4254197
11111370
4254197
4254197
11111370
11111357
11111847
11112643
11112750
11111357
4237566
4238493
11111845
4237566
4238493
11113620
11113620
11113620
11113620
11113620
11113138
11112540
11113138
11113138
11112540
852761
852761
852761
852761
852761
14745414
14745414
14745414
14745414
14745414
11114100
14740797
17401315
11114100
14740797
11110956
4253439
11111163
11111198
11111391
11113972
17385056
17414585
11113972
17385056
4239347
4239347
4239347
4239347
4239347
4253055
4253550
4253055
4253055
4253550
11111127
14745942
11111127
11111127
14745942
11113152
3712600
4253031
11113152
3712600
862506
4238391
4239842
4239945
4248728
4246674
4250101
14741962
4246674
4250101
4238130
4245847
4238130
4238130
4245847
11113089
11113089
11113089
11113089
11113089
11114193
14727156
17402189
11114193
14727156
11111146
4252755
11112524
11111146
4252755
4253931
14741914
4253931
4253931
14741914
4238534
4239954
4238534
4238534
4239954
848536
848536
848536
848536
848536
11112372
11114015
17407725
11112372
11114015
861899
861899
861899
861899
861899
11113155
11113212
4239175
11112260
11113155
4237751
17402063
4237751
4237751
17402063
11110694
11110694
11110694
11110694
11110694
17406953
17406953
17406953
17406953
17406953
4241842
4244413
11112860
11113837
14743673
4254144
11112786
4254144
4254144
11112786
4239881
14721893
14735114
17401248
17401249
11113364
11113364
11113364
11113364
11113364
17388475
17415949
17388475
17388475
17415949
11113333
11113333
11113333
11113333
11113333
3715149
11110826
3715149
3715149
11110826
7972806
11111452
17414561
7972806
11111452
4242495
17411327
4242495
4242495
17411327
4252781
7975646
4252781
4252781
7975646
4237711
4237883
4238857
4240168
4240236
17409999
17409999
17409999
17409999
17409999
4252711
11110952
11111808
4252711
11110952
4237899
4238000
4238668
4239773
4237899
11112737
17412858
17413019
17414727
26751142
11113966
17403206
17407728
17408438
11113966
17401374
17401374
17401374
17401374
17401374
11112319
11112319
11112319
11112319
11112319
860967
11113845
860967
860967
11113845
4239695
4254107
4239695
4239695
4254107
11111814
4239264
11114007
11111814
4239264
4252604
11112688
4252604
4252604
11112688
861762
861762
861762
861762
861762
11111645
11111685
11111645
11111645
11111685
4253130
11110921
4253130
4253130
11110921
4238485
4239115
4239424
4238485
4239115
4253799
11112922
17412204
4253799
11112922
4253034
11112879
11114224
4253034
11112879
4252714
11114275
4252714
4252714
11114275
14745040
17385301
14745040
14745040
17385301
11111927
11110892
17385026
11111927
11110892
11111082
11112388
11113759
11111082
11112388
4253988
4254171
11111510
11112417
4253988
14743984
14743984
14743984
14743984
14743984
11113131
11113142
4253709
11111057
11111415
4237550
4238321
4238581
4240088
4237550
11113253
11113253
11113253
11113253
11113253
14744434
17408514
14744434
14744434
17408514
4253033
11111940
4253033
4253033
11111940
4237803
4240086
4237803
4237803
4240086
4253753
11110990
11111664
11111873
11112541
14726691
14726691
14726691
14726691
14726691
4265800
4265800
4265800
4265800
4265800
17412632
17412632
17412632
17412632
17412632
4238819
4244593
4238819
4238819
4244593
4253929
4253974
11111373
11111651
11111928
4238449
4238764
4239632
4239801
4239940
26752410
26752410
26752410
26752410
26752410
4238720
7975336
4238720
4238720
7975336
11113830
11113887
11114175
11113830
11113887
11111318
11111318
11111318
11111318
11111318
26752634
11114041
14734801
17408977
26752634
11111954
11112589
11111954
11111954
11112589
26752601
26752601
26752601
26752601
26752601
11111838
11112271
11111838
11111838
11112271
17385007
17385050
4254339
17385007
17385050
4237841
14741041
4237841
4237841
14741041
11113514
14732051
14739846
11113514
14732051
11113686
11113881
11113686
11113686
11113881
11111388
11114267
11111388
11111388
11114267
11114162
11114162
11114162
11114162
11114162
4237735
4238049
4238259
4237735
4238049
4247636
11113710
11113718
14746025
17409821
4252703
4252703
4252703
4252703
4252703
11113794
11113794
11113794
11113794
11113794
26751332
26751332
26751332
26751332
26751332
3716458
4247533
3716458
3716458
4247533
11111526
11111526
11111526
11111526
11111526
11111098
11113831
11111098
11111098
11113831
4253054
4253054
4253054
4253054
4253054
4252680
17409372
4252680
4252680
17409372
11112600
11112600
11112600
11112600
11112600
4253853
4253853
4253853
4253853
4253853
26752587
17384982
26752587
26752587
17384982
11113176
11113286
11111442
11112255
11112425
4239604
11113619
14721871
14722190
14742019
11111412
11111412
11111412
11111412
11111412
14735451
14735451
14735451
14735451
14735451
11113954
11113954
11113954
11113954
11113954
4244291
7972835
11111021
11111240
11111380
4237703
4237769
4238256
4238314
4238382
843526
14745129
843526
843526
14745129
4253651
11111733
14743213
4253651
11111733
4238107
11111572
11112400
4238107
11111572
11111159
11114009
11111159
11111159
11114009
17412206
17412206
17412206
17412206
17412206
4238223
4238785
4238223
4238223
4238785
14732471
17384952
17384975
17406699
14732471
4242891
17416133
4242891
4242891
17416133
863506
14741302
17402609
17414146
863506
17408549
17408549
17408549
17408549
17408549
11113848
11113852
11113848
11113848
11113852
14741028
14741028
14741028
14741028
14741028
4239620
17413199
4239620
4239620
17413199
17408453
17411747
17415741
17408453
17411747
4239879
11113632
14734086
4239879
11113632
11113082
11113082
11113082
11113082
11113082
11110964
11110964
11110964
11110964
11110964
17387799
17387799
17387799
17387799
17387799
4250497
11112918
4250497
4250497
11112918
17416364
17416364
17416364
17416364
17416364
17385128
17385128
17385128
17385128
17385128
17413732
17413732
17413732
17413732
17413732
4237807
4242948
14726726
14744642
14745962
4240129
17416256
4240129
4240129
17416256
11114282
11114282
11114282
11114282
11114282
11110867
11112912
11110867
11110867
11112912
14726376
14726376
14726376
14726376
14726376
11110822
11110822
11110822
11110822
11110822
4253946
11113702
4253946
4253946
11113702
4237776
4238724
4240350
4247338
17415251
4248274
11114086
14724126
4248274
11114086
17408439
17408559
17409356
17411179
17408439
11113683
11113691
11113683
11113683
11113691
4249223
14723715
4249223
4249223
14723715
4254337
4254337
4254337
4254337
4254337
853124
14722192
14727157
14742785
17402029
11112754
11112754
11112754
11112754
11112754
14740674
14741262
14741399
14743593
14744614
17407636
17407638
17407999
17409187
17407636
4248990
4254238
11112680
11112695
11112744
4252845
4253610
11111639
4252845
4253610
14726438
17414163
17414902
14726438
17414163
14741648
14741648
14741648
14741648
14741648
14724169
14743497
14724169
14724169
14743497
4254126
11113835
4254126
4254126
11113835
11113726
11113726
11113726
11113726
11113726
4244463
4245726
4248738
11114037
4244463
4242089
4253789
4242089
4242089
4253789
3712252
4240530
4246125
7978437
3712252
4252460
4252855
17408942
4252460
4252855
4253846
17403413
26751172
4253846
17403413
7973909
7973909
7973909
7973909
7973909
4252157
17401262
17414252
4252157
17401262
4237474
4237935
4237962
4238748
4238976
11113571
11113571
11113571
11113571
11113571
4254331
4254331
4254331
4254331
4254331
4253063
17415114
4253063
4253063
17415114
17403295
17403295
17403295
17403295
17403295
26752733
861921
4237482
4237497
4237868
17410108
17410108
17410108
17410108
17410108
4253450
4254250
11113602
17411695
4253450
4253708
4253708
4253708
4253708
4253708
14732864
14732864
14732864
14732864
14732864
14736725
14741004
14736725
14736725
14741004
4237726
4253488
11110942
17409280
4237726
4247785
17413550
4247785
4247785
17413550
11111312
11111312
11111312
11111312
11111312
858981
4239700
858981
858981
4239700
4238704
4238704
4238704
4238704
4238704
17407306
17410087
17407306
17407306
17410087
4252840
14723762
4252840
4252840
14723762
11111364
11113947
11111364
11111364
11113947
11114277
17415978
11114277
11114277
17415978
14741376
17414518
14741376
14741376
17414518
26752554
17416026
26752554
26752554
17416026
4246722
4248549
11113956
14740345
14745870
17385250
17385266
17385250
17385250
17385266
849137
849137
849137
849137
849137
4239981
11110760
17408497
17415590
4239981
14738616
17412082
14738616
14738616
17412082
14744481
14744481
14744481
14744481
14744481
4252673
4253975
4252673
4252673
4253975
14726715
14726715
14726715
14726715
14726715
4252558
4252558
4252558
4252558
4252558
14744846
14744846
14744846
14744846
14744846
11112554
11112655
11112554
11112554
11112655
4252598
4252598
4252598
4252598
4252598
4253064
14730359
4253064
4253064
14730359
11114274
11114274
11114274
11114274
11114274
17408511
17411994
17413027
17413842
17416098
11111820
11111820
11111820
11111820
11111820
11113303
11114209
11113303
11113303
11114209
11113236
4253174
11112903
11113236
4253174
11113669
11113669
11113669
11113669
11113669
11111142
11111832
11111142
11111142
11111832
11113569
11113569
11113569
11113569
11113569
11111107
11111252
11113640
17401159
11111107
4243523
4253395
4243523
4243523
4253395
4237493
4237737
4237840
4238550
4238702
11113297
11113298
11113299
11110673
11113297
4238221
4242611
17402532
17403112
4238221
4252601
11112586
11112788
4252601
11112586
11114222
17415216
17416344
11114222
17415216
849116
14732561
17402391
849116
14732561
11110805
11113511
11110805
11110805
11113511
14741792
17414179
17414503
14741792
17414179
11114019
11114019
11114019
11114019
11114019
26752659
26752659
26752659
26752659
26752659
4243013
11110852
14724056
17413319
4243013
14727057
14727147
17401961
17407755
17409227
14741037
17384978
14741037
14741037
17384978
4242466
17407125
17409746
4242466
17407125
17402789
17409843
17402789
17402789
17409843
4246446
4246446
4246446
4246446
4246446
11112123
11112123
11112123
11112123
11112123
4240219
14725999
4240219
4240219
14725999
11111250
11111297
11111250
11111250
11111297
4254286
17410600
4254286
4254286
17410600
11111023
11111023
11111023
11111023
11111023
4253309
4253324
11112823
4253309
4253324
17402218
17402218
17402218
17402218
17402218
11113245
11111378
11112284
11112408
17384899
11113701
17414924
11113701
11113701
17414924
4237663
4238802
4239841
4239948
4243316
11113531
17408225
11113531
11113531
17408225
17410914
17415267
17410914
17410914
17415267
11113832
11113832
11113832
11113832
11113832
4238044
4238646
4238708
4239117
4239566
11114146
11114146
11114146
11114146
11114146
17409707
17410013
17410278
17409707
17410013
17414748
17414748
17414748
17414748
17414748
11114135
17387788
11114135
11114135
17387788
4237758
4238352
17387528
17413542
4237758
17412608
17412608
17412608
17412608
17412608
17407600
17407600
17407600
17407600
17407600
4249445
17406574
4249445
4249445
17406574
7972667
7972667
7972667
7972667
7972667
11111295
11111295
11111295
11111295
11111295
4245019
14732937
17411744
4245019
14732937
11113770
11113770
11113770
11113770
11113770
11111179
11111562
11112654
11111179
11111562
11113617
11113682
11113788
11113617
11113682
11112103
14743916
11112103
11112103
14743916
17413528
17413528
17413528
17413528
17413528
14723800
14742432
17408805
14723800
14742432
4253146
4253263
4253146
4253146
4253263
11112197
11112197
11112197
11112197
11112197
11111757
14731076
11111757
11111757
14731076
11113808
17414640
11113808
11113808
17414640
11113645
14741503
11113645
11113645
14741503
14739051
14739051
14739051
14739051
14739051
4243362
14727160
14744173
17402106
17416024
11111105
11111105
11111105
11111105
11111105
11112468
11112578
11113464
11113552
11112468
26752560
14726060
26752560
26752560
14726060
11111567
14723163
14723719
11111567
14723163
11111504
11111504
11111504
11111504
11111504
14723845
14723845
14723845
14723845
14723845
4238227
4239409
4240030
4240223
4251114
11112580
11112580
11112580
11112580
11112580
11111779
11111779
11111779
11111779
11111779
11111359
11111359
11111359
11111359
11111359
11111420
11111420
11111420
11111420
11111420
4252736
4238158
4252706
4253385
7972981
17406910
26751124
17406910
17406910
26751124
17407594
17408478
17407594
17407594
17408478
4238137
4239006
4239032
4239149
4239155
11114219
11114219
11114219
11114219
11114219
17403208
17403488
17403208
17403208
17403488
11113147
26752734
4238853
4238995
4239157
17413845
17415927
17413845
17413845
17415927
4243198
14726033
14735328
17387742
17387855
857377
860472
14743379
17415529
857377
11112107
17384944
11112107
11112107
17384944
17415249
17415249
17415249
17415249
17415249
11112116
11112116
11112116
11112116
11112116
17414144
17414144
17414144
17414144
17414144
3712493
4253030
14745947
17414069
3712493
11114131
11114231
11114235
11114131
11114231
11111451
11112640
11111451
11111451
11112640
3712461
4249354
17410815
3712461
4249354
17407730
17407730
17407730
17407730
17407730
4238277
14740471
17401693
4238277
14740471
4238891
4240028
4240043
4240371
4243713
858595
4238102
14743956
858595
4238102
17385061
17385061
17385061
17385061
17385061
17415246
17415246
17415246
17415246
17415246
17409896
17410300
17409896
17409896
17410300
11111952
11112888
11114143
14726102
11111952
14745294
14745294
14745294
14745294
14745294
11111509
11112495
11114266
11111509
11112495
17407230
17412450
17407230
17407230
17412450
11111416
4244193
4244375
11112534
11112867
14734107
14734107
14734107
14734107
14734107
17384934
17384962
17384989
17414944
17384934
4253866
11113551
4253866
4253866
11113551
17385812
17385812
17385812
17385812
17385812
4242014
17408842
17411605
17414722
17416088
14738507
17407468
14738507
14738507
17407468
11113510
11113600
14723925
17406934
17407126
17411925
17412200
17411925
17411925
17412200
4237605
4237964
4238209
4238502
4238567
4253544
11112768
4253544
4253544
11112768
11113700
11113700
11113700
11113700
11113700
4245612
4247524
14722619
14735180
14744987
11112233
11112233
11112233
11112233
11112233
17401900
17401900
17401900
17401900
17401900
4238850
4239901
4252655
11111497
17402794
14743342
14743342
14743342
14743342
14743342
4240170
14743378
4240170
4240170
14743378
11112642
14745717
17412869
17413227
17414630
11111058
11111058
11111058
11111058
11111058
14721854
17384941
17385138
14721854
17384941
11111002
11111002
11111002
11111002
11111002
11114240
11114240
11114240
11114240
11114240
4245567
17411223
17413794
4245567
17411223
17402543
17409918
17402543
17402543
17409918
4238950
17414626
17415403
4238950
17414626
11112691
11112691
11112691
11112691
11112691
4249561
17416085
4249561
4249561
17416085
4244903
11111547
11112410
11112690
11112789
11111583
11111983
11111583
11111583
11111983
14744625
14744625
14744625
14744625
14744625
4252841
11111829
4252841
4252841
11111829
4237538
4237753
14734961
4237538
4237753
4240587
11110810
11111041
11111339
4240587
17414691
17414691
17414691
17414691
17414691
11111741
17415412
11111741
11111741
17415412
17407674
17407674
17407674
17407674
17407674
4254288
11111367
14742200
17407936
17412601
11114248
11114248
11114248
11114248
11114248
3717932
11112456
14744859
17412856
3717932
11112882
11112882
11112882
11112882
11112882
4252359
4252359
4252359
4252359
4252359
4237859
4237876
4238039
4238730
4238911
4250318
11110870
11111059
11112611
11113607
4237491
4237537
4238121
4238727
4239248
14734490
17414940
17415907
14734490
17414940
4237944
4238780
4239333
4237944
4238780
14740127
17416244
14740127
14740127
17416244
4253344
4253375
4253376
4253344
4253375
14721879
14738123
14721879
14721879
14738123
11111319
11111319
11111319
11111319
11111319
11113928
11113928
11113928
11113928
11113928
17402100
17402100
17402100
17402100
17402100
11111308
11111308
11111308
11111308
11111308
4241892
17415461
4241892
4241892
17415461
11111355
11111355
11111355
11111355
11111355
4254205
17406597
4254205
4254205
17406597
4252990
11113469
14745998
17408479
4252990
14735758
17415385
14735758
14735758
17415385
11113544
17415906
11113544
11113544
17415906
7976966
17403429
7976966
7976966
17403429
17414694
17414694
17414694
17414694
17414694
4252697
4252698
11112606
4252697
4252698
11114044
17407569
11114044
11114044
17407569
11111914
17409730
11111914
11111914
17409730
11113075
17387581
17412633
17414955
11113075
14722164
14744976
17406974
17408925
14722164
4237598
4237609
4237838
4237914
4238005
14740889
17413839
17414752
17415641
17415877
11113660
11113990
11113660
11113660
11113990
11113179
11112389
11112431
11113179
11112389
17384999
17384999
17384999
17384999
17384999
4237487
4239052
4239130
4240355
4237487
11113951
11114070
11114095
11113951
11114070
4253776
4253776
4253776
4253776
4253776
17407618
17407618
17407618
17407618
17407618
4240205
17403226
4240205
4240205
17403226
3716661
4253960
17411881
17412981
17413562
850010
4250265
11112403
11113690
850010
4237904
4237940
4238134
4238165
4238848
17402359
17402359
17402359
17402359
17402359
4240005
4240005
4240005
4240005
4240005
11113254
17385033
11112574
11113254
17385033
11112704
11112704
11112704
11112704
11112704
11113485
11113486
11113485
11113485
11113486
11112503
11113546
11112503
11112503
11113546
14723808
14723808
14723808
14723808
14723808
14741276
14741276
14741276
14741276
14741276
17406637
17414549
17415286
17406637
17414549
17385054
17409903
17412924
17385054
17409903
4238356
4239677
11113886
17414304
4238356
11112863
11112863
11112863
11112863
11112863
17408826
17408826
17408826
17408826
17408826
11114047
14744854
17413009
11114047
14744854
11111796
11111796
11111796
11111796
11111796
17407913
17407913
17407913
17407913
17407913
17409939
17414210
17409939
17409939
17414210
4237672
4237672
4237672
4237672
4237672
11111512
11113727
11114079
17416035
11111512
14731252
17403017
14731252
14731252
17403017
11111781
11111781
11111781
11111781
11111781
4252761
7977334
11111298
17402151
17402164
17415139
17415139
17415139
17415139
17415139
17410350
17410350
17410350
17410350
17410350
14741085
14742740
17403486
14741085
14742740
4265494
14740175
4265494
4265494
14740175
11113167
860735
14740976
11113167
860735
4248419
14745891
4248419
4248419
14745891
11113083
17403592
11113083
11113083
17403592
