4237868
4237899
4238853
4238995
14722657
4254263
4254263
4254263
4254263
4254263
11111105
11113215
11112115
11112192
11112635
844085
844085
844085
844085
844085
14745414
14745414
14745414
14745414
14745414
26752581
26752652
4241131
26752581
26752652
11113200
11113200
11113200
11113200
11113200
11111492
11111592
11111272
11112307
11114100
11113831
11114148
11113831
11113831
11114148
858418
858418
858418
858418
858418
11113179
844455
11113179
11113179
844455
4243056
4243056
4243056
4243056
4243056
14741457
14741457
14741457
14741457
14741457
11113352
11113352
11113352
11113352
11113352
860986
14735331
860986
860986
14735331
11114108
11114108
11114108
11114108
11114108
14741018
14741018
14741018
14741018
14741018
4253034
4253034
4253034
4253034
4253034
11113199
11111228
11113199
11113199
11111228
7972921
7972921
7972921
7972921
7972921
4237792
4240049
4237792
4237792
4240049
26752723
26752725
26752727
14732562
26752723
4237625
4238712
4238781
4238843
4238856
4242520
17401900
4242520
4242520
17401900
11114219
11114219
11114219
11114219
11114219
4249546
4250288
14738621
17402536
4249546
4248573
14724105
14740730
4248573
14724105
14727318
14737688
14727318
14727318
14737688
14735756
14735756
14735756
14735756
14735756
4237985
4239578
14722903
14740633
14744868
4253306
4253306
4253306
4253306
4253306
14737691
17401127
17401472
14737691
17401127
14730358
14742293
14744185
17408535
14730358
14734155
14734155
14734155
14734155
14734155
26752500
26752686
26752716
26752500
26752686
26752474
4237633
4238796
17409555
17409927
860294
17411921
860294
860294
17411921
4249489
4252863
14743242
17413093
4249489
14741798
14741798
14741798
14741798
14741798
11113360
11113360
11113360
11113360
11113360
17411643
17412631
17411643
17411643
17412631
4246398
14723790
4246398
4246398
14723790
14725997
14725997
14725997
14725997
14725997
4246149
4247991
14723800
4246149
4247991
4239434
4239981
4240211
4240301
4251621
4253846
7973798
11111370
17413914
4253846
4248194
4248194
4248194
4248194
4248194
11110733
17386002
11110733
11110733
17386002
26752463
4253033
4253055
11114224
17414669
4245285
17406895
4245285
4245285
17406895
4243842
14744640
4243842
4243842
14744640
4241218
14737064
4241218
4241218
14737064
14741821
14741821
14741821
14741821
14741821
4243770
14745781
17385812
4243770
14745781
14741262
14741399
14742444
14745215
17408996
4237871
4238240
4239359
11113926
11113928
843298
3714119
4246683
4250935
14740488
17408052
17408052
17408052
17408052
17408052
4248426
4250079
14729611
4248426
4250079
4251421
14741257
17402124
17402269
4251421
11113988
11113988
11113988
11113988
11113988
11113277
11111750
11113277
11113277
11111750
17401814
17402488
17402489
17408536
17408927
14734880
17415412
14734880
14734880
17415412
14726371
14726371
14726371
14726371
14726371
851085
17402406
17413566
851085
17402406
4251111
4251111
4251111
4251111
4251111
4240235
4240235
4240235
4240235
4240235
4252896
4254245
17402029
4252896
4254245
4237971
4238421
4238581
11112724
17410350
17385806
17401374
17409283
17411782
17385806
4237705
4239638
4237705
4237705
4239638
4251285
4251285
4251285
4251285
4251285
4253727
14740855
4253727
4253727
14740855
4253717
4254205
4254415
4253717
4254205
4253025
4253025
4253025
4253025
4253025
843048
14737063
843048
843048
14737063
14730359
14730359
14730359
14730359
14730359
11114055
14739806
17415332
11114055
14739806
843859
4240553
4245695
14741594
843859
4254208
4254208
4254208
4254208
4254208
7977466
7977466
7977466
7977466
7977466
14739887
14739887
14739887
14739887
14739887
11113266
11113266
11113266
11113266
11113266
4246968
11113602
4246968
4246968
11113602
11113315
11113316
11113347
11113520
11113315
11113207
14721904
11113207
11113207
14721904
17406575
17408749
17415477
17406575
17408749
4253678
4253678
4253678
4253678
4253678
4238185
14740860
4238185
4238185
14740860
842584
17402148
17406754
17411309
17415949
14742462
17403168
14742462
14742462
17403168
4239567
4239590
4239881
4240333
4239567
4252698
11110644
17408406
17412872
4252698
14741577
17407869
17408925
14741577
17407869
11111372
11111372
11111372
11111372
11111372
861403
861762
3712953
861403
861762
11112695
11112813
14739976
11112695
11112813
11113082
11112840
11113082
11113082
11112840
14723718
17402428
17412894
14723718
17402428
4253934
14729810
17406708
4253934
14729810
26752464
17413591
17413912
26752464
17413591
858229
858229
858229
858229
858229
11113951
11114070
11113951
11113951
11114070
4246297
4248333
11111859
17413940
4246297
3713267
14736435
14743548
3713267
14736435
14742081
14742081
14742081
14742081
14742081
4246588
4246588
4246588
4246588
4246588
14726702
14737246
14726702
14726702
14737246
4242258
4242258
4242258
4242258
4242258
11113298
11113299
11113298
11113298
11113299
842618
4248323
4249740
11113920
17406594
4238033
4239362
4239861
11114183
4238033
17402769
17402769
17402769
17402769
17402769
4240527
11113323
11113600
17408907
4240527
4247711
11114202
14723801
4247711
11114202
26752514
4245044
4246096
4246970
14744336
11114143
11114143
11114143
11114143
11114143
14723382
14723382
14723382
14723382
14723382
3713415
11114037
14721854
14727313
14740894
4243013
4245636
14744641
14745174
4243013
4247459
14727179
14734775
4247459
14727179
14743918
14743918
14743918
14743918
14743918
11113494
17411224
11113494
11113494
17411224
17412896
17412896
17412896
17412896
17412896
4237604
17413319
4237604
4237604
17413319
14726339
14726339
14726339
14726339
14726339
7973380
14740916
17408845
17414607
7973380
17407663
17414321
17407663
17407663
17414321
4253615
14723889
4253615
4253615
14723889
11113770
11113794
11113770
11113770
11113794
4239170
11112680
11112711
11112744
4239170
4244568
4244568
4244568
4244568
4244568
14723141
14723141
14723141
14723141
14723141
14742737
14742737
14742737
14742737
14742737
14742100
14742100
14742100
14742100
14742100
4253630
14741648
4253630
4253630
14741648
7976966
7976966
7976966
7976966
7976966
860967
14741129
17402151
860967
14741129
4239273
14745121
4239273
4239273
14745121
14727156
14741391
14727156
14727156
14741391
14740230
14740230
14740230
14740230
14740230
11111799
7977295
17411185
11111799
7977295
4253126
4253126
4253126
4253126
4253126
11114275
17409692
11114275
11114275
17409692
4253479
17385006
17413908
4253479
17385006
4253379
17413744
4253379
4253379
17413744
14723822
17401249
17402387
17406691
17410096
4248260
17388602
17408818
4248260
17388602
4245019
14735228
14739050
14744614
17406766
14726316
14726316
14726316
14726316
14726316
14741109
17387932
17406729
14741109
17387932
14741568
14741568
14741568
14741568
14741568
4240382
4240382
4240382
4240382
4240382
4241688
4246674
14743885
17385106
4241688
11114163
17411695
11114163
11114163
17411695
14740859
17411978
14740859
14740859
17411978
4252990
4252990
4252990
4252990
4252990
17402540
17415675
17402540
17402540
17415675
4245122
4252796
17406660
4245122
4252796
859990
17407958
859990
859990
17407958
14737454
14737454
14737454
14737454
14737454
17408936
17408936
17408936
17408936
17408936
3714089
14743091
3714089
3714089
14743091
11113751
17413567
11113751
11113751
17413567
4252359
4252359
4252359
4252359
4252359
4250482
17415524
4250482
4250482
17415524
861899
14722158
861899
861899
14722158
11114261
11114261
11114261
11114261
11114261
11113122
17415896
11113122
11113122
17415896
14743381
17416065
14743381
14743381
17416065
14723802
14742384
14723802
14723802
14742384
4237958
4238589
4239897
4240420
4237958
847676
4248885
11112786
847676
4248885
14722081
14722569
14735326
14742729
14743508
4253263
14745083
4253263
4253263
14745083
4239112
4240296
4239112
4239112
4240296
11110899
11110899
11110899
11110899
11110899
4238512
4239130
4240355
4249967
14734961
861895
14722190
14741012
14741458
861895
4248756
14741054
14743593
14743822
4248756
14726691
14726691
14726691
14726691
14726691
4237930
4238780
4240173
4240359
4237930
17401960
17402883
17402975
17409790
17401960
844873
4242394
4246659
4250895
14727158
4253576
4254154
14726317
4253576
4254154
3714832
4237491
4237519
4237836
4238044
4237550
4237981
4238113
4238267
4238388
4237730
4237730
4237730
4237730
4237730
4247768
14745448
4247768
4247768
14745448
11114236
14742488
11114236
11114236
14742488
4252487
14722719
17409676
4252487
14722719
4240609
4244479
14740879
17403500
4240609
4238791
4238922
4240204
14742643
4238791
4237579
4238150
4238353
4238626
4239134
4239447
17411177
4239447
4239447
17411177
4239457
11111339
14741574
4239457
11111339
11114079
11114079
11114079
11114079
11114079
4239706
17410375
4239706
4239706
17410375
4246957
14745131
4246957
4246957
14745131
4254420
17409421
4254420
4254420
17409421
4237662
4238925
4240078
14726082
4237662
11110865
11113214
11113244
11111284
11111560
26752523
4241683
4246673
14724096
14744945
3712600
4239466
17410181
3712600
4239466
11114268
11114268
11114268
11114268
11114268
4237585
4237936
4238271
4238489
4238660
11113499
14742241
17401428
17406874
17408965
861918
4237544
4237711
4237869
4238160
4244593
14743583
14745294
14745891
17408988
848129
4242914
14727164
14727180
14740726
14745147
17387958
17415336
14745147
17387958
844035
847836
4239480
14726076
17414845
14738620
14743550
17407855
17408203
14738620
858515
11113466
11113467
14745998
17403673
858595
4239249
4253031
858595
4239249
4239334
4242606
4239334
4239334
4242606
11112704
11112704
11112704
11112704
11112704
4237508
4240005
4243372
14744862
4237508
4246167
4248555
4246167
4246167
4248555
14743317
17411601
14743317
14743317
17411601
4249223
4249223
4249223
4249223
4249223
14734085
14742738
14734085
14734085
14742738
17410188
17410188
17410188
17410188
17410188
4241588
4241588
4241588
4241588
4241588
847691
4240700
4246203
14742578
17407112
4240043
14722641
17406806
4240043
14722641
26752675
17385064
17387956
17411321
17415989
17402391
17412192
17402391
17402391
17412192
3713412
4238219
4238879
4238999
4241130
14741792
14742432
17416282
14741792
14742432
846056
3712502
4241763
14726045
14733416
11111505
17402754
17412856
11111505
17402754
11114116
11114116
11114116
11114116
11114116
4249498
4249498
4249498
4249498
4249498
14735239
17403221
14735239
14735239
17403221
14744869
14745895
17402992
17409931
14744869
859900
14743567
859900
859900
14743567
4241630
14737599
14740836
4241630
14737599
14723743
17403447
17414937
14723743
17403447
3714825
17410729
3714825
3714825
17410729
17384999
17384999
17384999
17384999
17384999
4252845
14736977
17410314
4252845
14736977
17385078
17410027
17385078
17385078
17410027
14740712
17409247
14740712
14740712
17409247
4246775
4250804
14722201
14723693
14724027
17411542
17411542
17411542
17411542
17411542
11110887
14723815
14727150
14744632
11110887
866021
866021
866021
866021
866021
4239978
14741471
17408556
4239978
14741471
14737253
14742291
14737253
14737253
14742291
4248419
17402902
17406677
4248419
17402902
863214
3717473
4250103
863214
3717473
14742645
14742645
14742645
14742645
14742645
4237493
4237540
4238258
4238457
4239092
4239037
4237758
4238230
4238902
4239077
14741615
14741615
14741615
14741615
14741615
4254146
14745429
4254146
4254146
14745429
7977873
14724018
17402138
17402328
17402704
17402150
17413771
17402150
17402150
17413771
844570
17387543
17415899
844570
17387543
4243142
4243142
4243142
4243142
4243142
851940
17414357
851940
851940
17414357
11112142
17415185
11112142
11112142
17415185
14741476
14741476
14741476
14741476
14741476
14726089
14727178
17408164
17409435
14726089
11113862
11113969
11114019
11114175
11113862
11113689
14742409
17384941
17384961
17384978
14726032
14740849
14742441
17411732
14726032
17402262
17402262
17402262
17402262
17402262
17385138
17385158
17385161
17385179
17385188
4238416
4238416
4238416
4238416
4238416
4249742
17387535
4249742
4249742
17387535
4243385
17409447
4243385
4243385
17409447
14742740
17406743
17412989
14742740
17406743
4238916
4239969
4238916
4238916
4239969
4253234
14724093
17407230
4253234
14724093
4238497
4239957
4240030
14731460
4238497
14740889
17407046
14740889
14740889
17407046
4247631
4247631
4247631
4247631
4247631
851235
863831
14726306
14727135
14737475
4252229
11111626
14743916
17385059
17408015
11111142
17384949
17384964
17384974
11111142
4240223
4242299
4240223
4240223
4242299
14732220
14738125
17408677
17412863
17414397
4243356
4252510
17402191
17403017
4243356
4237707
4238318
4238583
4238848
4239343
865820
4237702
4239222
4239394
4239486
17414748
17414748
17414748
17414748
17414748
11113162
11113162
11113162
11113162
11113162
4246639
14743146
17406606
4246639
14743146
7976204
7976204
7976204
7976204
7976204
4254308
11114127
14722575
14722666
4254308
4240786
4240786
4240786
4240786
4240786
26752432
26752595
14743494
26752432
26752595
4237956
4238146
4254255
4254284
14744800
4237630
4237801
4237908
4238222
4237630
4252947
14740419
17401143
17409389
4252947
844275
850865
3712241
3712493
4241023
11113701
14745649
11113701
11113701
14745649
17411151
17411210
17411476
17415914
17411151
17408821
17408852
17408821
17408821
17408852
4245234
14726048
17414922
4245234
14726048
4241094
17409453
4241094
4241094
17409453
4244884
11113752
4244884
4244884
11113752
11110853
17414690
11110853
11110853
17414690
4241710
4248274
4252312
17406662
4241710
4249477
14740866
17403578
4249477
14740866
4241718
17409191
17409758
17409841
17412183
4239132
4239640
4240093
17409839
17413915
26752533
11112287
17413506
17414585
26752533
14724068
17411531
14724068
14724068
17411531
11111555
4248854
11111555
11111555
4248854
14732032
17387902
14732032
14732032
17387902
14722149
14722149
14722149
14722149
14722149
4248610
17403118
17410523
4248610
17403118
11110920
11111175
14744478
14745919
17414895
11110848
26752638
17387638
17409333
17409836
4247641
17387530
4247641
4247641
17387530
14745853
17414338
17416268
14745853
17414338
861781
4244188
17387462
17403588
861781
17387943
17387943
17387943
17387943
17387943
14721893
14733593
14737577
14740972
17402060
14735049
17388008
17415175
14735049
17388008
14736007
14743177
14736007
14736007
14743177
17401454
17402581
17401454
17401454
17402581
11113556
11113556
11113556
11113556
11113556
4242456
4252545
11111345
14740687
14742458
26752678
26752678
26752678
26752678
26752678
4254107
14724023
14724031
14736515
4254107
14739483
17406571
17412084
17413614
17413817
14734739
17385080
17408531
17409109
17410991
14741536
14741536
14741536
14741536
14741536
26752560
850283
857056
4244259
4246365
14724147
17402368
14724147
14724147
17402368
17388601
17403093
17414057
17388601
17403093
14732471
17401450
17411286
17412340
17413858
4248127
14735114
4248127
4248127
14735114
11111507
11111548
11111432
11112757
14721887
4247261
14745981
4247261
4247261
14745981
7976920
7976920
7976920
7976920
7976920
17409939
17409939
17409939
17409939
17409939
4245612
4248986
4252526
17385072
17385081
863576
14741366
863576
863576
14741366
4239202
4239698
4243362
17402296
17407068
26752711
17401917
17415978
26752711
17401917
865913
4247136
4252120
17410244
865913
4245647
14732937
4245647
4245647
14732937
862646
862646
862646
862646
862646
4242675
14737255
4242675
4242675
14737255
853529
4245512
17410393
17415601
853529
4253136
17414984
4253136
4253136
17414984
14727285
14727288
14727294
14744458
17411253
17406990
17406990
17406990
17406990
17406990
26752577
4253468
17402466
26752577
4253468
14745206
14745218
17402434
17408970
17409335
14743554
17402211
17411514
14743554
17402211
3714876
14722206
17415955
3714876
14722206
26752669
14726437
17384957
17385128
26752669
4248636
14723798
14741269
14744580
17411809
849292
4251869
14730920
17385084
849292
26752515
17412279
17414339
17415371
26752515
14745303
17401149
17406590
17406916
17412975
4241034
4241034
4241034
4241034
4241034
4252850
17410813
4252850
4252850
17410813
11110748
4246791
17385127
17410448
17411101
17387759
17411265
17387759
17387759
17411265
14745093
17402961
14745093
14745093
17402961
17409042
17409387
17409042
17409042
17409387
14724108
17413002
14724108
14724108
17413002
17407198
17414373
17407198
17407198
17414373
3712461
3712461
3712461
3712461
3712461
14732563
14732563
14732563
14732563
14732563
4251314
14723185
4251314
4251314
14723185
3712042
4246855
14726408
3712042
4246855
7975242
7975242
7975242
7975242
7975242
17406566
17406873
17406566
17406566
17406873
14741133
14741133
14741133
14741133
14741133
14727330
17407540
17410319
17414842
17416337
4237704
4237821
4237859
4237876
4238045
4248772
17387933
17414891
4248772
17387933
4238404
4239027
4239715
4240063
14744039
14737247
14742830
14743138
14737247
14742830
4247524
11113619
14722619
14732792
14735180
17401377
17416276
17401377
17401377
17416276
11113641
14744552
17387674
17388362
11113641
4254152
17387676
17402401
4254152
17387676
4242089
11114044
14737474
17415734
4242089
4244036
14722655
14743069
14744658
17408878
26752540
4244899
17411839
17412200
17412209
26752731
26752731
26752731
26752731
26752731
4240025
17408722
4240025
4240025
17408722
17401211
17401211
17401211
17401211
17401211
4249874
14731718
14741324
14745913
4249874
859689
14741392
859689
859689
14741392
4251354
17385133
17385141
17385148
17385155
17402392
17402392
17402392
17402392
17402392
17408947
17408947
17408947
17408947
17408947
4244708
4245749
4247451
4249080
14745309
11113961
14744849
11113961
11113961
14744849
858435
4244291
4254052
17414502
17414539
14726356
14726356
14726356
14726356
14726356
14745001
14745001
14745001
14745001
14745001
11111107
11113660
17408761
11111107
11113660
14721947
14721947
14721947
14721947
14721947
7973242
14740759
7973242
7973242
14740759
11113832
14726407
11113832
11113832
14726407
3715068
3716539
4242809
14727238
3715068
7977532
17412632
17413581
17415201
7977532
4245701
4245701
4245701
4245701
4245701
14745767
14745767
14745767
14745767
14745767
11114281
11114281
11114281
11114281
11114281
17408078
17413573
17408078
17408078
17413573
17402116
17410310
17402116
17402116
17410310
844118
17403288
17403489
844118
17403288
4245941
14734434
14744859
14745894
4245941
4253805
11114191
4253805
4253805
11114191
11111393
14745226
17407837
17409578
17410149
4238338
4240319
4238338
4238338
4240319
14735335
14735335
14735335
14735335
14735335
4252956
4253705
17387641
17402569
17407743
7976938
7978437
7976938
7976938
7978437
17386005
17386005
17386005
17386005
17386005
4242495
4249918
17407179
17416203
4242495
857531
17387584
17413006
17414122
17415678
11114251
14732943
11114251
11114251
14732943
11111504
11111504
11111504
11111504
11111504
846379
14740674
17403679
17413547
846379
11111310
11111828
11111826
14741538
17412939
4241531
17414790
4241531
4241531
17414790
4248974
17387482
17401159
17401262
4248974
14724066
17408679
17409787
17416232
14724066
3712357
3716063
4244148
14744211
17406569
17408915
17408915
17408915
17408915
17408915
11113572
14732934
14741016
14744392
11113572
4245288
4248728
4251506
14732051
17403398
14736725
14741004
14736725
14736725
14741004
17385063
17410437
17415251
17385063
17410437
858631
4252575
14726357
14744693
17402226
4248720
17402497
4248720
4248720
17402497
4244193
4248463
4253960
14734804
14735328
4253230
4253230
4253230
4253230
4253230
851134
4248987
17414727
851134
4248987
11114156
11114156
11114156
11114156
11114156
4245574
14742018
14743165
4245574
14742018
17402164
17402164
17402164
17402164
17402164
17402591
17402591
17402591
17402591
17402591
4239677
17406820
17412628
4239677
17406820
846890
14726400
846890
846890
14726400
4241360
14744343
17387908
4241360
14744343
11113079
14742364
11113079
11113079
14742364
7973477
14733895
14735008
14745416
17413371
4248354
14721847
14721874
14726046
17403318
4253312
4253312
4253312
4253312
4253312
4249667
14743573
4249667
4249667
14743573
11110952
14741575
17402943
17409372
11110952
4252511
4253746
14734341
4252511
4253746
14742816
14742816
14742816
14742816
14742816
3713065
14745984
3713065
3713065
14745984
4239912
11114240
17402562
17413202
17413204
860758
14744499
17401281
17406779
17406880
11113208
26752691
11114015
17406896
17406940
17387971
17415192
17415295
17415795
17387971
14732354
14735110
17408985
17415267
17416045
852933
14726064
852933
852933
14726064
4237840
4239696
4237840
4237840
4239696
17407306
17414366
17407306
17407306
17414366
4253409
17406974
17408932
4253409
17406974
17406786
17412052
17406786
17406786
17412052
17402067
17406870
17402067
17402067
17406870
4250357
11113491
17402733
4250357
11113491
11111168
14726413
17410389
11111168
14726413
17402131
17402257
17402462
17409518
17409964
849465
849465
849465
849465
849465
865162
14743984
865162
865162
14743984
17408611
17408611
17408611
17408611
17408611
14725996
14732472
14743546
14725996
14732472
3717932
17402001
17412145
3717932
17402001
4247361
4248214
14743815
17401961
4247361
14742252
14742252
14742252
14742252
14742252
26751332
26751332
26751332
26751332
26751332
14724099
17384997
17403519
14724099
17384997
11111452
17406647
11111452
11111452
17406647
11112239
11114027
11112239
11112239
11114027
4241589
14736074
17387888
17401118
17414660
14742484
17401424
17413643
17414424
17414751
4252558
17406863
17411881
4252558
17406863
4252365
17384947
17384955
17384977
17384984
4248694
4248694
4248694
4248694
4248694
17411536
17411536
17411536
17411536
17411536
861921
4238000
4238617
4248549
11112737
863062
17403417
863062
863062
17403417
858593
4244342
4245131
14726044
17408566
4247580
11112262
17384879
17384884
17384900
4252678
4252680
4252714
4253419
4253803
11112846
11112846
11112846
11112846
11112846
14743586
14743586
14743586
14743586
14743586
14732606
14732606
14732606
14732606
14732606
851770
4240670
4240779
7976787
17403651
4238136
4238143
4238474
4238865
4239218
14724079
14724079
14724079
14724079
14724079
14731682
17402172
17413590
14731682
17402172
7972303
17409672
17410434
7972303
17409672
17384986
4241437
11113676
14730364
14734801
17406709
17406709
17406709
17406709
17406709
14731753
17415221
14731753
14731753
17415221
11111832
4252495
17412925
17414814
11111832
11110686
14727293
14727295
14738607
17402441
14735717
17403486
17407448
14735717
17403486
846286
17406894
846286
846286
17406894
17402390
17414787
17402390
17402390
17414787
17402680
17408079
17402680
17402680
17408079
26752513
3712474
11113545
14741600
17384872
11113856
17387708
11113856
11113856
17387708
4238878
17401357
4238878
4238878
17401357
26752554
26752561
26752580
26752607
26752612
11112515
11112515
11112515
11112515
11112515
4252862
4252874
11110835
4252862
4252874
14738527
14743346
14738527
14738527
14743346
857272
17410376
857272
857272
17410376
4245059
17410834
4245059
4245059
17410834
14723744
17387491
17387746
17401156
14723744
17406614
17412608
17406614
17406614
17412608
14745317
17411327
14745317
14745317
17411327
11113123
4242412
17413492
11113123
4242412
17403298
17411504
17403298
17403298
17411504
14743993
14744993
17410547
14743993
14744993
4247546
4251188
14727160
14740814
14745122
850189
17406648
850189
850189
17406648
26752673
4250100
14722640
14737573
14745823
4244144
14731252
14745011
17387999
17401140
14724041
14741302
17401220
17413642
17414909
17416091
17416091
17416091
17416091
17416091
844043
4240489
4246471
4251905
14743553
17407075
17409316
17414363
17407075
17409316
4253794
17414518
4253794
4253794
17414518
4245155
11113800
17413695
4245155
11113800
11111273
11111273
11111273
11111273
11111273
3717861
4237487
4237559
4237759
4237993
11113683
11113683
11113683
11113683
11113683
3717960
3717960
3717960
3717960
3717960
4239093
4240244
4246678
4249273
14724135
3712355
14742169
14743497
3712355
14742169
17411012
17411932
17411012
17411012
17411932
14740895
14740895
14740895
14740895
14740895
4251279
4251279
4251279
4251279
4251279
4242708
17410200
17414587
4242708
17410200
4246897
4246897
4246897
4246897
4246897
14739371
17385276
14739371
14739371
17385276
4241102
14742326
17412024
4241102
14742326
4252697
4252697
4252697
4252697
4252697
11112654
14742172
17415931
11112654
14742172
4243337
17415571
4243337
4243337
17415571
7974447
17411003
17411421
7974447
17411003
14722196
14742564
14743096
14743216
17385187
17402084
17402084
17402084
17402084
17402084
11114258
14739744
11114258
11114258
14739744
11111167
4253477
17402359
17411874
11111167
4239164
17401693
4239164
4239164
17401693
4243993
4245487
14723667
14727247
14741098
17409257
17409257
17409257
17409257
17409257
4245737
11113698
11113997
14735333
17409992
4237917
4239155
4239492
4239890
14738507
4241079
7976208
14723789
14741086
14744360
14745942
14745942
14745942
14745942
14745942
11113075
4239900
17409972
11113075
4239900
3712414
3712414
3712414
3712414
3712414
4253593
14727194
17387552
17411744
17413575
4239347
4239347
4239347
4239347
4239347
14738820
14743377
17411347
14738820
14743377
26752629
26752665
14737571
17408254
17409773
848633
4237563
848633
848633
4237563
17387628
17401201
17406659
17387628
17401201
7977434
7977434
7977434
7977434
7977434
14727222
14727222
14727222
14727222
14727222
17387622
17409899
17410639
17411915
17387622
4239797
4248565
14731283
4239797
4248565
11114193
17407826
17413087
11114193
17407826
17410172
17410364
17410172
17410172
17410364
14735329
14736071
14744005
17414642
14735329
17413793
17413793
17413793
17413793
17413793
17387755
17403677
17406807
17408688
17411650
844782
3717397
14743665
17403314
844782
845245
4242953
17415903
845245
4242953
857377
4250361
857377
857377
4250361
17414857
17414857
17414857
17414857
17414857
14729731
14731141
14742557
17401471
17407094
17386118
17410270
17410278
17410402
17386118
11113129
11111829
11113129
11113129
11111829
14727063
17408869
17416017
14727063
17408869
4237532
4237781
4238007
4238282
4238511
4242792
17413282
4242792
4242792
17413282
4237845
4254131
17401876
4237845
4254131
17408864
17409946
17408864
17408864
17409946
4237982
4238277
4238746
4238850
4239733
14722916
17412881
14722916
14722916
17412881
4246782
14724043
17411986
17412088
17412104
17402301
17409192
17413192
17413631
17413776
17402366
17408310
17402366
17402366
17408310
17401183
17401311
17401183
17401183
17401311
17388475
17388475
17388475
17388475
17388475
4238127
7973436
14726088
14727306
17407793
859733
14726066
17402417
17409041
859733
17407246
17407631
17409926
17411692
17414033
11114216
11114216
11114216
11114216
11114216
7974448
7974448
7974448
7974448
7974448
17401137
17401212
17406815
17415055
17401137
26752517
26752553
3711650
4240843
7973139
17402285
17406735
17407349
17408962
17415724
4254165
4254165
4254165
4254165
4254165
4253853
17406663
4253853
4253853
17406663
4248167
14723765
4248167
4248167
14723765
17407130
17415662
17416186
17407130
17415662
4251706
11110962
17411248
4251706
11110962
14734767
17415342
14734767
14734767
17415342
14733941
14744453
14733941
14733941
14744453
14745588
14745588
14745588
14745588
14745588
4244065
4253577
14738950
4244065
4253577
844835
14741041
844835
844835
14741041
14745263
17387700
14745263
14745263
17387700
17409734
17409734
17409734
17409734
17409734
14723675
14740893
17413009
14723675
14740893
17385050
14742112
14742116
14742404
14743116
4252157
14723912
14726047
14734105
17402353
4251949
14726103
14730506
14743590
17407065
17387996
17409415
17415648
17387996
17409415
848762
14722468
14738616
848762
14722468
14738370
17413090
17413560
17414752
17415741
4247316
14741127
14745530
14745857
17387498
14741167
17385805
17402419
17409761
17410422
17409947
17409947
17409947
17409947
17409947
14734519
14734519
14734519
14734519
14734519
4252153
14737259
17406617
26750872
4252153
4241088
11113916
14727233
17412487
4241088
4237506
4237650
4237823
4237893
4238165
4237537
4237782
4237883
4238176
4238183
14745650
17385090
14745650
14745650
17385090
4238216
4238653
4238954
4238216
4238653
16953101
17408540
16953101
16953101
17408540
861945
4249916
861945
861945
4249916
845652
846659
847614
4246671
7972566
17415590
17415590
17415590
17415590
17415590
3715599
17401191
3715599
3715599
17401191
17385307
17385307
17385307
17385307
17385307
4253825
4253827
14735464
4253825
4253827
14744958
17406782
17408434
17411793
17411904
17387505
17387505
17387505
17387505
17387505
4248397
11113541
4248397
4248397
11113541
3712535
17409970
3712535
3712535
17409970
14734978
14740127
17387510
17387585
14734978
11113211
4252499
11113211
11113211
4252499
17403234
17403234
17403234
17403234
17403234
4252623
14743835
17402854
4252623
14743835
11113143
11113143
11113143
11113143
11113143
11113863
14741037
11113863
11113863
14741037
3715559
14741003
17401253
17413439
3715559
3713398
4246998
14732501
17412025
17414120
17401146
17401146
17401146
17401146
17401146
14737060
14742294
14744867
17386594
17401516
14740286
14740286
14740286
14740286
14740286
7972382
7972382
7972382
7972382
7972382
4242778
14731461
17387954
4242778
14731461
14742383
17403479
17410315
14742383
17403479
3714713
3714713
3714713
3714713
3714713
11111867
11111867
11111867
11111867
11111867
843813
848536
843813
843813
848536
4252819
14735107
14743175
17409894
4252819
17411387
17411387
17411387
17411387
17411387
17406796
17406796
17406796
17406796
17406796
7975616
17385082
17403361
17411994
17415210
14726324
17407829
14726324
14726324
17407829
26752453
26752456
26751109
26751110
26752453
4238713
4238785
17408828
4238713
4238785
11111756
11111756
11111756
11111756
11111756
14722620
14722620
14722620
14722620
14722620
4240280
4240280
4240280
4240280
4240280
848874
4237772
4238469
4238704
4239800
4241415
4245173
14724163
14732353
14745286
4248196
14743558
17406780
17416397
4248196
17414877
17414877
17414877
17414877
17414877
4246477
17403498
17414275
4246477
17403498
4246090
17385145
17385162
17385280
4246090
14735677
17387577
14735677
14735677
17387577
17408698
17408698
17408698
17408698
17408698
14733825
14735112
14740958
17402609
17409662
4245229
17402522
4245229
4245229
17402522
4242540
4249823
7973228
7973909
14730637
14740813
17412059
14740813
14740813
17412059
7972600
11114053
17409465
17410408
7972600
17385118
17385118
17385118
17385118
17385118
4239709
17412108
4239709
4239709
17412108
4254189
11110798
14731453
14745418
17402229
4252894
14734509
4252894
4252894
14734509
4240392
17416339
4240392
4240392
17416339
4237864
4237960
4238166
4239231
4240169
11113083
4249561
4252842
4253070
14744482
17407514
17407514
17407514
17407514
17407514
17385134
17385134
17385134
17385134
17385134
861546
4251837
14745996
17409248
17410863
4241007
14746025
4241007
4241007
14746025
26752605
26752610
14738197
26752605
26752610
14735069
14735069
14735069
14735069
14735069
11112235
11112235
11112235
11112235
11112235
14736953
17415148
14736953
14736953
17415148
4239293
17402339
4239293
4239293
17402339
4253759
14745478
4253759
4253759
14745478
4246294
17416150
4246294
4246294
17416150
4250318
14724165
26751162
4250318
14724165
11114199
17416234
11114199
11114199
17416234
11113869
17412214
11113869
11113869
17412214
853614
853614
853614
853614
853614
11114278
14723733
14744854
17387134
17387518
4248428
14726111
14740471
17414110
4248428
862506
4238099
4238245
4239305
4246039
17413732
17413732
17413732
17413732
17413732
4237718
4238569
4238788
17387540
17402244
14741595
17402298
14741595
14741595
17402298
14744774
14744774
14744774
14744774
14744774
4253324
17385661
4253324
4253324
17385661
17387962
17387962
17387962
17387962
17387962
17387542
17387580
17413517
17387542
17387580
17402678
17413322
17414624
17414993
17402678
17403675
17407077
17413152
17414633
17415840
17401190
17407395
17409895
17401190
17407395
14722168
14722168
14722168
14722168
14722168
14731457
14744735
14745775
17408868
17410045
4242640
17413194
4242640
4242640
17413194
842697
14741590
17387735
17387903
842697
4240828
17408990
4240828
4240828
17408990
843808
848062
3715858
4242937
14734164
11113194
11113194
11113194
11113194
11113194
14741663
14741663
14741663
14741663
14741663
4239686
4238375
4238703
4239951
14741194
4237841
14743094
17387536
4237841
14743094
14741126
14742562
17402455
17410300
14741126
14740875
14740875
14740875
14740875
14740875
14742683
14744383
17401456
17401869
17410413
4238570
4239728
11113498
14743412
14744642
14731994
14737405
14731994
14731994
14737405
17409547
17409547
17409547
17409547
17409547
14721907
17412011
14721907
14721907
17412011
14723741
14731961
14723741
14723741
14731961
14740975
17408692
14740975
14740975
17408692
4241373
14734938
17413859
4241373
14734938
847251
14737477
14745915
17387789
847251
3716458
3717536
4240634
4247677
17407707
4248584
17414492
4248584
4248584
17414492
14726294
17401855
14726294
14726294
17401855
4252963
4253480
4253880
11113739
14726006
4250031
14733826
4250031
4250031
14733826
17401172
17409280
17401172
17401172
17409280
11111845
11112887
14734448
11111845
11112887
4244484
4246162
11113837
17412039
4244484
4239673
4239673
4239673
4239673
4239673
859914
14726341
14744761
17411479
859914
14722704
14744776
14722704
14722704
14744776
864048
864048
864048
864048
864048
859796
14724133
859796
859796
14724133
17409754
17412197
17413370
17416085
17409754
4241952
4251983
7975646
17387788
17403264
4253988
14727246
4253988
4253988
14727246
4251114
17410108
4251114
4251114
17410108
4248188
17414817
4248188
4248188
17414817
4251514
4251514
4251514
4251514
4251514
17408777
17408777
17408777
17408777
17408777
14731500
14731500
14731500
14731500
14731500
863998
17411450
17415821
863998
17411450
4253269
4253269
4253269
4253269
4253269
14731219
17406748
17406756
17415729
14731219
4252324
4252324
4252324
4252324
4252324
3712364
3715494
4239404
4240627
4248285
17408154
17409715
17412450
17408154
17409715
11111041
11111512
14741503
14742667
17411599
846772
4241113
4243237
4245981
846772
4242655
4251889
14726409
14740686
17388614
14740735
17408122
17408624
17411816
17415546
17411918
17411918
17411918
17411918
17411918
4253472
851833
862310
4249458
14724662
7975125
17402807
17412095
7975125
17402807
843662
862915
4242070
4248700
14745870
7972294
14723898
17402640
17403391
17414674
26752681
14744602
17402320
26752681
14744602
4242051
14722941
14741662
14743379
4242051
14727206
14745786
17407188
17408842
17414629
859949
4250462
7977391
14727260
14744626
4238387
4238387
4238387
4238387
4238387
17409897
17409897
17409897
17409897
17409897
4252488
17412125
4252488
4252488
17412125
4254326
11111173
17409351
17409647
17410140
14744583
17411893
17411968
17411979
17412637
4237829
4238343
4238808
4239705
4239891
17409085
17409085
17409085
17409085
17409085
14745864
17413650
14745864
14745864
17413650
4244219
14743260
14743559
17387470
17414490
4245114
7976782
17406860
4245114
7976782
17387991
17410884
17387991
17387991
17410884
11113147
26752469
26752733
26752734
861075
17406957
17411668
17415249
17406957
17411668
4241126
4241150
14727237
17385098
17403475
11113253
11113303
11113306
846619
11110929
847619
14726071
17407252
847619
14726071
4244754
11112729
14742111
17385115
17411180
4242796
11111322
14745722
17401180
17408317
14722207
14732079
17407913
17409008
17415253
14724126
14732159
17409299
14724126
14732159
17408551
17408551
17408551
17408551
17408551
11111388
11114267
11111388
11111388
11114267
17409235
17409853
17409235
17409235
17409853
4252554
4253344
4253375
4252554
4253344
17406883
17406883
17406883
17406883
17406883
17387931
17387931
17387931
17387931
17387931
4248990
14740175
17407476
17414105
17415892
17388438
17388438
17388438
17388438
17388438
14738127
17401483
17406956
17409788
17411709
14742967
17406785
17412036
17413822
14742967
3712157
4249316
14741624
3712157
4249316
4238748
4239461
4240047
4240061
4240371
14737249
14742739
14737249
14737249
14742739
4250026
14733418
17406706
4250026
14733418
14741338
17401329
17412042
14741338
17401329
4244229
14742908
17387643
4244229
14742908
4240963
4241511
4246510
4249966
14723723
4252449
4252450
4252827
14726438
14730458
17413648
17413648
17413648
17413648
17413648
860196
860223
4249017
4249197
14742196
17385056
17387702
17385056
17385056
17387702
4238613
11110760
14727239
17403270
17413794
860207
4251896
11111206
11112833
14745040
852560
14723722
17412097
852560
14723722
859218
17384868
17384875
17384939
17384952
17413199
17413199
17413199
17413199
17413199
14738525
14738525
14738525
14738525
14738525
4253345
14737572
17410395
4253345
14737572
4253376
4253791
4253376
4253376
4253791
3713298
17411925
3713298
3713298
17411925
14723786
14745081
17413768
14723786
14745081
14726321
14726321
14726321
14726321
14726321
4251450
4251657
14727305
17385035
4251450
17401241
17401987
17407199
17414557
17414998
4252670
17402542
17403560
17409719
4252670
14723719
14723719
14723719
14723719
14723719
4250708
17409722
17410296
4250708
17409722
858812
14726349
858812
858812
14726349
4250001
4252063
14743170
4250001
4252063
4252791
14741300
17409025
4252791
14741300
860043
4245266
14737451
17402468
17403382
14724044
17413694
14724044
14724044
17413694
4245025
4245025
4245025
4245025
4245025
4243422
4252407
17410697
17415667
4243422
4249400
4251736
17385096
17385312
17385328
17407542
17408560
17407542
17407542
17408560
17403420
17403420
17403420
17403420
17403420
17385085
17385095
17385105
17385333
17406953
14745725
14745725
14745725
14745725
14745725
17385142
17385147
17385168
17385170
17385200
14727086
17407726
14727086
14727086
17407726
17403225
17410895
17403225
17403225
17410895
4262034
11111820
11112882
17403429
4262034
4251197
4253641
14722192
17387615
17409027
17401333
17407725
17401333
17401333
17407725
4253028
4253028
4253028
4253028
4253028
14744302
17412338
14744302
14744302
17412338
14722152
14722152
14722152
14722152
14722152
4249800
17385301
17413721
4249800
17385301
14732870
17415952
14732870
14732870
17415952
14740865
17387610
14740865
14740865
17387610
14742054
17414341
14742054
14742054
17414341
14741011
14741011
14741011
14741011
14741011
17402526
17402526
17402526
17402526
17402526
17409918
17410087
17410089
17409918
17410087
14742461
17409119
14742461
14742461
17409119
850554
850554
850554
850554
850554
17414300
17414300
17414300
17414300
17414300
11113607
11113947
17409906
11113607
11113947
4253106
26752434
17415603
4253106
26752434
4252700
14735504
17406761
17409064
4252700
11114134
11114134
11114134
11114134
11114134
14722625
17385234
26750870
14722625
17385234
14738495
17401845
14738495
14738495
17401845
14727218
14727218
14727218
14727218
14727218
17403543
17406912
17403543
17403543
17406912
11113924
17384916
11113924
11113924
17384916
11110814
11112825
11113589
11114131
17387707
3711783
17406910
3711783
3711783
17406910
14745788
17412858
14745788
14745788
17412858
11114047
17413638
11114047
11114047
17413638
14744470
14744470
14744470
14744470
14744470
17410156
17410156
17410156
17410156
17410156
17410240
17413899
17410240
17410240
17413899
4245001
4249123
14727273
17414726
17415994
4252752
14741438
14742110
14742160
4252752
4240587
4242014
4252933
14737407
14744119
4242623
17402876
17410001
4242623
17402876
14740359
17409999
14740359
14740359
17409999
4245127
17414345
4245127
4245127
17414345
4253651
17410679
4253651
4253651
17410679
4247163
17385130
17385131
17385151
17385157
17387742
17412422
17415217
17416136
17387742
14734081
17412924
17414146
14734081
17412924
14741062
14741062
14741062
14741062
14741062
17409175
17409175
17409175
17409175
17409175
4254374
4254374
4254374
4254374
4254374
17401467
17410990
17414312
17401467
17410990
4253081
4253081
4253081
4253081
4253081
26752507
17401116
17406967
17413084
17416122
4239672
17414160
4239672
4239672
17414160
4254043
17415293
4254043
4254043
17415293
17410020
17410020
17410020
17410020
17410020
17407999
17410491
17414556
17414673
17407999
14742136
17402236
17409821
14742136
17402236
3713981
17415474
3713981
3713981
17415474
14723852
14736820
14723852
14723852
14736820
14731297
17402111
17409863
14731297
17402111
17410061
17413847
17410061
17410061
17413847
17416236
17416236
17416236
17416236
17416236
4237693
4237904
4237934
4238239
4238755
11113662
11113662
11113662
11113662
11113662
17403488
17403488
17403488
17403488
17403488
17387904
17387904
17387904
17387904
17387904
11111769
4249134
14727172
14734579
17387604
14744320
17403483
14744320
14744320
17403483
17409969
17411372
17409969
17409969
17411372
11113684
14744555
11113684
11113684
14744555
14723887
17410657
17411767
17416250
14723887
4252856
14741376
4252856
4252856
14741376
11111526
4252753
4253501
11111526
4252753
14727157
14745117
14727157
14727157
14745117
14722202
17385011
17409696
14722202
17385011
4253478
17402954
17408942
4253478
17402954
865244
4243934
14726752
17407027
17407494
847355
14729372
17406577
17415723
847355
17401117
17402107
17402261
17402746
17401117
859865
3715881
4239380
4242618
4242719
14744479
14744479
14744479
14744479
14744479
14740773
14740773
14740773
14740773
14740773
4244564
4249697
4250651
14727323
17407950
4251500
14744590
17384896
17407358
4251500
14745959
14745959
14745959
14745959
14745959
7974056
17408872
7974056
7974056
17408872
4237490
14739749
14740181
4237490
14739749
11113089
4254155
11113089
11113089
4254155
4239145
4240297
14735501
14745547
17403312
4251986
7977783
14735445
14741400
17408180
14731049
14742815
14743496
14745092
14731049
11111349
11111349
11111349
11111349
11111349
14741084
14741085
17408266
14741084
14741085
856953
14722650
856953
856953
14722650
11114242
17413369
11114242
11114242
17413369
14727134
14734431
14740837
17414486
14727134
17401421
17406699
17406939
17408963
17401421
860508
17411796
860508
860508
17411796
17410237
17410366
17410237
17410237
17410366
4241831
17385332
4241831
4241831
17385332
11110710
11110730
11113465
11113469
11113496
17413554
17413554
17413554
17413554
17413554
4244500
4251678
14721896
14727215
14731450
4244940
14739045
14739942
17385026
17410677
17414298
17414298
17414298
17414298
17414298
14744595
14744595
14744595
14744595
14744595
4250513
4250513
4250513
4250513
4250513
4252755
14740976
14745229
4252755
14740976
4252848
17407074
4252848
4252848
17407074
17385089
17387522
17408402
17411183
17415481
858319
14743964
17408278
17408438
17409107
14737068
14740997
17412293
14737068
14740997
11114036
14723854
14726368
14745355
17403307
14741195
14741195
14741195
14741195
14741195
4253840
4253840
4253840
4253840
4253840
17413910
17413910
17413910
17413910
17413910
4248417
14723746
4248417
4248417
14723746
14745221
14745221
14745221
14745221
14745221
4254288
14742200
14743282
17410102
4254288
4250845
14734803
14745202
17387639
17407098
14740797
17403287
17403551
17407033
17408850
4241793
4243252
14745848
17415176
4241793
4247636
4247636
4247636
4247636
4247636
17406799
17416244
17406799
17406799
17416244
17410998
17413742
17415596
17410998
17413742
17402297
17412035
17402297
17402297
17412035
14727207
14737074
17402189
17402394
17415907
847923
4245095
7974225
14731240
14743505
11113966
14723683
14723734
14723770
14740296
845577
4238933
11113843
17387741
17407513
843611
847058
861640
14723697
14744365
4247838
14726726
17409227
17416148
4247838
17412992
17412992
17412992
17412992
17412992
14742392
14742392
14742392
14742392
14742392
17413415
17413415
17413415
17413415
17413415
4251655
17401408
4251655
4251655
17401408
14742195
14742195
14742195
14742195
14742195
17387900
17411785
17387900
17387900
17411785
17387624
17387624
17387624
17387624
17387624
17412045
17413562
17412045
17412045
17413562
14727299
17401445
14727299
14727299
17401445
14744472
14744472
14744472
14744472
14744472
17401912
17414304
17415358
17401912
17414304
843526
4240592
4242577
7974907
14731458
11113811
17385325
17387443
17413144
11113811
11111934
14724146
14734355
14744490
17407728
17385143
17385143
17385143
17385143
17385143
861506
861506
861506
861506
861506
4246248
11112384
14744434
17413720
4246248
4254389
4254389
4254389
4254389
4254389
14741617
14741617
14741617
14741617
14741617
861400
4238205
4238329
17403592
17406781
14735190
14735190
14735190
14735190
14735190
4247533
4250088
17407618
17410010
4247533
11111308
17411953
11111308
11111308
17411953
4244817
4252980
11113972
17413203
4244817
4251352
14742043
14744435
17413746
4251352
17411022
17411191
17411022
17411022
17411191
14726033
17414097
17415587
14726033
17414097
843295
17385108
17387924
17413625
843295
4253432
14731567
17406723
4253432
14731567
4237580
4239612
14738954
14745389
4237580
17406970
26751173
17406970
17406970
26751173
17406724
17406724
17406724
17406724
17406724
14743545
14743545
14743545
14743545
14743545
7975336
14742192
14745129
17409746
17411160
17409976
17414754
17409976
17409976
17414754
17387703
17402652
17406650
17409525
17387703
14722911
14745824
14722911
14722911
14745824
14733848
17401135
17401422
17414051
17415927
4252634
14726715
4252634
4252634
14726715
14744673
14744673
14744673
14744673
14744673
17408890
17408890
17408890
17408890
17408890
17406828
17406828
17406828
17406828
17406828
11111146
17385007
17385033
11111058
11111146
858482
858482
858482
858482
858482
14734700
17402586
17414881
14734700
17402586
17401239
17410263
17401239
17401239
17410263
851303
17386133
851303
851303
17386133
4251714
14723726
14726105
17407363
4251714
4244134
14745168
17401339
17413563
17415436
11111321
11112225
11113575
14733937
17385999
4242891
4247569
17403680
4242891
4247569
4244887
4248612
17402227
4244887
4248612
17410178
17414904
17415174
17416103
17410178
4240447
17415783
4240447
4240447
17415783
7977747
14722185
14745761
17409084
17411943
26752659
14723707
17387886
17403585
17410723
14732938
17402100
17403177
17411922
17413412
4237687
4238259
4239613
14723739
17403456
14741007
14741007
14741007
14741007
14741007
11111744
11111744
11111744
11111744
11111744
14744491
14744491
14744491
14744491
14744491
14731451
17406803
14731451
14731451
17406803
17407378
17407378
17407378
17407378
17407378
14724100
17384906
17384915
17403155
17408944
4242570
14722171
14743342
17407600
17408775
14734802
17402410
17406893
17407035
17412605
17413703
17413703
17413703
17413703
17413703
17403303
17406669
17411825
17413024
17403303
14724088
14724088
14724088
14724088
14724088
4249564
14727229
14734842
17402700
17409940
4243523
4244375
4243523
4243523
4244375
14738640
14744477
17401896
17408644
17408772
17408926
17408926
17408926
17408926
17408926
17411235
17411235
17411235
17411235
17411235
17387651
17415866
17387651
17387651
17415866
4250221
7973497
4250221
4250221
7973497
17407870
17407870
17407870
17407870
17407870
14742257
14743492
14742257
14742257
14743492
17411588
17411588
17411588
17411588
17411588
14740345
14745039
14745230
14740345
14745039
14730455
17403480
17406847
17408874
17411192
4245567
14745830
17409104
4245567
14745830
4241900
4241900
4241900
4241900
4241900
17401966
17401966
17401966
17401966
17401966
14734882
17415727
14734882
14734882
17415727
4249574
14733934
17410013
4249574
14733934
4250705
11113808
11114222
17413227
17413902
17409707
17409982
17409707
17409707
17409982
11111181
17406768
17408163
17408563
17411102
17410292
17414329
17415007
17410292
17414329
14735050
14735050
14735050
14735050
14735050
17401318
17401318
17401318
17401318
17401318
17403296
17413641
17403296
17403296
17413641
17403406
17415471
17403406
17403406
17415471
17415105
26750994
17415105
17415105
26750994
14745220
17401474
14745220
14745220
17401474
14735081
17402222
17403496
17408876
17412280
14743253
17402161
17407509
14743253
17402161
4237972
4238092
4239031
4239421
4239550
7978445
17410614
17413115
7978445
17410614
14735758
14738200
17414862
17415385
17415401
4254151
14745114
4254151
4254151
14745114
14732667
14732667
14732667
14732667
14732667
14726031
14737075
17412078
14726031
14737075
864964
14730624
14742693
864964
14730624
14745610
14745610
14745610
14745610
14745610
865579
14724124
17415114
865579
14724124
17409879
17409879
17409879
17409879
17409879
11114239
14732883
14744000
14745799
17409390
4246836
17388011
17402250
17406589
4246836
17406673
17406673
17406673
17406673
17406673
17411880
17411880
17411880
17411880
17411880
14737415
17409236
17412198
17415302
17415611
4250129
4250129
4250129
4250129
4250129
853202
17406891
853202
853202
17406891
14730875
14730875
14730875
14730875
14730875
17414262
17414262
17414262
17414262
17414262
14744714
17409914
14744714
14744714
17409914
11111783
17411199
11111783
11111783
17411199
17411184
17411296
17411184
17411184
17411296
14727155
14745717
17408806
17410889
14727155
4238958
4239927
4238958
4238958
4239927
17402903
17406857
17410217
17414315
17402903
11111733
17407575
11111733
11111733
17407575
11111547
11112789
14727267
17413988
17414540
4244010
17413857
4244010
4244010
17413857
17402278
17402973
17410585
17412075
17414584
17415854
17415854
17415854
17415854
17415854
4265494
14737416
17406638
17416371
4265494
4245444
14744837
14745171
17403580
17413699
14742346
14742346
14742346
14742346
14742346
14741449
17409661
14741449
14741449
17409661
17403082
17403082
17403082
17403082
17403082
17407794
17407794
17407794
17407794
17407794
847542
14736646
17413076
847542
14736646
11111297
11114144
11111297
11111297
11114144
4252830
14742322
4252830
4252830
14742322
4246165
4252619
4246165
4246165
4252619
4252704
4252703
17401881
4252704
4252703
4252460
4253776
11112883
11114129
14734986
14723995
14732599
17415329
14723995
14732599
11111687
11113632
11113702
11111687
11113632
26752627
14731983
17412089
26752627
14731983
14739423
26751153
14739423
14739423
26751153
14741006
14741642
14743252
14743565
17387538
4238220
14742146
14745177
4238220
14742146
14725999
14725999
14725999
14725999
14725999
14744620
17411271
17416029
14744620
17411271
17402677
17407953
17409186
17402677
17407953
4253518
11114135
14739420
17414371
4253518
14745850
17415442
14745850
14745850
17415442
4248739
17387804
4248739
4248739
17387804
7974256
7974256
7974256
7974256
7974256
17401155
17401155
17401155
17401155
17401155
17409604
17410726
17409604
17409604
17410726
4244777
4249445
14721871
17385086
17408638
863013
4237516
4244016
4245496
4248182
4253217
4253217
4253217
4253217
4253217
4248659
4249263
14726090
4248659
4249263
26752671
14734962
14739697
17384869
17384871
17387468
17387468
17387468
17387468
17387468
4250180
14724158
14731985
14734576
14744085
14723709
17402346
14723709
14723709
17402346
4253866
11113990
14722635
4253866
11113990
4241754
17402706
17409356
17413790
4241754
845632
17401316
17407331
17413019
17413040
26750919
26750934
26750919
26750919
26750934
4246287
4246287
4246287
4246287
4246287
4237654
17413129
17413391
4237654
17413129
4245312
4249912
17408407
4245312
4249912
11113092
11113092
11113092
11113092
11113092
852761
852761
852761
852761
852761
4253146
4253146
4253146
4253146
4253146
17409250
17409250
17409250
17409250
17409250
14735444
17406596
17406599
17406611
17411152
14737583
14737583
14737583
14737583
14737583
17409944
17409944
17409944
17409944
17409944
4252465
4252472
4252465
4252465
4252472
17412423
17414451
17412423
17412423
17414451
11112516
14745156
17402504
17409268
17412239
14741751
14744447
14745957
17386135
17409403
17410247
17410597
17411336
17410247
17410597
17401248
17402543
17401248
17401248
17402543
4252282
14745112
17385053
17385122
17402021
17411187
17411187
17411187
17411187
17411187
14744908
14744908
14744908
14744908
14744908
852799
14742161
17406862
17416140
852799
4237791
4240389
4237791
4237791
4240389
14745962
17406713
17408952
14745962
17406713
11111362
14729201
14729949
14743564
11111362
17411280
17411338
17411280
17411280
17411338
4247785
17385066
17413671
17414277
17414662
17414793
17414793
17414793
17414793
17414793
14737448
17406720
14737448
14737448
17406720
14723060
14726446
17408479
17412144
17413077
4237609
4238379
4238869
4238951
4239076
17387896
17416021
17387896
17387896
17416021
14740939
17407819
14740939
14740939
17407819
11114238
17385017
11114238
11114238
17385017
14739413
14739413
14739413
14739413
14739413
14740424
14745731
17412099
17415599
14740424
4251336
4251688
4251336
4251336
4251688
17407307
17411895
17407307
17407307
17411895
14743378
14743378
14743378
14743378
14743378
17408383
17410563
17408383
17408383
17410563
17387920
17387920
17387920
17387920
17387920
11113710
17386591
11113710
11113710
17386591
4241367
4243328
4248035
4251786
17402531
4246300
14732942
17410086
17410940
17411853
14727198
14731586
17402772
14727198
14731586
14721848
14735451
17407857
17414111
14721848
17410791
17414691
17410791
17410791
17414691
11111572
17406592
11111572
11111572
17406592
17402043
17402043
17402043
17402043
17402043
17406597
17407615
17413091
17406597
17407615
14738073
14740757
14742401
17387766
17387828
17403492
17409600
17409680
17403492
17409600
14721905
14727076
17413156
14721905
14727076
17408886
17408886
17408886
17408886
17408886
4249447
14744551
14745943
4249447
14744551
17411966
17416181
17411966
17411966
17416181
17406629
17406629
17406629
17406629
17406629
17387465
17406602
17406809
17406934
17407936
4253000
4253696
4253712
14723858
17406636
4238182
851466
4237847
4237905
4238039
17402505
17407290
17411937
17413356
17414723
17413215
17413215
17413215
17413215
17413215
4247608
17402636
17411765
4247608
17402636
14738126
17387621
17401351
17403166
17406675
4252972
4253195
17410838
4252972
4253195
26752604
4248391
11111123
17403468
17411401
17411585
17411585
17411585
17411585
17411585
17408547
17409007
17412945
17415316
17408547
26751172
26751172
26751172
26751172
26751172
4246741
4246741
4246741
4246741
4246741
14727137
14734490
14744695
17387648
17402667
14736520
17409306
17411863
14736520
17409306
14744773
14745316
17416256
14744773
14745316
852016
4243953
14722649
17385732
17385997
14723841
14723841
14723841
14723841
14723841
14741144
17413046
14741144
14741144
17413046
4237749
17413463
4237749
4237749
17413463
14745073
14745073
14745073
14745073
14745073
4249175
17410012
17411059
17411706
4249175
17387762
17414595
17387762
17387762
17414595
4253054
4253054
4253054
4253054
4253054
3712307
3717951
4244810
14732429
14742824
11111389
4248818
11114228
14722164
14737424
7977090
14726414
17408975
17414335
17416005
11111394
14727242
17406858
11111394
14727242
17385801
17385801
17385801
17385801
17385801
17410378
17410378
17410378
17410378
17410378
4254433
17387914
17387993
17414526
4254433
4252866
17402247
17414821
4252866
17402247
17414334
17414334
17414334
17414334
17414334
17406600
17406600
17406600
17406600
17406600
4253131
17387497
17402436
17406610
17411295
4242247
17414353
17415018
4242247
17414353
14744585
17409778
17412181
17413519
17413839
4248764
14727249
4248764
4248764
14727249
17401531
17401531
17401531
17401531
17401531
17408800
17412029
17413576
17408800
17412029
17403226
17403226
17403226
17403226
17403226
11113817
14724131
11113817
11113817
14724131
4237482
4237489
4237735
4237866
4237918
11113484
17402335
17406941
17411268
11113484
14741791
17406824
14741791
14741791
17406824
17385070
17415077
17385070
17385070
17415077
17408616
17411775
17408616
17408616
17411775
4252517
4252517
4252517
4252517
4252517
11111814
17401134
11111814
11111814
17401134
17414271
17416145
17414271
17414271
17416145
17411909
17413250
17413850
17411909
17413250
14740121
14745113
14740121
14740121
14745113
4242830
14734982
17384882
17384912
4242830
14726034
14726034
14726034
14726034
14726034
11114230
17413228
11114230
11114230
17413228
4242019
11114082
17401261
17401402
17413092
17401113
17409531
17401113
17401113
17409531
17401319
26751158
17401319
17401319
26751158
14737445
17385052
17385055
17385104
17415867
11112169
11112169
11112169
11112169
11112169
4238900
4239537
4238900
4238900
4239537
14734107
17385048
14734107
14734107
17385048
4244968
17413646
17416092
4244968
17413646
14743319
14743319
14743319
14743319
14743319
4247689
4248663
14735091
17402350
17407260
11114209
11114209
11114209
11114209
11114209
845406
14721908
14727216
14743140
17387661
14735716
17414824
14735716
14735716
17414824
14741616
17402416
14741616
14741616
17402416
851015
4237658
4239928
4240174
14721868
17408211
17408211
17408211
17408211
17408211
17408514
17409961
17408514
17408514
17409961
