11113285
11113285
11113285
11113285
11113285
11111310
11111310
11111310
11111310
11111310
844085
844085
844085
844085
844085
4238267
4238267
4238267
4238267
4238267
11113129
11113129
11113129
11113129
11113129
11113224
4252707
11113224
11113224
4252707
4245122
4245122
4245122
4245122
4245122
4238079
4240359
4238079
4238079
4240359
4239968
4239968
4239968
4239968
4239968
11114281
11114281
11114281
11114281
11114281
849465
849465
849465
849465
849465
4242520
4242520
4242520
4242520
4242520
852933
852933
852933
852933
852933
11113266
11113266
11113266
11113266
11113266
11111157
11111157
11111157
11111157
11111157
11112239
11112239
11112239
11112239
11112239
4238315
4238934
4238315
4238315
4238934
11111273
11111273
11111273
11111273
11111273
11111303
11111303
11111303
11111303
11111303
11114228
11114228
11114228
11114228
11114228
11112519
11112519
11112519
11112519
11112519
846619
846619
846619
846619
846619
4238114
4238114
4238114
4238114
4238114
4238428
4238908
4238428
4238428
4238908
4238150
4239146
4240231
4238150
4239146
11112513
11112513
11112513
11112513
11112513
11111754
11111754
11111754
11111754
11111754
4240411
4240411
4240411
4240411
4240411
4238893
4238893
4238893
4238893
4238893
4238312
4238357
4240049
4240104
4238312
4238594
4238594
4238594
4238594
4238594
11110978
11110978
11110978
11110978
11110978
4238411
4238411
4238411
4238411
4238411
4237563
4237563
4237563
4237563
4237563
4238074
4238074
4238074
4238074
4238074
4252557
4252557
4252557
4252557
4252557
11111321
11111321
11111321
11111321
11111321
4244564
4244564
4244564
4244564
4244564
4239756
4239756
4239756
4239756
4239756
11111372
11111372
11111372
11111372
11111372
11113556
11113556
11113556
11113556
11113556
4237719
4237879
4237719
4237719
4237879
11112711
11112724
11112711
11112711
11112724
11113663
11113663
11113663
11113663
11113663
14722641
14722641
14722641
14722641
14722641
847355
847355
847355
847355
847355
4253277
4253277
4253277
4253277
4253277
4254197
4254197
4254197
4254197
4254197
11111357
11111847
11112643
11112750
11111357
4237566
4238493
4237566
4237566
4238493
11113620
11113620
11113620
11113620
11113620
11113138
11112540
11113138
11113138
11112540
852761
852761
852761
852761
852761
14745414
14745414
14745414
14745414
14745414
11114100
11114100
11114100
11114100
11114100
11111391
11113494
11111391
11111391
11113494
11113972
11113972
11113972
11113972
11113972
4239347
4239347
4239347
4239347
4239347
4253055
4253055
4253055
4253055
4253055
11111127
11111127
11111127
11111127
11111127
11113152
11113152
11113152
11113152
11113152
4238391
4238391
4238391
4238391
4238391
4250101
4250101
4250101
4250101
4250101
4238130
4238130
4238130
4238130
4238130
11113089
11113089
11113089
11113089
11113089
14727156
14727156
14727156
14727156
14727156
11111146
11111146
11111146
11111146
11111146
4253931
4253931
4253931
4253931
4253931
4238534
4239954
4238534
4238534
4239954
848536
848536
848536
848536
848536
11112372
11112372
11112372
11112372
11112372
861899
861899
861899
861899
861899
11113155
11113212
11112260
11113155
11113212
4237751
4237751
4237751
4237751
4237751
11110694
11110694
11110694
11110694
11110694
17406953
17406953
17406953
17406953
17406953
4244413
4244413
4244413
4244413
4244413
11112786
11112786
11112786
11112786
11112786
14735114
14735114
14735114
14735114
14735114
11113364
11113364
11113364
11113364
11113364
17388475
17388475
17388475
17388475
17388475
11113333
11113333
11113333
11113333
11113333
3715149
3715149
3715149
3715149
3715149
7972806
11111452
7972806
7972806
11111452
4242495
4242495
4242495
4242495
4242495
4252781
4252781
4252781
4252781
4252781
4237711
4237883
4238857
4240419
4237711
17409999
17409999
17409999
17409999
17409999
4252711
4252711
4252711
4252711
4252711
4238000
4238000
4238000
4238000
4238000
17414727
17414727
17414727
17414727
17414727
17403206
17403206
17403206
17403206
17403206
17401374
17401374
17401374
17401374
17401374
11112319
11112319
11112319
11112319
11112319
860967
860967
860967
860967
860967
4254107
4254107
4254107
4254107
4254107
11111814
11114007
11111814
11111814
11114007
11112688
11112688
11112688
11112688
11112688
861762
861762
861762
861762
861762
11111645
11111685
11111645
11111645
11111685
4253130
11110921
4253130
4253130
11110921
4238485
4239115
4239424
4238485
4239115
4253799
4253799
4253799
4253799
4253799
4253034
4253034
4253034
4253034
4253034
4252714
4252714
4252714
4252714
4252714
14745040
14745040
14745040
14745040
14745040
11111927
11110892
11111927
11111927
11110892
11111082
11113759
11111082
11111082
11113759
4253988
4253988
4253988
4253988
4253988
14743984
14743984
14743984
14743984
14743984
11113131
11113142
11111707
11113131
11113142
4237550
4237550
4237550
4237550
4237550
11113253
11113253
11113253
11113253
11113253
14744434
14744434
14744434
14744434
14744434
11111940
11111940
11111940
11111940
11111940
4237803
4237803
4237803
4237803
4237803
4253753
11110990
11111664
11111873
11112541
14726691
14726691
14726691
14726691
14726691
4265800
4265800
4265800
4265800
4265800
17412632
17412632
17412632
17412632
17412632
4238819
4238819
4238819
4238819
4238819
11111373
11111373
11111373
11111373
11111373
4238449
4239632
4238449
4238449
4239632
26752410
26752410
26752410
26752410
26752410
7975336
7975336
7975336
7975336
7975336
11113830
11113887
11113830
11113830
11113887
11111318
11111318
11111318
11111318
11111318
26752634
26752634
26752634
26752634
26752634
11111954
11111954
11111954
11111954
11111954
26752601
26752601
26752601
26752601
26752601
11111838
11111838
11111838
11111838
11111838
17385007
17385050
17385007
17385007
17385050
14741041
14741041
14741041
14741041
14741041
11113514
11113514
11113514
11113514
11113514
11113686
11113686
11113686
11113686
11113686
11114267
11114267
11114267
11114267
11114267
11114162
11114162
11114162
11114162
11114162
4237735
4238049
4238259
4237735
4238049
11113710
11113718
11113710
11113710
11113718
4252703
4252703
4252703
4252703
4252703
11113794
11113794
11113794
11113794
11113794
26751332
26751332
26751332
26751332
26751332
4247533
4247533
4247533
4247533
4247533
11111526
11111526
11111526
11111526
11111526
11113831
11113831
11113831
11113831
11113831
4253054
4253054
4253054
4253054
4253054
4252680
4252680
4252680
4252680
4252680
11112600
11112600
11112600
11112600
11112600
4253853
4253853
4253853
4253853
4253853
17384982
17384982
17384982
17384982
17384982
11113176
11113286
11111442
11112255
11112425
4239604
4239604
4239604
4239604
4239604
11111412
11111412
11111412
11111412
11111412
14735451
14735451
14735451
14735451
14735451
11113954
11113954
11113954
11113954
11113954
11111944
11111944
11111944
11111944
11111944
4238841
4239305
4240275
4238841
4239305
14745129
14745129
14745129
14745129
14745129
4253651
4253651
4253651
4253651
4253651
4238107
4238107
4238107
4238107
4238107
11111159
11111159
11111159
11111159
11111159
17412206
17412206
17412206
17412206
17412206
4238223
4238223
4238223
4238223
4238223
14732471
14732471
14732471
14732471
14732471
4242891
4242891
4242891
4242891
4242891
863506
863506
863506
863506
863506
17408549
17408549
17408549
17408549
17408549
11113848
11113848
11113848
11113848
11113848
14741028
14741028
14741028
14741028
14741028
17413199
17413199
17413199
17413199
17413199
17408453
17408453
17408453
17408453
17408453
11113632
11113632
11113632
11113632
11113632
11113082
11113082
11113082
11113082
11113082
11110964
11110964
11110964
11110964
11110964
17387799
17387799
17387799
17387799
17387799
11112918
11112918
11112918
11112918
11112918
17416364
17416364
17416364
17416364
17416364
17385128
17385128
17385128
17385128
17385128
17413732
17413732
17413732
17413732
17413732
4237807
4237807
4237807
4237807
4237807
4240129
4240129
4240129
4240129
4240129
11114282
11114282
11114282
11114282
11114282
11112912
11112912
11112912
11112912
11112912
14726376
14726376
14726376
14726376
14726376
11110822
11110822
11110822
11110822
11110822
4253946
4253946
4253946
4253946
4253946
4247338
4247338
4247338
4247338
4247338
4248274
4248274
4248274
4248274
4248274
17408439
17408439
17408439
17408439
17408439
11113683
11113683
11113683
11113683
11113683
14723715
14723715
14723715
14723715
14723715
4254337
4254337
4254337
4254337
4254337
853124
17408728
853124
853124
17408728
11112754
11112754
11112754
11112754
11112754
14741399
14741399
14741399
14741399
14741399
17407636
17407638
17409187
17407636
17407638
11112680
11112695
11112744
11112813
11112680
4252845
4252845
4252845
4252845
4252845
14726438
14726438
14726438
14726438
14726438
14741648
14741648
14741648
14741648
14741648
14724169
14724169
14724169
14724169
14724169
4254126
4254126
4254126
4254126
4254126
11113726
11113726
11113726
11113726
11113726
4244463
4244463
4244463
4244463
4244463
4253789
4253789
4253789
4253789
4253789
4246125
4246125
4246125
4246125
4246125
4252460
4252855
4252460
4252460
4252855
4253846
4253846
4253846
4253846
4253846
7973909
7973909
7973909
7973909
7973909
17401262
17401262
17401262
17401262
17401262
4237962
4238976
4239041
4237962
4238976
11113571
11113571
11113571
11113571
11113571
4254331
4254331
4254331
4254331
4254331
4253063
4253063
4253063
4253063
4253063
17403295
17403295
17403295
17403295
17403295
26752733
26752733
26752733
26752733
26752733
17410108
17410108
17410108
17410108
17410108
4253450
4253450
4253450
4253450
4253450
4253708
4253708
4253708
4253708
4253708
14732864
14732864
14732864
14732864
14732864
14736725
14741004
14736725
14736725
14741004
4253488
4253488
4253488
4253488
4253488
4247785
4247785
4247785
4247785
4247785
11111312
11111312
11111312
11111312
11111312
858981
858981
858981
858981
858981
4238704
4238704
4238704
4238704
4238704
17407306
17407306
17407306
17407306
17407306
4252840
4252840
4252840
4252840
4252840
11111364
11113947
11111364
11111364
11113947
17415978
17415978
17415978
17415978
17415978
17414518
17414518
17414518
17414518
17414518
26752554
26752554
26752554
26752554
26752554
14745870
14745870
14745870
14745870
14745870
17385250
17385266
17385250
17385250
17385266
849137
849137
849137
849137
849137
4239981
4239981
4239981
4239981
4239981
14738616
14738616
14738616
14738616
14738616
14744481
14744481
14744481
14744481
14744481
4252673
4253975
4252673
4252673
4253975
14726715
14726715
14726715
14726715
14726715
4252558
4252558
4252558
4252558
4252558
14744846
14744846
14744846
14744846
14744846
11112554
11112554
11112554
11112554
11112554
4252598
4252598
4252598
4252598
4252598
14730359
14730359
14730359
14730359
14730359
11114274
11114274
11114274
11114274
11114274
17408511
17408511
17408511
17408511
17408511
11111820
11111820
11111820
11111820
11111820
11114209
11114209
11114209
11114209
11114209
11113236
11112903
11113236
11113236
11112903
11113669
11113669
11113669
11113669
11113669
11111142
11111142
11111142
11111142
11111142
11113569
11113569
11113569
11113569
11113569
11111107
11111252
11111107
11111107
11111252
4253395
4253395
4253395
4253395
4253395
4237840
4239689
4237840
4237840
4239689
11113297
11113298
11113299
11113297
11113298
4238221
4238221
4238221
4238221
4238221
4252601
4252601
4252601
4252601
4252601
11114222
11114222
11114222
11114222
11114222
14732561
14732561
14732561
14732561
14732561
11110805
11110805
11110805
11110805
11110805
14741792
14741792
14741792
14741792
14741792
11114019
11114019
11114019
11114019
11114019
26752659
26752659
26752659
26752659
26752659
4243013
4243013
4243013
4243013
4243013
14727057
14727147
14727057
14727057
14727147
17384978
17384978
17384978
17384978
17384978
4242466
4242466
4242466
4242466
4242466
17402789
17409843
17402789
17402789
17409843
4246446
4246446
4246446
4246446
4246446
11112123
11112123
11112123
11112123
11112123
14725999
14725999
14725999
14725999
14725999
11111250
11111250
11111250
11111250
11111250
17410600
17410600
17410600
17410600
17410600
11111023
11111023
11111023
11111023
11111023
4253324
4253324
4253324
4253324
4253324
17402218
17402218
17402218
17402218
17402218
11113245
11111378
11113245
11113245
11111378
17414924
17414924
17414924
17414924
17414924
4237663
4238802
4239841
4239948
4237663
11113531
11113531
11113531
11113531
11113531
17415267
17415267
17415267
17415267
17415267
11113832
11113832
11113832
11113832
11113832
4238044
4238646
4238708
4239117
4239566
11114146
11114146
11114146
11114146
11114146
17409707
17409707
17409707
17409707
17409707
17414748
17414748
17414748
17414748
17414748
11114135
11114135
11114135
11114135
11114135
4237758
4237758
4237758
4237758
4237758
17412608
17412608
17412608
17412608
17412608
17407600
17407600
17407600
17407600
17407600
4249445
4249445
4249445
4249445
4249445
7972667
7972667
7972667
7972667
7972667
11111295
11111295
11111295
11111295
11111295
4245019
4245019
4245019
4245019
4245019
11113770
11113770
11113770
11113770
11113770
11111179
11111179
11111179
11111179
11111179
11113617
11113617
11113617
11113617
11113617
14743916
14743916
14743916
14743916
14743916
17413528
17413528
17413528
17413528
17413528
14742432
14742432
14742432
14742432
14742432
4253263
4253263
4253263
4253263
4253263
11112197
11112197
11112197
11112197
11112197
14731076
14731076
14731076
14731076
14731076
17414640
17414640
17414640
17414640
17414640
14741503
14741503
14741503
14741503
14741503
14739051
14739051
14739051
14739051
14739051
4243362
4243362
4243362
4243362
4243362
11111105
11111105
11111105
11111105
11111105
11112468
11112468
11112468
11112468
11112468
14726060
14726060
14726060
14726060
14726060
11111567
11111567
11111567
11111567
11111567
11111504
11111504
11111504
11111504
11111504
14723845
14723845
14723845
14723845
14723845
4238227
4239409
4240030
4238227
4239409
11112580
11112580
11112580
11112580
11112580
11111779
11111779
11111779
11111779
11111779
11111359
11111359
11111359
11111359
11111359
11111420
11111420
11111420
11111420
11111420
4238158
4238158
4238158
4238158
4238158
17406910
17406910
17406910
17406910
17406910
17407594
17407594
17407594
17407594
17407594
4238137
4238137
4238137
4238137
4238137
11114219
11114219
11114219
11114219
11114219
17403488
17403488
17403488
17403488
17403488
26752734
26752734
26752734
26752734
26752734
17413845
17413845
17413845
17413845
17413845
17387855
17387855
17387855
17387855
17387855
860472
860472
860472
860472
860472
17384944
17384944
17384944
17384944
17384944
17415249
17415249
17415249
17415249
17415249
11112116
11112116
11112116
11112116
11112116
17414144
17414144
17414144
17414144
17414144
3712493
3712493
3712493
3712493
3712493
11114231
11114231
11114231
11114231
11114231
11111451
11112640
11111451
11111451
11112640
3712461
3712461
3712461
3712461
3712461
17407730
17407730
17407730
17407730
17407730
4238277
4238277
4238277
4238277
4238277
4240028
4240028
4240028
4240028
4240028
4238102
4238102
4238102
4238102
4238102
17385061
17385061
17385061
17385061
17385061
17415246
17415246
17415246
17415246
17415246
17409896
17409896
17409896
17409896
17409896
11111952
11112888
11111952
11111952
11112888
14745294
14745294
14745294
14745294
14745294
11111509
11114266
11111509
11111509
11114266
17407230
17407230
17407230
17407230
17407230
11111416
11111416
11111416
11111416
11111416
14734107
14734107
14734107
14734107
14734107
17384934
17384934
17384934
17384934
17384934
11113551
11113551
11113551
11113551
11113551
17385812
17385812
17385812
17385812
17385812
17408842
17408842
17408842
17408842
17408842
14738507
14738507
14738507
14738507
14738507
11113510
11113510
11113510
11113510
11113510
17411925
17411925
17411925
17411925
17411925
4238209
4238502
4238209
4238209
4238502
11112768
11112768
11112768
11112768
11112768
11113700
11113700
11113700
11113700
11113700
14722619
14722619
14722619
14722619
14722619
11112233
11112233
11112233
11112233
11112233
17401900
17401900
17401900
17401900
17401900
4238850
4239901
4238850
4238850
4239901
14743342
14743342
14743342
14743342
14743342
4240170
4240170
4240170
4240170
4240170
14745717
14745717
14745717
14745717
14745717
11111058
11111058
11111058
11111058
11111058
17384941
17384941
17384941
17384941
17384941
11111002
11111002
11111002
11111002
11111002
11114240
11114240
11114240
11114240
11114240
4245567
4245567
4245567
4245567
4245567
17409918
17409918
17409918
17409918
17409918
17414626
17414626
17414626
17414626
17414626
11112691
11112691
11112691
11112691
11112691
17416085
17416085
17416085
17416085
17416085
4244903
4244903
4244903
4244903
4244903
11111583
11111583
11111583
11111583
11111583
14744625
14744625
14744625
14744625
14744625
4252841
4252841
4252841
4252841
4252841
4237753
4237753
4237753
4237753
4237753
4240587
4240587
4240587
4240587
4240587
17414691
17414691
17414691
17414691
17414691
17415412
17415412
17415412
17415412
17415412
17407674
17407674
17407674
17407674
17407674
4254288
4254288
4254288
4254288
4254288
11114248
11114248
11114248
11114248
11114248
14744859
14744859
14744859
14744859
14744859
11112882
11112882
11112882
11112882
11112882
4252359
4252359
4252359
4252359
4252359
4237859
4237876
4238039
4238730
4238911
11110870
11110870
11110870
11110870
11110870
4237491
4237537
4238121
4238727
4239248
17414940
17414940
17414940
17414940
17414940
4237944
4237944
4237944
4237944
4237944
14740127
14740127
14740127
14740127
14740127
4253344
4253375
4253376
4253344
4253375
14738123
14738123
14738123
14738123
14738123
11111319
11111319
11111319
11111319
11111319
11113928
11113928
11113928
11113928
11113928
17402100
17402100
17402100
17402100
17402100
11111308
11111308
11111308
11111308
11111308
17415461
17415461
17415461
17415461
17415461
11111355
11111355
11111355
11111355
11111355
17406597
17406597
17406597
17406597
17406597
11113469
11113469
11113469
11113469
11113469
14735758
14735758
14735758
14735758
14735758
17415906
17415906
17415906
17415906
17415906
17403429
17403429
17403429
17403429
17403429
17414694
17414694
17414694
17414694
17414694
4252697
4252698
4252697
4252697
4252698
11114044
11114044
11114044
11114044
11114044
17409730
17409730
17409730
17409730
17409730
17387581
17387581
17387581
17387581
17387581
17406974
17406974
17406974
17406974
17406974
4238154
4238287
4238403
4238154
4238287
14740889
14740889
14740889
14740889
14740889
11113660
11113660
11113660
11113660
11113660
11113179
11113179
11113179
11113179
11113179
17384999
17384999
17384999
17384999
17384999
4237487
4239052
4237487
4237487
4239052
11113951
11113951
11113951
11113951
11113951
4253776
4253776
4253776
4253776
4253776
17407618
17407618
17407618
17407618
17407618
17403226
17403226
17403226
17403226
17403226
4253960
4253960
4253960
4253960
4253960
4250265
4250265
4250265
4250265
4250265
4237904
4237940
4238134
4238165
4238848
17402359
17402359
17402359
17402359
17402359
4240005
4240005
4240005
4240005
4240005
17385033
17385033
17385033
17385033
17385033
11112704
11112704
11112704
11112704
11112704
11113485
11113486
11113485
11113485
11113486
11113546
11113546
11113546
11113546
11113546
14723808
14723808
14723808
14723808
14723808
14741276
14741276
14741276
14741276
14741276
17406637
17406637
17406637
17406637
17406637
17385054
17385054
17385054
17385054
17385054
4238356
4239677
4238356
4238356
4239677
11112863
11112863
11112863
11112863
11112863
17408826
17408826
17408826
17408826
17408826
11114047
11114047
11114047
11114047
11114047
11111796
11111796
11111796
11111796
11111796
17407913
17407913
17407913
17407913
17407913
17409939
17414210
17409939
17409939
17414210
4237672
4237672
4237672
4237672
4237672
11111512
11113727
11111512
11111512
11113727
14731252
14731252
14731252
14731252
14731252
11111781
11111781
11111781
11111781
11111781
7977334
7977334
7977334
7977334
7977334
17415139
17415139
17415139
17415139
17415139
17410350
17410350
17410350
17410350
17410350
14741085
14741085
14741085
14741085
14741085
14740175
14740175
14740175
14740175
14740175
11113167
11113167
11113167
11113167
11113167
4248419
4248419
4248419
4248419
4248419
17403592
17403592
17403592
17403592
17403592
17402029
17402029
17402029
17402029
17402029
17402794
17402794
17402794
17402794
17402794
17414179
17414503
17414179
17414179
17414503
11111367
11111367
11111367
11111367
11111367
14743497
14743497
14743497
14743497
14743497
4239175
4239175
4239175
4239175
4239175
4254420
4254420
4254420
4254420
4254420
17402609
17402609
17402609
17402609
17402609
4245847
4245847
4245847
4245847
4245847
11112867
11112867
11112867
11112867
11112867
17415529
17415529
17415529
17415529
17415529
17402417
17402417
17402417
17402417
17402417
17385301
17385301
17385301
17385301
17385301
4248728
4248728
4248728
4248728
4248728
4253974
11111928
11112549
4253974
11111928
4252978
4252978
4252978
4252978
4252978
17401315
17401315
17401315
17401315
17401315
11111733
11111733
11111733
11111733
11111733
17408497
17408497
17408497
17408497
17408497
17406574
17406574
17406574
17406574
17406574
14740837
14740837
14740837
14740837
14740837
17385138
17385138
17385138
17385138
17385138
14743253
14743253
14743253
14743253
14743253
17412858
17412858
17412858
17412858
17412858
14723925
14723925
14723925
14723925
14723925
4253544
4253544
4253544
4253544
4253544
11113881
11113881
11113881
11113881
11113881
4250497
4250497
4250497
4250497
4250497
4252554
4252554
4252554
4252554
4252554
11113691
11113691
11113691
11113691
11113691
26751189
26751189
26751189
26751189
26751189
17409821
17409821
17409821
17409821
17409821
4244291
4244291
4244291
4244291
4244291
4241531
4241531
4241531
4241531
4241531
17402189
17402189
17402189
17402189
17402189
11112524
11112524
11112524
11112524
11112524
4254171
4254171
4254171
4254171
4254171
4237841
4237841
4237841
4237841
4237841
11113701
11113701
11113701
11113701
11113701
17407569
17407569
17407569
17407569
17407569
853614
853614
853614
853614
853614
11111845
11111845
11111845
11111845
11111845
11110826
11110826
11110826
11110826
11110826
17408977
17408977
17408977
17408977
17408977
14724126
14724126
14724126
14724126
14724126
17411179
17411179
17411179
17411179
17411179
7975646
7975646
7975646
7975646
7975646
17412082
17412082
17412082
17412082
17412082
4253064
4253064
4253064
4253064
4253064
11111297
11111297
11111297
11111297
11111297
14743673
14743673
14743673
14743673
14743673
11112514
11112514
11112514
11112514
11112514
4250318
4250318
4250318
4250318
4250318
17408925
17408925
17408925
17408925
17408925
11110760
11110760
11110760
11110760
11110760
4253174
4253174
4253174
4253174
4253174
11113989
11113989
11113989
11113989
11113989
4253709
11112582
4253709
4253709
11112582
4240530
4240530
4240530
4240530
4240530
4254339
4254339
4254339
4254339
4254339
11112922
11112922
11112922
11112922
11112922
17401159
17401159
17401159
17401159
17401159
14726102
14726102
14726102
14726102
14726102
4238581
4238581
4238581
4238581
4238581
17414163
17414163
17414163
17414163
17414163
17410364
17410364
17410364
17410364
17410364
17408514
17408514
17408514
17408514
17408514
17402063
17402063
17402063
17402063
17402063
14732051
14739846
14732051
14732051
14739846
11110673
11110673
11110673
11110673
11110673
4240223
4240223
4240223
4240223
4240223
14742019
14742019
14742019
14742019
14742019
17384952
17384975
17384952
17384952
17384975
17414252
17414252
17414252
17414252
17414252
17403132
17403132
17403132
17403132
17403132
11114275
11114275
11114275
11114275
11114275
4242089
4242089
4242089
4242089
4242089
17411695
17411695
17411695
17411695
17411695
11110942
11110942
11110942
11110942
11110942
14723163
14723163
14723163
14723163
14723163
4244193
11112534
4244193
4244193
11112534
4248738
4248738
4248738
4248738
4248738
4237508
4237579
4239743
4237508
4237579
17416256
17416256
17416256
17416256
17416256
17415378
17415378
17415378
17415378
17415378
17402391
17402391
17402391
17402391
17402391
17409746
17409746
17409746
17409746
17409746
14726033
14726033
14726033
14726033
14726033
17402543
17402543
17402543
17402543
17402543
4239318
4240210
4239318
4239318
4240210
4237616
4237690
4238303
4238612
4238653
4237556
4237556
4237556
4237556
4237556
17409970
17409970
17409970
17409970
17409970
11111712
11111712
11111712
11111712
11111712
14741962
14741962
14741962
14741962
14741962
4239620
4239620
4239620
4239620
4239620
14727160
14727160
14727160
14727160
14727160
11111298
11111298
11111298
11111298
11111298
7978437
7978437
7978437
7978437
7978437
4237737
4238832
4239348
4237737
4238832
4243523
4243523
4243523
4243523
4243523
17413319
17413319
17413319
17413319
17413319
17407728
17408438
17407728
17407728
17408438
11112388
11112388
11112388
11112388
11112388
17407999
17407999
17407999
17407999
17407999
17406870
17406870
17406870
17406870
17406870
17407468
17407468
17407468
17407468
17407468
4237776
4238724
4240350
4237776
4238724
11114193
11114193
11114193
11114193
11114193
4238638
4239890
4238638
4238638
4239890
11111380
11111380
11111380
11111380
11111380
17385056
17385056
17385056
17385056
17385056
14741037
14741037
14741037
14741037
14741037
11111741
11111741
11111741
11111741
11111741
11113640
11113640
11113640
11113640
11113640
11112503
11112503
11112503
11112503
11112503
17414304
17414304
17414304
17414304
17414304
26751124
26751124
26751124
26751124
26751124
17411327
17411327
17411327
17411327
17411327
17412200
17412200
17412200
17412200
17412200
11114079
11114079
11114079
11114079
11114079
11114009
11114009
11114009
11114009
11114009
4237868
4237868
4237868
4237868
4237868
17415590
17415590
17415590
17415590
17415590
4254095
4254095
4254095
4254095
4254095
11110867
11110867
11110867
11110867
11110867
4238379
4238379
4238379
4238379
4238379
17409390
17409390
17409390
17409390
17409390
17415403
17415403
17415403
17415403
17415403
11112271
11112271
11112271
11112271
11112271
11114235
11114235
11114235
11114235
11114235
11110810
11111041
11110810
11110810
11111041
17415949
17415949
17415949
17415949
17415949
11111389
11111389
11111389
11111389
11111389
4243316
4243316
4243316
4243316
4243316
4237956
4238160
4238882
4239667
4239927
4254286
4254286
4254286
4254286
4254286
17415641
17415641
17415641
17415641
17415641
14744854
14744854
14744854
14744854
14744854
14734086
14734086
14734086
14734086
14734086
4253610
4253610
4253610
4253610
4253610
17412204
17412204
17412204
17412204
17412204
4238301
4239368
4239982
4238301
4239368
17409906
17409906
17409906
17409906
17409906
11111914
11111914
11111914
11111914
11111914
17411994
17411994
17411994
17411994
17411994
4253385
4253385
4253385
4253385
4253385
11112879
11114224
11112879
11112879
11114224
17385026
17385026
17385026
17385026
17385026
11111572
11111572
11111572
11111572
11111572
11111057
11111415
11111057
11111057
11111415
17401961
17401961
17401961
17401961
17401961
11113607
11113607
11113607
11113607
11113607
3712252
3712252
3712252
3712252
3712252
14740471
14740471
14740471
14740471
14740471
14743213
14743213
14743213
14743213
14743213
14742192
14742192
14742192
14742192
14742192
11113645
11113645
11113645
11113645
11113645
850010
850010
850010
850010
850010
11111370
11111370
11111370
11111370
11111370
17407725
17407725
17407725
17407725
17407725
14723762
14723762
14723762
14723762
14723762
17415114
17415114
17415114
17415114
17415114
11112410
11112410
11112410
11112410
11112410
26751172
26751172
26751172
26751172
26751172
11112823
11112823
11112823
11112823
11112823
17403486
17403486
17403486
17403486
17403486
11111098
11111098
11111098
11111098
11111098
11111757
11111757
11111757
11111757
11111757
11113600
11113600
11113600
11113600
11113600
4238780
4239333
4238780
4238780
4239333
17410300
17410300
17410300
17410300
17410300
4244593
4244593
4244593
4244593
4244593
14727157
14727157
14727157
14727157
14727157
14741302
14741302
14741302
14741302
14741302
11112574
11112574
11112574
11112574
11112574
4238720
4238720
4238720
4238720
4238720
17409372
17409372
17409372
17409372
17409372
11112456
11112456
11112456
11112456
11112456
14734961
14734961
14734961
14734961
14734961
14740797
14740797
14740797
14740797
14740797
14722190
14722190
14722190
14722190
14722190
17414955
17414955
17414955
17414955
17414955
11111163
11111163
11111163
11111163
11111163
4240204
4240204
4240204
4240204
4240204
4241892
4241892
4241892
4241892
4241892
26752587
26752587
26752587
26752587
26752587
4245312
4245312
4245312
4245312
4245312
14743378
14743378
14743378
14743378
14743378
4249561
4249561
4249561
4249561
4249561
17416024
17416024
17416024
17416024
17416024
14741376
14741376
14741376
14741376
14741376
17408479
17408479
17408479
17408479
17408479
14738640
14738640
14738640
14738640
14738640
4238572
4238613
4238746
4239089
4239777
17410914
17410914
17410914
17410914
17410914
17414754
17414754
17414754
17414754
17414754
11111983
11111983
11111983
11111983
11111983
17412450
17412450
17412450
17412450
17412450
17412601
17412601
17412601
17412601
17412601
11112606
11112606
11112606
11112606
11112606
14741914
14741914
14741914
14741914
14741914
17415741
17415741
17415741
17415741
17415741
4237726
4237726
4237726
4237726
4237726
14721893
14721893
14721893
14721893
14721893
17415293
17415293
17415293
17415293
17415293
4253031
4253031
4253031
4253031
4253031
11111942
11113517
11111942
11111942
11113517
17387528
17413542
17387528
17387528
17413542
11112642
11112642
11112642
11112642
11112642
17408805
17408805
17408805
17408805
17408805
4239130
4240355
4239130
4239130
4240355
11114175
11114175
11114175
11114175
11114175
17408559
17408559
17408559
17408559
17408559
11112495
11112495
11112495
11112495
11112495
11113511
11113511
11113511
11113511
11113511
17416263
17416263
17416263
17416263
17416263
14729372
14729372
14729372
14729372
14729372
11113083
11113083
11113083
11113083
11113083
4240219
4240219
4240219
4240219
4240219
849116
849116
849116
849116
849116
4254144
4254144
4254144
4254144
4254144
4253030
4253030
4253030
4253030
4253030
17416344
17416344
17416344
17416344
17416344
4249354
4249354
4249354
4249354
4249354
4240168
4240236
4240168
4240168
4240236
11112589
11112589
11112589
11112589
11112589
14746025
14746025
14746025
14746025
14746025
11111021
11111240
11111021
11111021
11111240
4238529
4239561
4238529
4238529
4239561
11111639
11111639
11111639
11111639
11111639
17408942
17408942
17408942
17408942
17408942
4239700
4239700
4239700
4239700
4239700
11114277
11114277
11114277
11114277
11114277
11111832
11111832
11111832
11111832
11111832
4242611
4242611
4242611
4242611
4242611
17407951
17407951
17407951
17407951
17407951
4253146
4253146
4253146
4253146
4253146
14723719
14723719
14723719
14723719
14723719
4238567
4239428
4238567
4238567
4239428
11112690
11112690
11112690
11112690
11112690
11112389
11112389
11112389
11112389
11112389
11114070
11114095
11114070
11114070
11114095
17413562
17413562
17413562
17413562
17413562
17411692
17411692
17411692
17411692
17411692
4241842
4241842
4241842
4241842
4241842
4242948
4242948
4242948
4242948
4242948
17415892
17415892
17415892
17415892
17415892
4237792
4238500
4238564
4239042
4239289
861921
861921
861921
861921
861921
4239141
4239279
4239141
4239141
4239279
17413822
17413822
17413822
17413822
17413822
14735180
14735180
14735180
14735180
14735180
17411223
17411223
17411223
17411223
17411223
26752560
26752560
26752560
26752560
26752560
4252990
4252990
4252990
4252990
4252990
17410027
17410027
17410027
17410027
17410027
11111829
11111829
11111829
11111829
11111829
14721879
14721879
14721879
14721879
14721879
11111059
11111059
11111059
11111059
11111059
14725960
14725960
14725960
14725960
14725960
11113544
11113544
11113544
11113544
11113544
17384899
17384917
17384922
17384936
17384899
11114037
11114037
11114037
11114037
11114037
11112737
11112737
11112737
11112737
11112737
4254205
4254205
4254205
4254205
4254205
11111816
11113547
11113652
11111816
11113547
11112586
11112586
11112586
11112586
11112586
4240432
4240432
4240432
4240432
4240432
4252157
4252157
4252157
4252157
4252157
4238853
4238995
4238853
4238853
4238995
11110852
11110852
11110852
11110852
11110852
17409356
17409356
17409356
17409356
17409356
11113702
11113702
11113702
11113702
11113702
4244229
4244229
4244229
4244229
4244229
17414944
17414944
17414944
17414944
17414944
17415251
17415251
17415251
17415251
17415251
17412869
17412869
17412869
17412869
17412869
4239695
4239695
4239695
4239695
4239695
14734801
14734801
14734801
14734801
14734801
4242014
17411605
4242014
4242014
17411605
17415907
17415907
17415907
17415907
17415907
14744761
14744761
14744761
14744761
14744761
14724064
14724064
14724064
14724064
14724064
4265494
4265494
4265494
4265494
4265494
17415927
17415927
17415927
17415927
17415927
4249223
4249223
4249223
4249223
4249223
17409903
17409903
17409903
17409903
17409903
17415877
17415877
17415877
17415877
17415877
17406934
17406934
17406934
17406934
17406934
11111808
11111808
11111808
11111808
11111808
17387788
17387788
17387788
17387788
17387788
17414549
17414549
17414549
17414549
17414549
11112405
11112405
11112405
11112405
11112405
4252761
4252761
4252761
4252761
4252761
11114015
11114015
11114015
11114015
11114015
4238254
4238254
4238254
4238254
4238254
11112107
11112107
11112107
11112107
11112107
11113698
11113703
11113698
11113698
11113703
14743956
14743956
14743956
14743956
14743956
14722164
14722164
14722164
14722164
14722164
14743885
14743885
14743885
14743885
14743885
4252604
4252604
4252604
4252604
4252604
11113886
11113886
11113886
11113886
11113886
17408225
17408225
17408225
17408225
17408225
11114086
11114086
11114086
11114086
11114086
11113306
11113306
11113306
11113306
11113306
17387742
17387742
17387742
17387742
17387742
11113995
11113995
11113995
11113995
11113995
11111562
11112654
11111562
11111562
11112654
14734490
14734490
14734490
14734490
14734490
11113619
11113619
11113619
11113619
11113619
17416026
17416026
17416026
17416026
17416026
4252706
4252706
4252706
4252706
4252706
14742740
14742740
14742740
14742740
14742740
4238040
4239150
4238040
4238040
4239150
17410013
17410278
17410013
17410013
17410278
11112578
11112578
11112578
11112578
11112578
17412280
17412280
17412280
17412280
17412280
4239264
4239264
4239264
4239264
4239264
17406763
17406763
17406763
17406763
17406763
11113852
11113852
11113852
11113852
11113852
4238093
4239476
4240218
4238093
4239476
4252755
4252755
4252755
4252755
4252755
17409280
17409280
17409280
17409280
17409280
17414585
17414585
17414585
17414585
17414585
11113845
11113845
11113845
11113845
11113845
17415216
17415216
17415216
17415216
17415216
11112142
11112142
11112142
11112142
11112142
843526
843526
843526
843526
843526
17413642
17413642
17413642
17413642
17413642
4252926
4252926
4252926
4252926
4252926
4253033
4253033
4253033
4253033
4253033
4237605
4237964
4238875
4237605
4237964
4247636
4247636
4247636
4247636
4247636
4238512
4238512
4238512
4238512
4238512
4246674
4246674
4246674
4246674
4246674
4251946
4251946
4251946
4251946
4251946
17416244
17416244
17416244
17416244
17416244
17414631
17414631
17414631
17414631
17414631
862506
862506
862506
862506
862506
7977971
7977971
7977971
7977971
7977971
17413432
17413432
17413432
17413432
17413432
14745942
14745942
14745942
14745942
14745942
17406699
17406699
17406699
17406699
17406699
11114143
11114143
11114143
11114143
11114143
4239842
4239945
4239842
4239842
4239945
14724056
14724056
14724056
14724056
14724056
17385122
17385122
17385122
17385122
17385122
4238136
4238474
4240378
4238136
4238474
17412855
17412855
17412855
17412855
17412855
17402151
17402164
17402151
17402151
17402164
17414561
17414561
17414561
17414561
17414561
17413009
17413009
17413009
17413009
17413009
4246722
14740345
4246722
4246722
14740345
14740674
14743593
14740674
14740674
14743593
17402532
17402532
17402532
17402532
17402532
11113990
11113990
11113990
11113990
11113990
17414146
17414146
17414146
17414146
17414146
11113602
11113602
11113602
11113602
11113602
11114116
11114116
11114116
11114116
11114116
17403413
17403413
17403413
17403413
17403413
17401248
17401249
17401248
17401248
17401249
11111547
11112789
11111547
11111547
11112789
17411744
17411744
17411744
17411744
17411744
4238586
4238586
4238586
4238586
4238586
4244375
4244375
4244375
4244375
4244375
11111388
11111388
11111388
11111388
11111388
14738954
14738954
14738954
14738954
14738954
4240205
4240205
4240205
4240205
4240205
4238702
4239715
4238702
4238702
4239715
4237598
4237838
4237914
4239596
4239638
17413433
17413433
17413433
17413433
17413433
17410815
17410815
17410815
17410815
17410815
3712600
3712600
3712600
3712600
3712600
4239879
4239879
4239879
4239879
4239879
3716661
3716661
3716661
3716661
3716661
14721871
14721871
14721871
14721871
14721871
11113956
11113956
11113956
11113956
11113956
17402106
17402106
17402106
17402106
17402106
17412149
17412149
17412149
17412149
17412149
11112788
11112788
11112788
11112788
11112788
17414515
17414515
17414515
17414515
17414515
11113538
11113539
11113538
11113538
11113539
17401693
17401693
17401693
17401693
17401693
7973380
7973380
7973380
7973380
7973380
4239418
4239418
4239418
4239418
4239418
14721854
14721854
14721854
14721854
14721854
11112860
11112860
11112860
11112860
11112860
11113808
11113808
11113808
11113808
11113808
3716458
3716458
3716458
3716458
3716458
11114131
11114131
11114131
11114131
11114131
11113966
11113966
11113966
11113966
11113966
4238764
4239801
4239940
4240367
4238764
11113303
11113303
11113303
11113303
11113303
17407125
17407125
17407125
17407125
17407125
17403017
17403017
17403017
17403017
17403017
4238321
4240088
4238321
4238321
4240088
17412856
17412856
17412856
17412856
17412856
11113254
11113254
11113254
11113254
11113254
11111687
11113564
11111687
11111687
11113564
11111863
11112478
11112490
11111863
11112478
17410087
17410087
17410087
17410087
17410087
17414069
17414069
17414069
17414069
17414069
11112403
11113690
11112403
11112403
11113690
26751139
26751139
26751139
26751139
26751139
11111510
11112417
11111510
11111510
11112417
11113552
11113552
11113552
11113552
11113552
4253439
4253439
4253439
4253439
4253439
17414784
17414784
17414784
17414784
17414784
4238215
4239194
4240032
4238215
4239194
4238888
4240292
4238888
4238888
4240292
17414902
17414902
17414902
17414902
17414902
17414630
17414630
17414630
17414630
17414630
4243713
4243713
4243713
4243713
4243713
17413839
17413839
17413839
17413839
17413839
17409227
17409227
17409227
17409227
17409227
4238954
4238954
4238954
4238954
4238954
4237536
4238628
4239345
4239723
4237536
4248549
4248549
4248549
4248549
4248549
860735
860735
860735
860735
860735
11112400
11112400
11112400
11112400
11112400
17412633
17412633
17412633
17412633
17412633
4237903
4238047
4237903
4237903
4238047
11114041
11114041
11114041
11114041
11114041
4253929
11112492
4253929
4253929
11112492
4237482
4238343
4238921
4239085
4239891
14745998
14745998
14745998
14745998
14745998
11111339
11111339
11111339
11111339
11111339
17415286
17415286
17415286
17415286
17415286
17413842
17413842
17413842
17413842
17413842
11112619
11112619
11112619
11112619
11112619
11112655
11112655
11112655
11112655
11112655
4253309
4253309
4253309
4253309
4253309
17415295
17415295
17415295
17415295
17415295
4239157
4239224
4239157
4239157
4239224
17414752
17414752
17414752
17414752
17414752
11112611
11112611
11112611
11112611
11112611
17412145
17412145
17412145
17412145
17412145
4253052
4253052
4253052
4253052
4253052
17415174
17415174
17415174
17415174
17415174
17416133
17416133
17416133
17416133
17416133
11111748
11113557
11111748
11111748
11113557
11112408
11112408
11112408
11112408
11112408
4252655
11111497
4252655
4252655
11111497
4239069
4239226
4240317
4239069
4239226
4238770
4239979
4238770
4238770
4239979
17412924
17412924
17412924
17412924
17412924
4253932
11111632
11112467
4253932
11111632
7972835
7972835
7972835
7972835
7972835
17411881
17412981
17411881
17411881
17412981
17407936
17407936
17407936
17407936
17407936
17416088
17416088
17416088
17416088
17416088
17416098
17416098
17416098
17416098
17416098
17407126
17407497
17407126
17407126
17407497
14723800
14723800
14723800
14723800
14723800
4238950
4238950
4238950
4238950
4238950
17403112
17403112
17403112
17403112
17403112
11112103
11112103
11112103
11112103
11112103
3717932
3717932
3717932
3717932
3717932
11113075
11113075
11113075
11113075
11113075
7976966
7976966
7976966
7976966
7976966
11113667
11113667
11113667
11113667
11113667
4237703
4237769
4238314
4238544
4238833
17416035
17416035
17416035
17416035
17416035
4251114
4251114
4251114
4251114
4251114
14744614
14744614
14744614
14744614
14744614
17415385
17415385
17415385
17415385
17415385
4238814
4238816
4238814
4238814
4238816
4253254
4253254
4253254
4253254
4253254
17387762
17414595
17387762
17387762
17414595
17413550
17413550
17413550
17413550
17413550
14743379
14743379
14743379
14743379
14743379
11110952
11110952
11110952
11110952
11110952
4248990
14744673
4248990
4248990
14744673
4239480
4239480
4239480
4239480
4239480
4253550
4253550
4253550
4253550
4253550
4238852
4240243
4238852
4238852
4240243
14742785
14742785
14742785
14742785
14742785
4240086
4240086
4240086
4240086
4240086
14744976
14744976
14744976
14744976
14744976
17413019
26751142
17413019
17413019
26751142
4245726
4245726
4245726
4245726
4245726
17407755
17407755
17407755
17407755
17407755
14744173
14744173
14744173
14744173
14744173
4239470
4239470
4239470
4239470
4239470
4239149
4239155
4239149
4239149
4239155
4251657
4251657
4251657
4251657
4251657
14745947
14745947
14745947
14745947
14745947
4238143
4238143
4238143
4238143
4238143
14722192
14722192
14722192
14722192
14722192
14741262
14741262
14741262
14741262
14741262
14744642
14745962
14744642
14744642
14745962
4237705
4237705
4237705
4237705
4237705
4237527
4238920
4239099
4239864
4240457
17413221
17413221
17413221
17413221
17413221
14742200
14742200
14742200
14742200
14742200
4239571
4239571
4239571
4239571
4239571
4243198
4243198
4243198
4243198
4243198
17408478
17408478
17408478
17408478
17408478
14745891
14745891
14745891
14745891
14745891
4245612
4245612
4245612
4245612
4245612
4238256
4238382
4238812
4238992
4238256
14732937
14732937
14732937
14732937
14732937
17413794
17413794
17413794
17413794
17413794
11111651
11111651
11111651
11111651
11111651
4239192
4239192
4239192
4239192
4239192
4254250
4254250
4254250
4254250
4254250
14740976
14740976
14740976
14740976
14740976
4239032
4239372
4239392
4240329
4239032
11113147
11113147
11113147
11113147
11113147
4239881
4239881
4239881
4239881
4239881
4237497
4238146
4238747
4237497
4238146
4239541
4239837
4239541
4239541
4239837
4237919
4239323
4237919
4237919
4239323
4237544
4237782
4239222
4239394
4240094
4238497
4240324
4238497
4238497
4240324
17411747
17411747
17411747
17411747
17411747
4247524
14744987
4247524
4247524
14744987
858595
858595
858595
858595
858595
4253866
4253866
4253866
4253866
4253866
11112284
11112284
11112284
11112284
11112284
11110956
11111198
11113491
11113541
11110956
4237609
4238005
4238834
4239432
4239475
4238839
4238839
4238839
4238839
4238839
857377
857377
857377
857377
857377
11113464
11113464
11113464
11113464
11113464
4238862
4238866
4239856
4238862
4238866
4238570
4239218
4239928
4240051
4238570
4237773
4237869
4238034
4238176
4238972
17403208
17403208
17403208
17403208
17403208
17413227
17413227
17413227
17413227
17413227
4238682
4239431
4239960
4240459
4238682
4239238
4239540
4239238
4239238
4239540
11113835
11113835
11113835
11113835
11113835
4238038
4238038
4238038
4238038
4238038
14726726
14726726
14726726
14726726
14726726
4238352
4238352
4238352
4238352
4238352
4239501
4240203
4239501
4239501
4240203
4239006
4239006
4239006
4239006
4239006
17384962
17384989
17384962
17384962
17384989
4246945
4251186
4246945
4246945
4251186
4237474
4237935
4238748
4239161
4239492
4238891
4240043
4240371
4238891
4240043
4238318
4238878
4238318
4238318
4238878
4252736
11112531
4252736
4252736
11112531
11112431
11112431
11112431
11112431
11112431
4237899
4238668
4239773
4237899
4238668
4237538
4237538
4237538
4237538
4237538
17414722
17414722
17414722
17414722
17414722
4237665
4238124
4240436
4237665
4238124
4238785
4238785
4238785
4238785
4238785
4237493
4238550
4237493
4237493
4238550
7972981
7972981
7972981
7972981
7972981
17413027
17413027
17413027
17413027
17413027
4240119
4240119
4240119
4240119
4240119
4254238
4254238
4254238
4254238
4254238
11113682
11113788
11113682
11113682
11113788
14735328
14735328
14735328
14735328
14735328
4239037
4239077
4239516
4240045
4239037
11113837
11113837
11113837
11113837
11113837
17388000
17388000
17388000
17388000
17388000
