4237515
4237543
4237691
4237762
4237765
4254403
4254403
4254403
4254403
4254403
4252867
4252867
4252867
4252867
4252867
4253766
4253766
4253766
4253766
4253766
4253168
4253168
4253168
4253168
4253168
4252458
11112106
4252458
4252458
11112106
4254176
4254176
4254176
4254176
4254176
4253537
4253537
4253537
4253537
4253537
11110876
4253265
11113994
11110876
4253265
4252493
4252493
4252493
4252493
4252493
4253248
4247514
4251688
17401983
4253248
4252725
4252725
4252725
4252725
4252725
4252893
4252981
4252893
4252893
4252981
11111255
11111255
11111255
11111255
11111255
11110700
11110700
11110700
11110700
11110700
11113141
11112357
11113141
11113141
11112357
11113254
11113254
11113254
11113254
11113254
11111009
11111009
11111009
11111009
11111009
4254090
4254090
4254090
4254090
4254090
4254188
4254188
4254188
4254188
4254188
11111032
4253746
11111032
11111032
4253746
11111585
4252777
4253236
4254061
11110988
4252906
4252906
4252906
4252906
4252906
4254089
4254089
4254089
4254089
4254089
11110948
11110948
11110948
11110948
11110948
11111923
11111923
11111923
11111923
11111923
4253111
4253977
4253111
4253111
4253977
11113185
11113185
11113185
11113185
11113185
11112321
11112321
11112321
11112321
11112321
11113217
11113272
11113217
11113217
11113272
4254421
4254421
4254421
4254421
4254421
11113309
11111156
11113309
11113309
11111156
4253222
4253223
4253222
4253222
4253223
11111913
11111913
11111913
11111913
11111913
4248748
4248748
4248748
4248748
4248748
4252976
4252976
4252976
4252976
4252976
4245417
4250321
4252017
14741666
4245417
4252798
4252798
4252798
4252798
4252798
4252890
4252890
4252890
4252890
4252890
4252810
4252810
4252810
4252810
4252810
11112529
11112529
11112529
11112529
11112529
14741057
14741057
14741057
14741057
14741057
4253291
4253291
4253291
4253291
4253291
4254124
4254124
4254124
4254124
4254124
4254232
4254232
4254232
4254232
4254232
11111550
11112334
11111550
11111550
11112334
11113237
11113237
11113237
11113237
11113237
4253427
4253427
4253427
4253427
4253427
11113149
11113149
11113149
11113149
11113149
11111413
11111413
11111413
11111413
11111413
4252486
4252486
4252486
4252486
4252486
11111100
11111100
11111100
11111100
11111100
4252931
4252931
4252931
4252931
4252931
4253200
4253201
4253200
4253200
4253201
4252075
4252075
4252075
4252075
4252075
4252542
4252542
4252542
4252542
4252542
11112686
11112686
11112686
11112686
11112686
4247262
4247577
7972241
4247262
4247577
846376
17414785
846376
846376
17414785
4252985
4252985
4252985
4252985
4252985
4253492
4253735
4254337
4253492
4253735
4237680
4238973
4237680
4237680
4238973
4253019
4253019
4253019
4253019
4253019
11110756
4249752
11110756
11110756
4249752
14737260
14737260
14737260
14737260
14737260
4254353
4254353
4254353
4254353
4254353
11111847
11112750
11111847
11111847
11112750
11110813
11110813
11110813
11110813
11110813
4253132
4253750
4253132
4253132
4253750
14742721
14742721
14742721
14742721
14742721
11113150
4253692
11113150
11113150
4253692
11111081
11111081
11111081
11111081
11111081
4252899
4252899
4252899
4252899
4252899
4252905
4252905
4252905
4252905
4252905
4248726
4254057
14726702
17387708
17408495
4252453
4252453
4252453
4252453
4252453
11111499
11112762
11111499
11111499
11112762
4252991
4253347
11110751
4252991
4253347
4245064
4253166
4254082
4245064
4253166
14729662
14729662
14729662
14729662
14729662
11113249
11110917
11113249
11113249
11110917
4254226
11112378
4254226
4254226
11112378
11111457
4253831
11111457
11111457
4253831
863576
863576
863576
863576
863576
7978445
7978445
7978445
7978445
7978445
11113238
11113247
11112621
11114166
11113238
4253742
4253742
4253742
4253742
4253742
4254103
4254103
4254103
4254103
4254103
4253282
4253463
4253282
4253282
4253463
11111679
11111679
11111679
11111679
11111679
11110761
11110761
11110761
11110761
11110761
11111939
11111939
11111939
11111939
11111939
4253435
11112212
4253435
4253435
11112212
4246359
4252839
17402124
4246359
4252839
4253965
4253965
4253965
4253965
4253965
4253361
4253361
4253361
4253361
4253361
11111318
11111318
11111318
11111318
11111318
3712357
3712357
3712357
3712357
3712357
4253029
4253029
4253029
4253029
4253029
4254123
4254123
4254123
4254123
4254123
11111066
11111502
11111066
11111066
11111502
4244721
4248188
4244721
4244721
4248188
4252921
4252921
4252921
4252921
4252921
4241700
4253612
4241700
4241700
4253612
11112777
11112777
11112777
11112777
11112777
4253335
4253335
4253335
4253335
4253335
11111699
11111699
11111699
11111699
11111699
11111684
11111684
11111684
11111684
11111684
4245335
11110715
4245335
4245335
11110715
11111974
11111974
11111974
11111974
11111974
11111403
11112850
11111403
11111403
11112850
11110950
4252769
11110950
11110950
4252769
11111726
11111726
11111726
11111726
11111726
4253173
11112333
11112899
4253173
11112333
11110906
4247631
11110906
11110906
4247631
4252982
4252982
4252982
4252982
4252982
14727159
14727159
14727159
14727159
14727159
4253259
4253259
4253259
4253259
4253259
11112445
11112445
11112445
11112445
11112445
4253421
11111068
4253421
4253421
11111068
4251856
4251856
4251856
4251856
4251856
11111752
11111752
11111752
11111752
11111752
4253257
4253257
4253257
4253257
4253257
4254091
4254091
4254091
4254091
4254091
863343
863343
863343
863343
863343
4248144
4248144
4248144
4248144
4248144
847473
847473
847473
847473
847473
11111320
11111320
11111320
11111320
11111320
4252457
4252539
4253251
4254434
11112280
4253241
4253241
4253241
4253241
4253241
11111218
4253216
11111218
11111218
4253216
4254030
4254030
4254030
4254030
4254030
4253631
11111285
4253631
4253631
11111285
4253098
4253370
26751191
4253098
4253370
11110939
11110939
11110939
11110939
11110939
4252720
11112145
4252720
4252720
11112145
4252527
11114162
4252527
4252527
11114162
17387660
17387660
17387660
17387660
17387660
4253105
4253105
4253105
4253105
4253105
14741260
14741260
14741260
14741260
14741260
4252630
4252630
4252630
4252630
4252630
4248335
4248335
4248335
4248335
4248335
14741270
14741270
14741270
14741270
14741270
4241809
4241809
4241809
4241809
4241809
11110800
11110800
11110800
11110800
11110800
860967
860967
860967
860967
860967
14740773
14740773
14740773
14740773
14740773
11113157
4253843
11113157
11113157
4253843
11112420
11112420
11112420
11112420
11112420
7973849
7973849
7973849
7973849
7973849
11111069
11111069
11111069
11111069
11111069
4254087
4254087
4254087
4254087
4254087
4253725
4253770
4253725
4253725
4253770
4253310
11112675
4253310
4253310
11112675
4252496
4253715
11112423
4252496
4253715
4253858
17386161
4253858
4253858
17386161
11111892
11111892
11111892
11111892
11111892
4244400
17412882
4244400
4244400
17412882
17401254
17401254
17401254
17401254
17401254
4248854
17406574
4248854
4248854
17406574
4254390
17406755
4254390
4254390
17406755
4240507
14740834
4240507
4240507
14740834
11111269
11112439
11112466
11111269
11112439
11113173
11112652
11113173
11113173
11112652
11113130
4252508
11113130
11113130
4252508
4243684
4243684
4243684
4243684
4243684
26750787
26750792
26750810
26750787
26750792
4237738
4237789
4238186
4238415
4238574
17387834
17387834
17387834
17387834
17387834
4253164
4253164
4253164
4253164
4253164
4253891
4253931
4253891
4253891
4253931
11110928
11110933
11111268
11111729
4252559
4253452
7974511
11111578
11112314
4253452
4252484
4252484
4252484
4252484
4252484
866021
866021
866021
866021
866021
4252846
4252928
4252724
4252846
4252928
4253764
4253764
4253764
4253764
4253764
11111459
11111459
11111459
11111459
11111459
17411805
17412175
17411805
17411805
17412175
14739633
14739633
14739633
14739633
14739633
4254132
4254132
4254132
4254132
4254132
4239275
4239275
4239275
4239275
4239275
3713065
3713065
3713065
3713065
3713065
4252747
4253554
4252747
4252747
4253554
4252592
14736646
4252592
4252592
14736646
4252842
14723958
4252842
4252842
14723958
11111192
11111192
11111192
11111192
11111192
4253228
4253228
4253228
4253228
4253228
4253402
4253402
4253402
4253402
4253402
4253082
4253082
4253082
4253082
4253082
26751052
26751052
26751052
26751052
26751052
14722206
14722206
14722206
14722206
14722206
4253594
4253594
4253594
4253594
4253594
8142831
8142831
8142831
8142831
8142831
14722468
14722468
14722468
14722468
14722468
11113236
11112903
11113236
11113236
11112903
4254168
4254168
4254168
4254168
4254168
851466
4252759
851466
851466
4252759
4254328
17408891
4254328
4254328
17408891
11111797
11111797
11111797
11111797
11111797
4253874
4253874
4253874
4253874
4253874
17401472
17401472
17401472
17401472
17401472
851503
14740669
851503
851503
14740669
11113961
11113961
11113961
11113961
11113961
4252765
4252765
4252765
4252765
4252765
4252596
16952805
4252596
4252596
16952805
4237820
4238334
4239786
4237820
4238334
866042
866042
866042
866042
866042
14722127
14744320
17408211
14722127
14744320
26751062
26751062
26751062
26751062
26751062
4253804
4253804
4253804
4253804
4253804
17401156
17401156
17401156
17401156
17401156
26751061
26751064
26751061
26751061
26751064
4250123
4250123
4250123
4250123
4250123
17406756
17406756
17406756
17406756
17406756
26751410
26751431
26751410
26751410
26751431
11113194
11113194
11113194
11113194
11113194
17401189
17401189
17401189
17401189
17401189
4250052
4250052
4250052
4250052
4250052
17401248
17401248
17401248
17401248
17401248
4237846
17409426
4237846
4237846
17409426
11111243
4250207
11111243
11111243
4250207
4252844
17413591
17413912
4252844
17413591
11110888
11112214
11110888
11110888
11112214
3714119
4249569
4252882
14740880
14745800
14721971
14721971
14721971
14721971
14721971
4240700
17408267
4240700
4240700
17408267
4249168
4249168
4249168
4249168
4249168
4247305
4251903
4247305
4247305
4251903
4250639
4250639
4250639
4250639
4250639
4252885
4252885
4252885
4252885
4252885
14742441
14742441
14742441
14742441
14742441
4252578
4253213
4254157
11110954
4252578
4252888
4252888
4252888
4252888
4252888
4249856
4253613
4249856
4249856
4253613
4249666
4249666
4249666
4249666
4249666
844570
17408176
844570
844570
17408176
17406764
17406764
17406764
17406764
17406764
4253684
11112157
14724055
4253684
11112157
17403322
17416135
17403322
17403322
17416135
4252978
4253462
4252978
4252978
4253462
11111773
11111097
11111172
11111730
11112451
4253161
4253161
4253161
4253161
4253161
4248948
17406941
4248948
4248948
17406941
14724045
14741771
14724045
14724045
14741771
4241360
14726105
17402983
4241360
14726105
14723193
14723193
14723193
14723193
14723193
852680
852680
852680
852680
852680
845912
17409841
17410237
845912
17409841
4240553
4240553
4240553
4240553
4240553
17411296
17411296
17411296
17411296
17411296
4253047
4253047
4253047
4253047
4253047
4252668
4253676
4252668
4252668
4253676
11113158
11112329
11113158
11113158
11112329
11112499
26751040
11112499
11112499
26751040
4244000
4250573
14732080
14733929
17408396
4253690
4253690
4253690
4253690
4253690
11112579
11112579
11112579
11112579
11112579
4253362
4253362
4253362
4253362
4253362
11110696
11110899
11111139
11110696
11110899
11111561
11111561
11111561
11111561
11111561
4239136
4239380
14724134
14727328
4239136
862488
862488
862488
862488
862488
4242606
4242606
4242606
4242606
4242606
14745965
14745965
14745965
14745965
14745965
8142890
4254367
8142890
8142890
4254367
11111439
11111439
11111439
11111439
11111439
11110799
11111228
11112337
11110799
11111228
14744945
14744945
14744945
14744945
14744945
11112213
11112213
11112213
11112213
11112213
4253572
11110673
11112099
4253572
11110673
14740757
14741366
14740757
14740757
14741366
4252847
4252849
4252847
4252847
4252849
14726063
14726072
14726063
14726063
14726072
863440
863468
863440
863440
863468
11112895
11112895
11112895
11112895
11112895
4253611
11113799
4253611
4253611
11113799
4253570
4253570
4253570
4253570
4253570
26751241
26751259
26751241
26751241
26751259
14742220
14742220
14742220
14742220
14742220
4254302
4254302
4254302
4254302
4254302
4253512
4253512
4253512
4253512
4253512
4253049
4253049
4253049
4253049
4253049
4252498
4252510
4253046
4252498
4252510
11111861
11111861
11111861
11111861
11111861
4253163
4253163
4253163
4253163
4253163
858428
858428
858428
858428
858428
4252497
4252497
4252497
4252497
4252497
17402063
17402063
17402063
17402063
17402063
4253814
4253814
4253814
4253814
4253814
4253438
4253438
4253438
4253438
4253438
4253490
4254381
4253490
4253490
4254381
4254217
4254217
4254217
4254217
4254217
11111496
11112446
11111496
11111496
11112446
17401215
17401215
17401215
17401215
17401215
4246417
4246417
4246417
4246417
4246417
14731680
14744435
14731680
14731680
14744435
14742111
14742111
14742111
14742111
14742111
857679
860091
857679
857679
860091
4252682
4252682
4252682
4252682
4252682
4252478
4252478
4252478
4252478
4252478
11114055
11114055
11114055
11114055
11114055
26751070
26751070
26751070
26751070
26751070
26750777
26750843
26750777
26750777
26750843
4252540
4253616
4252540
4252540
4253616
11112232
11112232
11112232
11112232
11112232
4241842
4243414
4249038
4249360
4252292
4252829
4252829
4252829
4252829
4252829
7973776
7973776
7973776
7973776
7973776
4254378
4254378
4254378
4254378
4254378
14741195
17406912
14741195
14741195
17406912
861552
861552
861552
861552
861552
14730364
14730364
14730364
14730364
14730364
3713022
4241117
17410977
3713022
4241117
11111304
11111304
11111304
11111304
11111304
4251870
4251870
4251870
4251870
4251870
4241835
4245930
4241835
4241835
4245930
11110980
11110980
11110980
11110980
11110980
863427
863663
863427
863427
863663
4253617
4253617
4253617
4253617
4253617
4244058
4244058
4244058
4244058
4244058
4243475
17402534
4243475
4243475
17402534
4248584
4248584
4248584
4248584
4248584
3715648
3715648
3715648
3715648
3715648
4244520
4244520
4244520
4244520
4244520
17406615
17406615
17406615
17406615
17406615
17387856
17387856
17387856
17387856
17387856
17401261
17401261
17401261
17401261
17401261
4253433
7973798
4253433
4253433
7973798
11111420
11111420
11111420
11111420
11111420
17409967
17409967
17409967
17409967
17409967
4254394
4254394
4254394
4254394
4254394
4252707
11113935
4252707
4252707
11113935
4253659
4253659
4253659
4253659
4253659
14744698
14744698
14744698
14744698
14744698
14740918
14740918
14740918
14740918
14740918
4252115
4252115
4252115
4252115
4252115
4248397
4248397
4248397
4248397
4248397
4254081
4254081
4254081
4254081
4254081
11111984
17387582
17406922
11111984
17387582
4254055
11111767
4254055
4254055
11111767
4253079
4254281
17409713
4253079
4254281
11111414
11113686
11111414
11111414
11113686
4248751
14742426
4248751
4248751
14742426
14724123
14724123
14724123
14724123
14724123
859105
7972790
11111230
11111419
859105
14743140
17407837
14743140
14743140
17407837
856953
17411249
856953
856953
17411249
14740999
14740999
14740999
14740999
14740999
4254101
11111815
17414373
4254101
11111815
4252760
4252760
4252760
4252760
4252760
14722102
14722111
17406769
14722102
14722111
4246498
4246498
4246498
4246498
4246498
11111753
11111446
11112747
11111753
11111446
11111062
11111062
11111062
11111062
11111062
26750738
26750742
26750743
26750767
26750821
14733418
17401916
17401962
14733418
17401916
4252944
4252944
4252944
4252944
4252944
4253174
4253174
4253174
4253174
4253174
4253698
17410877
4253698
4253698
17410877
17401264
17413566
17401264
17401264
17413566
4253341
4253341
4253341
4253341
4253341
4253349
4253355
4253460
4253349
4253355
11113239
11111354
11112560
11112755
11113239
4253388
4253388
4253388
4253388
4253388
11111945
11111945
11111945
11111945
11111945
11111846
4254279
11111846
11111846
4254279
4253566
4253566
4253566
4253566
4253566
14744572
14744572
14744572
14744572
14744572
11113248
4248302
11112473
11112678
11114015
26750739
26750760
26750774
26750775
26750776
14735802
14735802
14735802
14735802
14735802
4252828
11111296
4252828
4252828
11111296
11110852
11110852
11110852
11110852
11110852
4252461
4253998
4252461
4252461
4253998
4241898
4241898
4241898
4241898
4241898
4250170
4250170
4250170
4250170
4250170
4253895
4253895
4253895
4253895
4253895
4252970
4253113
4253391
4253680
4253800
14723747
14723747
14723747
14723747
14723747
11111592
4253449
11111798
11112113
11112449
14740178
14740178
14740178
14740178
14740178
4243772
4253552
4253553
4243772
4253552
4252114
4252114
4252114
4252114
4252114
14742340
14742340
14742340
14742340
14742340
4253799
14724093
4253799
4253799
14724093
4254275
4254275
4254275
4254275
4254275
14741624
14741624
14741624
14741624
14741624
14736216
14736216
14736216
14736216
14736216
11112545
11112545
11112545
11112545
11112545
11110665
4254096
11110665
11110665
4254096
11112893
11112893
11112893
11112893
11112893
17411294
17411294
17411294
17411294
17411294
14723188
17416347
14723188
14723188
17416347
11113294
4252868
4253279
11113294
4252868
4254300
4254300
4254300
4254300
4254300
4252655
11111497
17401965
4252655
11111497
11111768
11111768
11111768
11111768
11111768
4252621
4252621
4252621
4252621
4252621
26750735
26751082
26750735
26750735
26751082
14744507
14744507
14744507
14744507
14744507
4252469
4252469
4252469
4252469
4252469
4254369
4254369
4254369
4254369
4254369
14734157
14734157
14734157
14734157
14734157
4244903
4252865
14741700
4244903
4252865
14743216
14743216
14743216
14743216
14743216
4253968
4253968
4253968
4253968
4253968
11111593
11111593
11111593
11111593
11111593
4246321
4246321
4246321
4246321
4246321
4250552
14737450
4250552
4250552
14737450
8142891
8142894
8142891
8142891
8142894
14721873
17408723
14721873
14721873
17408723
4252784
11111292
11112278
17409903
17415134
14741400
14741400
14741400
14741400
14741400
17387584
17388008
17414724
17387584
17388008
4243489
4243489
4243489
4243489
4243489
4266793
4266800
4266804
17414960
4266793
17407078
17407078
17407078
17407078
17407078
17410548
17410548
17410548
17410548
17410548
4253557
4253557
4253557
4253557
4253557
17413674
17413674
17413674
17413674
17413674
26750730
26750730
26750730
26750730
26750730
11111301
14724129
11111301
11111301
14724129
850038
14744613
17412097
850038
14744613
4240531
4240531
4240531
4240531
4240531
14741577
14743316
14741577
14741577
14743316
4250935
14722719
4250935
4250935
14722719
14727107
14732668
14727107
14727107
14732668
14722656
14722656
14722656
14722656
14722656
17413948
17413948
17413948
17413948
17413948
4254268
11113582
4254268
4254268
11113582
17401989
17416378
17401989
17401989
17416378
4246365
4246365
4246365
4246365
4246365
4243346
4251441
4243346
4243346
4251441
4253932
14741798
4253932
4253932
14741798
858418
858418
858418
858418
858418
11110805
11110805
11110805
11110805
11110805
4253117
4253151
4253598
11111678
4253117
14730208
17409857
14730208
14730208
17409857
11113234
11113234
11113234
11113234
11113234
4252750
4253395
4252750
4252750
4253395
26751108
26751108
26751108
26751108
26751108
11111636
11112692
11112693
11111636
11112692
11111070
11111070
11111070
11111070
11111070
4254198
11111344
4254198
4254198
11111344
4254243
4254243
4254243
4254243
4254243
14742645
14742645
14742645
14742645
14742645
4253394
4253394
4253394
4253394
4253394
14734880
17415946
14734880
14734880
17415946
4253581
4253581
4253581
4253581
4253581
14732878
14732878
14732878
14732878
14732878
17414065
17414065
17414065
17414065
17414065
11111573
11111573
11111573
11111573
11111573
4253480
4253480
4253480
4253480
4253480
14745315
14745315
14745315
14745315
14745315
14726368
14726368
14726368
14726368
14726368
11111818
11112626
11111818
11111818
11112626
4253609
4253609
4253609
4253609
4253609
14745951
17413943
14745951
14745951
17413943
4254253
4254253
4254253
4254253
4254253
11112374
11112374
11112374
11112374
11112374
4248655
4248655
4248655
4248655
4248655
14745314
14745314
14745314
14745314
14745314
4252748
4252748
4252748
4252748
4252748
11112922
11112922
11112922
11112922
11112922
4253801
4253801
4253801
4253801
4253801
4253214
4253214
4253214
4253214
4253214
17412186
17412186
17412186
17412186
17412186
4254361
11111245
4254361
4254361
11111245
11111236
11111236
11111236
11111236
11111236
26750925
26750925
26750925
26750925
26750925
863009
7976748
863009
863009
7976748
4252711
4252711
4252711
4252711
4252711
4266772
17408469
17409026
4266772
17408469
11110989
11110989
11110989
11110989
11110989
4253367
4253367
4253367
4253367
4253367
11112602
11112647
11114156
11112602
11112647
11112673
11112673
11112673
11112673
11112673
17407817
17413713
17414651
17407817
17413713
7973228
11112416
7973228
7973228
11112416
11112556
11112556
11112556
11112556
11112556
4241857
4241857
4241857
4241857
4241857
14723762
14723762
14723762
14723762
14723762
17402632
17402632
17402632
17402632
17402632
11112855
11112855
11112855
11112855
11112855
4253202
4253202
4253202
4253202
4253202
11110880
11111036
4253069
11110880
11111036
4252050
4252050
4252050
4252050
4252050
14740730
14740730
14740730
14740730
14740730
4252973
11111504
4252973
4252973
11111504
11112452
11112782
17407190
11112452
11112782
4252875
4252875
4252875
4252875
4252875
11110832
11110832
11110832
11110832
11110832
17387848
17387848
17387848
17387848
17387848
14724160
14726067
14724160
14724160
14726067
4253586
11112301
4253586
4253586
11112301
17410309
17410309
17410309
17410309
17410309
4239296
17412079
4239296
4239296
17412079
11111587
7977024
11111587
11111587
7977024
11113837
11113837
11113837
11113837
11113837
17409283
17409283
17409283
17409283
17409283
4252447
4252447
4252447
4252447
4252447
4242640
4242640
4242640
4242640
4242640
17412219
17412219
17412219
17412219
17412219
11111045
11111529
11111045
11111045
11111529
26750868
26750868
26750868
26750868
26750868
17385722
17385722
17385722
17385722
17385722
11113836
11113836
11113836
11113836
11113836
26750990
26750990
26750990
26750990
26750990
14723739
17408560
17409323
14723739
17408560
17401464
17401464
17401464
17401464
17401464
17410797
17410797
17410797
17410797
17410797
4253397
4253397
4253397
4253397
4253397
17412628
17412628
17412628
17412628
17412628
4249014
4249014
4249014
4249014
4249014
7973657
14722637
14729399
14744655
7973657
14730920
14730920
14730920
14730920
14730920
17412992
17412992
17412992
17412992
17412992
17412117
17412117
17412117
17412117
17412117
17387933
17387933
17387933
17387933
17387933
4253095
4253095
4253095
4253095
4253095
4254067
11112343
4254067
4254067
11112343
4252803
11111728
11112170
11112211
4252803
26751100
26751100
26751100
26751100
26751100
26751049
26751049
26751049
26751049
26751049
4254332
14731969
17403321
17411592
17412196
26751125
26751125
26751125
26751125
26751125
4253689
4253689
4253689
4253689
4253689
4245568
4245568
4245568
4245568
4245568
11112567
11112567
11112567
11112567
11112567
4253048
11114148
4253048
4253048
11114148
3712526
3712980
17410228
3712526
3712980
861014
861014
861014
861014
861014
26751003
26751194
26751197
26751199
26751201
17387641
17401325
17387641
17387641
17401325
4253810
11111696
4253810
4253810
11111696
17385805
17416341
17385805
17385805
17416341
4240815
11112649
17413305
4240815
11112649
4245508
4248656
4252656
4245508
4248656
4253695
11112808
4253695
4253695
11112808
16952412
17411420
16952412
16952412
17411420
4266427
8142843
4266427
4266427
8142843
11113315
11113315
11113315
11113315
11113315
11111674
4246970
11112139
11112230
11111674
4249316
14732562
26750724
4249316
14732562
4266487
4266498
4266487
4266487
4266498
4245472
14735333
4245472
4245472
14735333
3713645
3713645
3713645
3713645
3713645
4253439
4253439
4253439
4253439
4253439
14742424
14742424
14742424
14742424
14742424
14724027
14724038
14724027
14724027
14724038
14745215
14745215
14745215
14745215
14745215
14737691
14737691
14737691
14737691
14737691
26750954
26750955
26750954
26750954
26750955
4253838
4253838
4253838
4253838
4253838
26751107
26751111
26751107
26751107
26751111
11114163
11114163
11114163
11114163
11114163
4240936
11111373
14737416
4240936
11111373
853436
14742817
853436
853436
14742817
4252903
4252903
4252903
4252903
4252903
14743428
14743428
14743428
14743428
14743428
11112532
11112532
11112532
11112532
11112532
4252468
4254298
11111543
11112411
4252468
11110894
11113451
11110894
11110894
11113451
11113883
11113883
11113883
11113883
11113883
4240883
4240883
4240883
4240883
4240883
11111429
11111429
11111429
11111429
11111429
11111779
11114085
11111779
11111779
11114085
11111856
11111856
11111856
11111856
11111856
4252730
4252730
4252730
4252730
4252730
17411532
17411532
17411532
17411532
17411532
8142826
8142826
8142826
8142826
8142826
4242776
14742523
17409766
4242776
14742523
4238157
4239911
4238157
4238157
4239911
842968
842968
842968
842968
842968
4253688
11111012
11112753
4253688
11111012
17409161
17409161
17409161
17409161
17409161
17411364
17411364
17411364
17411364
17411364
4253430
11110797
11112160
4253430
11110797
4248385
4248385
4248385
4248385
4248385
14741914
14741914
14741914
14741914
14741914
4252698
4253288
4253372
4252698
4253288
26750978
26750978
26750978
26750978
26750978
4253360
4253360
4253360
4253360
4253360
26751044
26751129
26751044
26751044
26751129
4245389
4245389
4245389
4245389
4245389
11112125
11112125
11112125
11112125
11112125
4253152
4253434
4253152
4253152
4253434
4252911
4252911
4252911
4252911
4252911
4266502
4266502
4266502
4266502
4266502
850739
850739
850739
850739
850739
11111007
17409274
11111007
11111007
17409274
11110819
4253020
11110819
11110819
4253020
4241725
4243524
4241725
4241725
4243524
11111501
11111501
11111501
11111501
11111501
11112360
11112360
11112360
11112360
11112360
11110701
11111877
11110701
11110701
11111877
4252517
4252517
4252517
4252517
4252517
17408252
17408252
17408252
17408252
17408252
11111252
11111252
11111252
11111252
11111252
11111411
11111411
11111411
11111411
11111411
14742035
14742235
14742035
14742035
14742235
4254373
17410460
4254373
4254373
17410460
4254249
4254249
4254249
4254249
4254249
17408024
17408024
17408024
17408024
17408024
8142889
8142889
8142889
8142889
8142889
4253358
4253358
4253358
4253358
4253358
14743337
14743337
14743337
14743337
14743337
11111536
11111536
11111536
11111536
11111536
4254005
11111760
11112685
4254005
11111760
4254340
11112809
26750729
4254340
11112809
4254282
4254282
4254282
4254282
4254282
4242019
17416196
4242019
4242019
17416196
4252917
4253050
4252917
4252917
4253050
4244335
4253001
4253383
4244335
4253001
4244060
4247469
4244060
4244060
4247469
11113176
11111442
11112255
11113176
11111442
11110871
11110871
11110871
11110871
11110871
11113316
11113347
11113316
11113316
11113347
11112889
11112889
11112889
11112889
11112889
11110904
11111336
4253606
11111115
11112235
4253336
4253336
4253336
4253336
4253336
11111430
11111430
11111430
11111430
11111430
14731500
14731500
14731500
14731500
14731500
11114071
11114071
11114071
11114071
11114071
4249912
4250696
4249912
4249912
4250696
14726104
14726104
14726104
14726104
14726104
4240639
4244165
4240639
4240639
4244165
4248461
14726431
4248461
4248461
14726431
4252405
4252405
4252405
4252405
4252405
848253
4240995
848253
848253
4240995
17402702
17402702
17402702
17402702
17402702
11112710
11112710
11112710
11112710
11112710
11112849
11112849
11112849
11112849
11112849
11112173
11112173
11112173
11112173
11112173
4253469
4253469
4253469
4253469
4253469
14724049
14724049
14724049
14724049
14724049
26751176
26751178
26751176
26751176
26751178
4244422
4250919
4244422
4244422
4250919
863964
863964
863964
863964
863964
17387896
17387896
17387896
17387896
17387896
17402246
17402246
17402246
17402246
17402246
4254311
4254311
4254311
4254311
4254311
17387543
17387543
17387543
17387543
17387543
4241996
4254350
4241996
4241996
4254350
4252452
11110773
11110841
11111039
4252452
4253523
4253529
4253523
4253523
4253529
11114216
11114216
11114216
11114216
11114216
4247099
4247099
4247099
4247099
4247099
11112827
11112827
11112827
11112827
11112827
14742815
14743496
17409247
14742815
14743496
4247644
11111104
4247644
4247644
11111104
4237799
4252964
4253276
11111906
4237799
11113846
11113846
11113846
11113846
11113846
11111073
11111073
11111073
11111073
11111073
26751142
26751142
26751142
26751142
26751142
4254126
4254126
4254126
4254126
4254126
4252986
4252986
4252986
4252986
4252986
4253274
4253806
4253274
4253274
4253806
14723984
14740846
14723984
14723984
14740846
17408412
17408412
17408412
17408412
17408412
11111326
11111881
11112388
11111326
11111881
11112477
17402001
11112477
11112477
17402001
11113280
11110672
11113280
11113280
11110672
4266797
4242500
17403402
4266797
4242500
857531
17387817
17402155
857531
17387817
14732353
14732353
14732353
14732353
14732353
4253005
4253005
4253005
4253005
4253005
14745114
14745114
14745114
14745114
14745114
4242281
17408936
4242281
4242281
17408936
14732049
14732049
14732049
14732049
14732049
11110941
14743821
11110941
11110941
14743821
4252454
4252702
4253287
4252454
4252702
4252941
11112297
4252941
4252941
11112297
4253196
4253196
4253196
4253196
4253196
858440
4244521
858440
858440
4244521
4252907
4252907
4252907
4252907
4252907
850684
4245364
4247474
4248768
14722626
4253756
4253756
4253756
4253756
4253756
4253669
11110772
4252664
4252929
4254355
4253121
26751171
4253121
4253121
26751171
26751140
26751140
26751140
26751140
26751140
4252456
4252456
4252456
4252456
4252456
4254072
4254072
4254072
4254072
4254072
11112407
11112407
11112407
11112407
11112407
26751185
26751185
26751185
26751185
26751185
11111030
11111030
11111030
11111030
11111030
4253711
4253757
4253711
4253711
4253757
11111932
11111932
11111932
11111932
11111932
4237642
4237642
4237642
4237642
4237642
4243002
4243002
4243002
4243002
4243002
4254116
14745077
4254116
4254116
14745077
14734810
14734810
14734810
14734810
14734810
11112604
11112604
11112604
11112604
11112604
4253615
14724137
4253615
4253615
14724137
14723731
14723731
14723731
14723731
14723731
4247320
4250544
4251126
14724025
14739055
14724090
26751116
14724090
14724090
26751116
26750727
26750728
26750919
26750922
26750923
11113086
4253224
4253277
4253966
11112274
11113873
11113873
11113873
11113873
11113873
11110966
11110966
11110966
11110966
11110966
17408588
17408588
17408588
17408588
17408588
4253888
4253888
4253888
4253888
4253888
14740921
17408863
14740921
14740921
17408863
4254296
4254296
4254296
4254296
4254296
11113282
11112185
26751104
11113282
11112185
11110821
11110821
11110821
11110821
11110821
11111213
11111335
11111337
11111466
11111213
11111406
11111406
11111406
11111406
11111406
4254120
14726314
4254120
4254120
14726314
4253307
4254016
14723196
4253307
4254016
11111661
11111843
11111661
11111661
11111843
4253723
17411819
4253723
4253723
17411819
4253790
4253790
4253790
4253790
4253790
4266765
4266765
4266765
4266765
4266765
4249185
4254392
4249185
4249185
4254392
14743095
14743095
14743095
14743095
14743095
4241678
4241678
4241678
4241678
4241678
4240904
17408666
4240904
4240904
17408666
14731390
17402042
17402410
14731390
17402042
4246403
14734425
4246403
4246403
14734425
14723182
14741259
14723182
14723182
14741259
17410999
17410999
17410999
17410999
17410999
14732047
14732047
14732047
14732047
14732047
4254134
4254134
4254134
4254134
4254134
11111327
11111327
11111327
11111327
11111327
11110903
4253479
4254119
11110942
17410893
14738657
14738657
14738657
14738657
14738657
26750740
26750741
26750744
26750766
26750768
4254193
4254193
4254193
4254193
4254193
4266474
4266527
4266540
4266474
4266527
4244532
14740938
14744731
4244532
14740938
4266514
4266515
4266516
4266607
4266514
4246096
4246477
4246096
4246096
4246477
4244377
14723890
4244377
4244377
14723890
14742393
14745319
17387815
17408461
17410863
4266503
4266503
4266503
4266503
4266503
4241779
17406677
4241779
4241779
17406677
860691
864977
14723750
14744383
14744777
4266432
4266440
4266477
4266489
4266490
11111219
4242931
11111219
11111219
4242931
14744526
14744526
14744526
14744526
14744526
4266430
4266431
4266560
4266430
4266431
14723837
14723845
14723837
14723837
14723845
11113154
11113154
11113154
11113154
11113154
11110873
11111401
11110873
11110873
11111401
11111377
4254297
4254304
11111377
4254297
17402254
17411315
17402254
17402254
17411315
4241683
4241718
17403451
17408574
17408931
4266759
4253017
4253324
4266759
4253017
4253103
4253103
4253103
4253103
4253103
4253777
4253777
4253777
4253777
4253777
4254252
4254252
4254252
4254252
4254252
4253487
4253636
4253487
4253487
4253636
11112259
14740954
11112259
11112259
14740954
845581
4254013
7972595
14735146
845581
4239926
4240411
4239926
4239926
4240411
14726408
14727112
14726408
14726408
14727112
17401183
17406709
17401183
17401183
17406709
4254322
4254322
4254322
4254322
4254322
860507
860507
860507
860507
860507
4242129
4251968
14723377
14745479
4242129
844442
4250655
14744493
17401994
844442
4252555
4253205
4253364
4252555
4253205
11113242
11112856
11114253
11113242
11112856
4248487
4250224
4248487
4248487
4250224
14741593
14741593
14741593
14741593
14741593
11112920
11112920
11112920
11112920
11112920
17416340
17416340
17416340
17416340
17416340
26750984
26751150
26750984
26750984
26751150
4238978
4239189
4239358
4238978
4239189
17406716
17406716
17406716
17406716
17406716
4253043
11111017
4253043
4253043
11111017
4250618
4254266
17409855
17410890
4250618
14723186
14734710
14723186
14723186
14734710
4266520
17410157
4266520
4266520
17410157
11112836
11112836
11112836
11112836
11112836
11112193
11112302
11112193
11112193
11112302
26751196
26751200
26751203
26751204
26751205
17387500
17387500
17387500
17387500
17387500
4253108
4253271
11112117
11112377
11112510
4249336
14744525
14745801
4249336
14744525
11111002
11111952
11112289
11112316
11112888
26750732
26750733
26751187
26751188
26750732
26751268
26751286
26751303
26751307
26751321
4240881
14723166
17407179
4240881
14723166
4251787
17403606
4251787
4251787
17403606
17402099
17402099
17402099
17402099
17402099
4243562
4253887
17411365
17414526
4243562
17408576
17408937
17413634
17408576
17408937
14741625
14741625
14741625
14741625
14741625
4252590
4252958
4253368
4253585
4252590
4248727
14733922
4248727
4248727
14733922
14745227
14745227
14745227
14745227
14745227
4254018
14726040
4254018
4254018
14726040
4238293
4238293
4238293
4238293
4238293
11111970
11111970
11111970
11111970
11111970
14742818
14742818
14742818
14742818
14742818
4245972
17402113
4245972
4245972
17402113
4254257
11111437
11111563
11111805
11111871
17403212
17407055
17403212
17403212
17407055
862054
862054
862054
862054
862054
4241178
4243316
4244345
4245936
4241178
11111394
11111394
11111394
11111394
11111394
4247519
14745968
4247519
4247519
14745968
858435
7973621
11111816
14742144
858435
14727254
14742057
14742761
17415216
14727254
4237751
4238341
4238387
4253227
4254167
4253254
11111944
4253254
4253254
11111944
17403460
17407634
17408806
17410889
17403460
4254178
4254178
4254178
4254178
4254178
14743378
17414727
14743378
14743378
17414727
11111330
11111875
11111330
11111330
11111875
4251084
11111690
14742102
4251084
11111690
11113644
11113644
11113644
11113644
11113644
26750924
26750939
26750924
26750924
26750939
17408947
17408947
17408947
17408947
17408947
852029
860591
14723766
14742401
852029
4253120
4253120
4253120
4253120
4253120
4254259
4254259
4254259
4254259
4254259
4252988
4253160
4253187
4253313
11112138
862891
862891
862891
862891
862891
4237676
4237676
4237676
4237676
4237676
11111214
14732844
17408431
11111214
14732844
14744505
14744505
14744505
14744505
14744505
26750999
26751233
26751251
26751269
26751278
4247859
4250284
4247859
4247859
4250284
4245144
4245144
4245144
4245144
4245144
4266784
4266784
4266784
4266784
4266784
852148
4252713
4252735
4253701
4254225
4253334
4253334
4253334
4253334
4253334
11112865
17413574
11112865
11112865
17413574
4254162
4254162
4254162
4254162
4254162
4252595
4254342
11112639
4252595
4254342
861781
17416177
861781
861781
17416177
17402706
17402706
17402706
17402706
17402706
11111761
11111761
11111761
11111761
11111761
11113884
11113884
11113884
11113884
11113884
14726295
17388005
17406678
14726295
17388005
14742018
17406648
14742018
14742018
17406648
4252815
4253951
4252815
4252815
4253951
14740899
17412535
14740899
14740899
17412535
4248895
14724120
14741505
14743908
4248895
11112859
11112859
11112859
11112859
11112859
4241131
26750842
26751175
4241131
26750842
4254312
17402168
17413185
17413200
4254312
4239671
4239671
4239671
4239671
4239671
4246460
4247208
4252797
4246460
4247208
17415899
17415899
17415899
17415899
17415899
17402733
17402733
17402733
17402733
17402733
17402673
17402673
17402673
17402673
17402673
4254158
11111599
4254158
4254158
11111599
4253788
4253789
11111138
11112323
4253788
17402769
17402769
17402769
17402769
17402769
4252939
14727054
17403442
17409315
17413014
4253343
17411122
4253343
4253343
17411122
11112250
11112250
11112250
11112250
11112250
17412206
17412206
17412206
17412206
17412206
17406801
17411915
17406801
17406801
17411915
4250124
14723675
4250124
4250124
14723675
17402010
17406785
17402010
17402010
17406785
17402906
17402906
17402906
17402906
17402906
11113290
4253851
11111418
11111631
11113290
4253751
26751136
26751137
4253751
26751136
4252679
4252679
4252679
4252679
4252679
26750797
26750837
26750797
26750797
26750837
4253044
4253044
4253044
4253044
4253044
14735459
14737851
17407459
17409016
14735459
4253679
11111193
4253679
4253679
11111193
11111057
11111415
11111057
11111057
11111415
11112279
17411359
17416314
11112279
17411359
860146
4252776
860146
860146
4252776
4250855
4250855
4250855
4250855
4250855
4241903
4249081
4253230
17411298
4241903
4266642
4266653
17411877
17414550
17414944
4242601
4242601
4242601
4242601
4242601
859796
4243957
14741476
17401436
859796
11112227
14741872
17408859
17414117
11112227
11111774
17387919
11111774
11111774
17387919
4249800
7978455
14722911
4249800
7978455
4241802
4241802
4241802
4241802
4241802
4253377
4254286
4253377
4253377
4254286
14721904
14721904
14721904
14721904
14721904
11111792
11113669
26751172
11111792
11113669
17387899
17387899
17387899
17387899
17387899
11112147
11112147
11112147
11112147
11112147
4253733
4253733
4253733
4253733
4253733
26751436
26751436
26751436
26751436
26751436
11111020
11111759
11111020
11111020
11111759
4253378
4253378
4253378
4253378
4253378
4253231
4253231
4253231
4253231
4253231
4252083
14744550
4252083
4252083
14744550
4266460
4266460
4266460
4266460
4266460
4243372
14723190
14731586
14738665
17406579
17407230
17407230
17407230
17407230
17407230
17410283
17410283
17410283
17410283
17410283
4243302
17408544
17413929
4243302
17408544
3715127
4237607
3715127
3715127
4237607
26751045
26751127
26751045
26751045
26751127
4251354
4251354
4251354
4251354
4251354
26750952
26750953
26750952
26750952
26750953
4247698
4248553
17401395
17401987
17403456
17401212
17401212
17401212
17401212
17401212
17411005
17411484
17411005
17411005
17411484
11113196
11113196
11113196
11113196
11113196
4252789
4252789
4252789
4252789
4252789
4254065
4254065
4254065
4254065
4254065
14739948
14739948
14739948
14739948
14739948
4241858
4241858
4241858
4241858
4241858
14741287
14741287
14741287
14741287
14741287
4252729
4252729
4252729
4252729
4252729
4252701
4252701
4252701
4252701
4252701
11110740
11110740
11110740
11110740
11110740
4253401
4253401
4253401
4253401
4253401
4253647
4254246
4254264
4254424
4253647
17387852
17387852
17387852
17387852
17387852
14743559
14743559
14743559
14743559
14743559
4253755
4253755
4253755
4253755
4253755
14727222
14727222
14727222
14727222
14727222
4254197
11111491
4254197
4254197
11111491
14743312
14743312
14743312
14743312
14743312
4252975
4252975
4252975
4252975
4252975
11112688
11112688
11112688
11112688
11112688
14741693
14741693
14741693
14741693
14741693
4245726
14734085
4245726
4245726
14734085
14743319
14743319
14743319
14743319
14743319
11111306
17411703
11111306
11111306
17411703
17408566
17408566
17408566
17408566
17408566
17411142
17411142
17411142
17411142
17411142
7973019
17408005
17411903
7973019
17408005
26750753
26750782
26750783
26750808
26750825
848612
14734267
848612
848612
14734267
4253053
4254267
4253053
4253053
4254267
14735190
17406795
17406923
14735190
17406795
11112908
11112908
11112908
11112908
11112908
26751415
26751434
26751415
26751415
26751434
4252795
14730552
14733907
17407969
4252795
17415258
17415258
17415258
17415258
17415258
17387930
17387930
17387930
17387930
17387930
14740690
14743554
17387663
17406991
17408770
8142897
8142897
8142897
8142897
8142897
4250432
26750948
26751174
4250432
26750948
4252786
4254222
4252786
4252786
4254222
848392
848392
848392
848392
848392
11112592
11112592
11112592
11112592
11112592
17416039
17416039
17416039
17416039
17416039
14721867
14723880
17414361
14721867
14723880
4252841
4254258
4252841
4252841
4254258
14740875
14743381
14740875
14740875
14743381
17411504
17411504
17411504
17411504
17411504
17412134
17414536
17412134
17412134
17414536
4254130
4254130
4254130
4254130
4254130
4239147
11112817
14741661
14741725
14744271
11112689
11112689
11112689
11112689
11112689
4253036
11111143
4253036
4253036
11111143
17409218
17409218
17409218
17409218
17409218
4254036
4254036
4254036
4254036
4254036
14723934
14726321
17402084
17406752
17408731
14741558
17406663
14741558
14741558
17406663
11112317
11112317
11112317
11112317
11112317
7976782
14741269
17387785
17411809
17414692
4239424
4239424
4239424
4239424
4239424
14743342
14743342
14743342
14743342
14743342
17413926
17413926
17413926
17413926
17413926
11114010
11114010
11114010
11114010
11114010
11112902
11112902
11112902
11112902
11112902
4253792
11112277
11112438
4253792
11112277
11112610
11112610
11112610
11112610
11112610
14743588
14743588
14743588
14743588
14743588
14723765
14723765
14723765
14723765
14723765
4253917
11113425
4253917
4253917
11113425
26750748
26750770
26750795
26750800
26750748
14745067
14745067
14745067
14745067
14745067
17402038
17402038
17402038
17402038
17402038
4242950
14733934
4242950
4242950
14733934
17414086
17414086
17414086
17414086
17414086
14741133
14741133
14741133
14741133
14741133
17411415
17411415
17411415
17411415
17411415
26751037
26751037
26751037
26751037
26751037
845164
845164
845164
845164
845164
11110886
11111764
11110886
11110886
11111764
17386564
17386564
17386564
17386564
17386564
14745005
17410392
14745005
14745005
17410392
11111703
11111703
11111703
11111703
11111703
4245232
4245232
4245232
4245232
4245232
14737254
14737254
14737254
14737254
14737254
14735451
14735451
14735451
14735451
14735451
11111397
11111397
11111397
11111397
11111397
4253386
7977574
4253386
4253386
7977574
4238296
4238420
4238552
4238296
4238420
4266669
4266670
11112569
4266669
4266670
11110850
11110850
11110850
11110850
11110850
858342
858342
858342
858342
858342
4238216
4238977
4239660
4238216
4238977
11112606
11112606
11112606
11112606
11112606
4254043
4254043
4254043
4254043
4254043
4253167
17403454
4253167
4253167
17403454
4246838
4246838
4246838
4246838
4246838
4239647
4239647
4239647
4239647
4239647
3712054
3712054
3712054
3712054
3712054
4266418
4266420
4266422
4266446
4266475
14741544
14741544
14741544
14741544
14741544
14745707
14745707
14745707
14745707
14745707
11110878
11110878
11110878
11110878
11110878
4250129
4250129
4250129
4250129
4250129
4253918
4253918
4253918
4253918
4253918
4252734
4252518
11110923
4252734
4252518
4246945
4252216
4246945
4246945
4252216
11111659
17387481
11111659
11111659
17387481
4251344
17408920
4251344
4251344
17408920
11113152
11113155
11113212
4252514
11112260
14741603
14741603
14741603
14741603
14741603
4253094
4253094
4253094
4253094
4253094
11111862
14745168
11111862
11111862
14745168
14721905
17401207
17401482
14721905
17401207
4250102
4253668
4254313
4250102
4253668
860043
7973411
14722193
860043
7973411
17413955
17413955
17413955
17413955
17413955
4252239
17401140
17401468
4252239
17401140
7976045
7976045
7976045
7976045
7976045
14746028
14746028
14746028
14746028
14746028
26751110
26751110
26751110
26751110
26751110
14722628
14722628
14722628
14722628
14722628
11112881
11112881
11112881
11112881
11112881
17408852
17408852
17408852
17408852
17408852
4252754
4252754
4252754
4252754
4252754
14744996
17406749
14744996
14744996
17406749
17408052
17408052
17408052
17408052
17408052
14723821
14723821
14723821
14723821
14723821
4252535
17411985
4252535
4252535
17411985
4252811
14741903
4252811
4252811
14741903
4253802
17385806
4253802
4253802
17385806
4253828
14723876
17413030
4253828
14723876
4241521
4247546
4241521
4241521
4247546
17407569
17407569
17407569
17407569
17407569
17401311
17401311
17401311
17401311
17401311
4241342
4241342
4241342
4241342
4241342
4253535
4253535
4253535
4253535
4253535
4246248
17415944
4246248
4246248
17415944
11111438
11111438
11111438
11111438
11111438
849116
7972648
11113667
849116
7972648
4248413
4248413
4248413
4248413
4248413
3713783
14722200
17411089
3713783
14722200
17416256
17416256
17416256
17416256
17416256
14731001
14731001
14731001
14731001
14731001
17411815
17411815
17411815
17411815
17411815
4244578
4244578
4244578
4244578
4244578
4251949
11112253
17385723
17406682
17407470
11111399
11111399
11111399
11111399
11111399
14734376
14734376
14734376
14734376
14734376
4266790
4266790
4266790
4266790
4266790
4253569
4253569
4253569
4253569
4253569
11111763
11112535
11111763
11111763
11112535
14741449
14741449
14741449
14741449
14741449
11111891
11112818
11111891
11111891
11112818
11110924
11110924
11110924
11110924
11110924
11111794
11111794
11111794
11111794
11111794
17416252
17416252
17416252
17416252
17416252
17406895
17406895
17406895
17406895
17406895
11112418
11112418
11112418
11112418
11112418
4254218
11112869
4254218
4254218
11112869
17401953
17401953
17401953
17401953
17401953
4252622
4252878
4252622
4252622
4252878
17410149
17415416
17410149
17410149
17415416
17412875
17412875
17412875
17412875
17412875
14721868
17414511
14721868
14721868
17414511
11111807
4246819
14734086
17414505
11111807
4245632
11112921
4245632
4245632
11112921
11111133
11112763
11111133
11111133
11112763
14723185
14734938
14744690
14723185
14734938
14723722
14723722
14723722
14723722
14723722
11113794
11113794
11113794
11113794
11113794
4253056
4253057
17411696
4253056
4253057
4252962
4253366
4253752
11110837
11110931
11112816
11112816
11112816
11112816
11112816
4243099
4252512
4253071
4253392
4253995
11110984
11110984
11110984
11110984
11110984
4253289
4253941
4253289
4253289
4253941
11113307
4252641
11111281
11113307
4252641
17409518
17409518
17409518
17409518
17409518
4240712
4240712
4240712
4240712
4240712
4254396
4254396
4254396
4254396
4254396
11110973
11110973
11110973
11110973
11110973
4253498
4253498
4253498
4253498
4253498
11112593
11112677
17403440
11112593
11112677
26750927
26750982
26750983
26750987
26750927
4252901
4253028
4252901
4252901
4253028
844455
14742667
844455
844455
14742667
4252949
4252949
4252949
4252949
4252949
26751157
26751157
26751157
26751157
26751157
26751134
26751134
26751134
26751134
26751134
14724095
17412860
14724095
14724095
17412860
17402019
17409191
17402019
17402019
17409191
4252659
11111838
4252659
4252659
11111838
11112493
11112493
11112493
11112493
11112493
4252806
4253122
4254125
11111112
17409712
4243307
4243307
4243307
4243307
4243307
17413914
17413914
17413914
17413914
17413914
4252561
4253101
14732661
17387966
17402612
14723683
14723683
14723683
14723683
14723683
4252705
4252968
4253896
4252705
4252968
11111570
11111570
11111570
11111570
11111570
14723961
14723961
14723961
14723961
14723961
17413694
17413694
17413694
17413694
17413694
4246573
11114222
4246573
4246573
11114222
3717322
3717322
3717322
3717322
3717322
4254358
4254358
4254358
4254358
4254358
7978252
7978252
7978252
7978252
7978252
4254284
26751089
4254284
4254284
26751089
26750994
26750997
26750998
26751195
26751213
14741650
14742252
14741650
14741650
14742252
11112237
11112237
11112237
11112237
11112237
4246782
4246782
4246782
4246782
4246782
4247959
4247959
4247959
4247959
4247959
26751179
26751179
26751179
26751179
26751179
4253074
4253074
4253074
4253074
4253074
17412178
17414357
17412178
17412178
17414357
4253318
4253440
4253318
4253318
4253440
4247299
4247299
4247299
4247299
4247299
14741799
17406621
17407047
17409235
17413937
17408203
17408203
17408203
17408203
17408203
14731067
14735493
14731067
14731067
14735493
4253634
4253634
4253634
4253634
4253634
4252726
11111605
4252726
4252726
11111605
4253734
4253734
4253734
4253734
4253734
11111171
4253026
11111108
11111171
4253026
11112845
11112845
11112845
11112845
11112845
3712414
17416364
3712414
3712414
17416364
17410015
17410015
17410015
17410015
17410015
4253432
17410422
4253432
4253432
17410422
17414500
17414500
17414500
17414500
17414500
14733105
14733105
14733105
14733105
14733105
4253897
11113383
11113482
4253897
11113383
11111535
14726095
11111535
11111535
14726095
17407469
17407469
17407469
17407469
17407469
26751133
26751133
26751133
26751133
26751133
17408565
17408565
17408565
17408565
17408565
11112651
11112651
11112651
11112651
11112651
14743144
14743145
17406973
17412985
14743144
4266730
4266745
4266730
4266730
4266745
4247569
17414118
4247569
4247569
17414118
17407572
17408561
17415109
17407572
17408561
17406834
17406896
17406834
17406834
17406896
11113160
11112205
11113160
11113160
11112205
17407212
17407603
17408531
17410184
17413434
11112684
11112684
11112684
11112684
11112684
7972303
11112518
7972303
7972303
11112518
17407819
17407819
17407819
17407819
17407819
14740815
14740815
14740815
14740815
14740815
4244436
4253340
4253354
11111293
11112628
17416093
17416093
17416093
17416093
17416093
11111239
4252763
11112414
11111239
4252763
26751339
26751340
26751349
26751357
26751358
4253986
14722916
17385894
4253986
14722916
4243298
4253319
4243298
4243298
4253319
11112258
11112258
11112258
11112258
11112258
11111258
11111546
14735340
26751141
11111258
11111290
4253371
11111290
11111290
4253371
4254128
4254128
4254128
4254128
4254128
4252593
4253016
11110960
14722903
4252593
17406724
26751085
17406724
17406724
26751085
17410225
17410225
17410225
17410225
17410225
4238453
4238556
4238653
4239880
4240242
14723858
14735267
14736521
14723858
14735267
7974447
14723143
14731567
14731569
14745864
4240969
4247501
14722198
4240969
4247501
4245624
4245624
4245624
4245624
4245624
4243412
4250472
4254102
14744448
4243412
11111352
11111352
11111352
11111352
11111352
4252455
4252466
4252948
4253061
4252455
4252562
4252886
4252562
4252562
4252886
14727284
14727284
14727284
14727284
14727284
17402907
17402907
17402907
17402907
17402907
4238983
4248986
17409758
4238983
4248986
14745414
17387991
14745414
14745414
17387991
4252832
11112764
4252832
4252832
11112764
843298
7972600
14740488
843298
7972600
17403013
17410274
17412125
17403013
17410274
7972054
7972054
7972054
7972054
7972054
4248690
4248690
4248690
4248690
4248690
4250267
17414213
4250267
4250267
17414213
7976204
7976204
7976204
7976204
7976204
4242675
4245095
4252488
4252833
4253653
11111443
4250708
11111443
11111443
4250708
4242433
11110679
4242433
4242433
11110679
4253081
14739529
17414881
4253081
14739529
17403296
17403296
17403296
17403296
17403296
4250957
4250957
4250957
4250957
4250957
4245688
17412984
17414111
4245688
17412984
4253969
4253969
4253969
4253969
4253969
4252532
4252532
4252532
4252532
4252532
14743076
14743076
14743076
14743076
14743076
4238078
14726021
4238078
4238078
14726021
4238845
4250001
14726071
14735329
14746013
14740923
14745932
17415735
14740923
14745932
4243755
4243755
4243755
4243755
4243755
4237556
4237695
4238087
4238093
4238215
4237970
4238017
4238030
4238234
4238238
4251248
4251248
4251248
4251248
4251248
11111938
11111938
11111938
11111938
11111938
4242891
4245771
4242891
4242891
4245771
4238711
7972985
4238711
4238711
7972985
4252732
4253847
17407252
4252732
4253847
4239331
4237509
4237571
4237734
4237951
8148896
8148896
8148896
8148896
8148896
4237882
4238486
4237882
4237882
4238486
11111641
11112804
11111641
11111641
11112804
4246277
14723158
4246277
4246277
14723158
4266679
11111978
4266679
4266679
11111978
4239174
4237516
4237528
4237643
4237767
4237731
4237740
4237814
4238155
4238354
11112427
14723721
11112427
11112427
14723721
4237566
4238187
4238580
4238775
4238794
4245627
4253677
4245627
4245627
4253677
4266640
4266645
4266649
4266651
4266655
846890
11111376
26750872
846890
11111376
4266700
4266708
4266723
4245065
4246110
4243237
4245044
4246504
4247574
4243237
4266639
4266650
14722202
4266639
4266650
14745330
14745330
14745330
14745330
14745330
4248824
4248824
4248824
4248824
4248824
14723841
14741959
14723841
14723841
14741959
844043
4239545
4248329
844043
4239545
17401294
17401450
17401294
17401294
17401450
4238724
4238862
4239856
4238724
4238862
17387577
17408624
17408904
17387577
17408624
11111159
11111159
11111159
11111159
11111159
4254161
4254161
4254161
4254161
4254161
4238193
4239290
4240227
4238193
4239290
4237473
4237476
4237907
4238444
4238884
17403337
17408977
17403337
17403337
17408977
4239205
4237570
4237860
4237945
4238466
4237618
4238300
4238427
4239895
4240113
4254032
4254032
4254032
4254032
4254032
14734050
17408501
14734050
14734050
17408501
4266752
863013
4242652
14724100
14737167
17408161
17408161
17408161
17408161
17408161
4266782
17407219
17415864
4266782
17407219
4242426
4246117
14729726
14744365
17388605
4253900
11111972
14731397
17413976
4253900
4238226
4240464
4238226
4238226
4240464
11114161
17387800
11114161
11114161
17387800
4237966
4239021
4239754
4239889
4240327
11112168
11112168
11112168
11112168
11112168
4239858
4239844
4239858
4239858
4239844
17410486
17410486
17410486
17410486
17410486
862353
4241519
14742469
862353
4241519
17402258
17402258
17402258
17402258
17402258
4244205
4251040
4252265
4244205
4251040
17408682
17408682
17408682
17408682
17408682
851674
14723197
14731425
14738161
17407520
14735682
14741332
14735682
14735682
14741332
7974123
14724019
14736707
17411446
7974123
4243947
14733574
14741770
14745717
4243947
14721874
14723764
14723860
17408012
14721874
17386560
17386560
17386560
17386560
17386560
4237892
4238802
17388573
4237892
4238802
4238305
4238763
4238305
4238305
4238763
7972541
7972541
7972541
7972541
7972541
4253297
4253297
4253297
4253297
4253297
11110872
11110872
11110872
11110872
11110872
26751109
26751109
26751109
26751109
26751109
4237517
4237990
4237997
4238019
4238181
11110862
11114244
14741600
17406793
17413292
26750745
26750772
26750779
26750852
26750745
17408389
17408389
17408389
17408389
17408389
11111038
11111038
11111038
11111038
11111038
26751170
26751170
26751170
26751170
26751170
4250343
4250343
4250343
4250343
4250343
4253889
17401142
17402104
4253889
17401142
26750865
26751166
26750865
26750865
26751166
14745978
14745978
14745978
14745978
14745978
17408311
17408311
17408311
17408311
17408311
4253848
4253848
4253848
4253848
4253848
11112264
11112264
11112264
11112264
11112264
4248653
4248653
4248653
4248653
4248653
17414969
17414969
17414969
17414969
17414969
14740775
14740775
14740775
14740775
14740775
17411619
17411619
17411619
17411619
17411619
4241122
4241122
4241122
4241122
4241122
11112525
11112525
11112525
11112525
11112525
14737452
14737452
14737452
14737452
14737452
4249498
17401993
4249498
4249498
17401993
11110857
11110857
11110857
11110857
11110857
4254015
14741420
4254015
4254015
14741420
26751289
26751289
26751289
26751289
26751289
4248658
17409331
17411949
4248658
17409331
861630
14727194
861630
861630
14727194
4247246
4253850
4247246
4247246
4253850
17411654
17411654
17411654
17411654
17411654
11114278
17387853
17403188
17406653
11114278
4266699
4266707
4266699
4266699
4266707
11111949
11111949
11111949
11111949
11111949
4243335
4251422
4243335
4243335
4251422
11113647
11113647
11113647
11113647
11113647
14740943
14740943
14740943
14740943
14740943
14722901
14722901
14722901
14722901
14722901
14726293
16952440
14726293
14726293
16952440
11111369
17413554
17415186
11111369
17413554
17414537
17414537
17414537
17414537
17414537
4240424
4245662
4240424
4240424
4245662
850283
3711783
4242117
14745853
17406712
8142839
3715881
4241102
14741024
14743506
4246742
14744040
4246742
4246742
14744040
11111114
11114003
11114004
11111114
11114003
4252946
4252946
4252946
4252946
4252946
4253142
4254245
4253142
4253142
4254245
11111950
11114009
11111950
11111950
11114009
4254347
4254347
4254347
4254347
4254347
14730896
14730896
14730896
14730896
14730896
14726082
14726082
14726082
14726082
14726082
11111812
11111812
11111812
11111812
11111812
4254228
4254228
4254228
4254228
4254228
26751148
26751148
26751148
26751148
26751148
17401454
17411190
17401454
17401454
17411190
4252994
4253573
4252994
4252994
4253573
4254363
4254363
4254363
4254363
4254363
846322
846322
846322
846322
846322
14727071
14727071
14727071
14727071
14727071
4245285
4246367
11112135
14722932
14731240
14744472
14744472
14744472
14744472
14744472
17402171
17402171
17402171
17402171
17402171
17409804
17409804
17409804
17409804
17409804
4253461
4253461
4253461
4253461
4253461
11111714
11111714
11111714
11111714
11111714
11111408
4253530
11111408
11111408
4253530
11111410
11111410
11111410
11111410
11111410
4247458
4247458
4247458
4247458
4247458
11110663
11111897
14741138
11110663
11111897
26750993
26751000
26751419
26750993
26751000
26750858
26750858
26750858
26750858
26750858
14737406
17409906
14737406
14737406
17409906
11112456
17416026
11112456
11112456
17416026
11111299
17403465
11111299
11111299
17403465
4250497
17386992
4250497
4250497
17386992
11111056
11113366
17406900
11111056
11113366
4246166
14742331
17411082
4246166
14742331
4253013
4253148
17406943
4253013
4253148
4241062
4244248
14721907
4241062
4244248
11111527
11111694
11111527
11111527
11111694
11111374
11111374
11111374
11111374
11111374
14732079
14735049
17387984
17403485
17414656
4248555
17403406
4248555
4248555
17403406
17407950
17407950
17407950
17407950
17407950
17401401
17401401
17401401
17401401
17401401
4247401
11111853
14745167
4247401
11111853
17385335
17385335
17385335
17385335
17385335
14744625
17408677
14744625
14744625
17408677
17408478
17409271
17414981
17415338
17408478
14722120
14722120
14722120
14722120
14722120
4253670
14737824
17407595
17407636
17408034
26750763
26750809
26751173
26750763
26750809
14741405
14741405
14741405
14741405
14741405
4253830
4253830
4253830
4253830
4253830
4241007
4241007
4241007
4241007
4241007
14730640
17387986
17403436
17407007
17409100
17411292
17411292
17411292
17411292
17411292
14745850
17403208
17414162
14745850
17403208
14721882
14721882
14721882
14721882
14721882
17410152
17410152
17410152
17410152
17410152
26750799
26750813
26750814
26750816
26750817
14740839
14740839
14740839
14740839
14740839
14738370
17411188
14738370
14738370
17411188
11110689
11111869
4245775
11112432
11110689
4239102
4237606
4237614
4237665
4237769
4253517
4254426
4253517
4253517
4254426
14741000
14741000
14741000
14741000
14741000
4251289
4251289
4251289
4251289
4251289
4254094
4254094
4254094
4254094
4254094
17412184
17412184
17412184
17412184
17412184
4252470
4252470
4252470
4252470
4252470
11112204
11112204
11112204
11112204
11112204
11113430
11113430
11113430
11113430
11113430
4254346
4254346
4254346
4254346
4254346
4252799
4252799
4252799
4252799
4252799
858640
17402551
858640
858640
17402551
4252667
4253599
4252667
4252667
4253599
4254391
4254391
4254391
4254391
4254391
17416202
17416202
17416202
17416202
17416202
14744460
14744460
14744460
14744460
14744460
26750960
26750960
26750960
26750960
26750960
17408410
17408410
17408410
17408410
17408410
4239973
4239973
4239973
4239973
4239973
17408580
17408580
17408580
17408580
17408580
11110843
17407003
17413677
11110843
17407003
26751006
26751239
26751244
26751245
26751257
14726065
14726065
14726065
14726065
14726065
4244065
14742564
4244065
4244065
14742564
4252459
4252462
4252459
4252459
4252462
14742017
17406589
14742017
14742017
17406589
4253051
4253051
4253051
4253051
4253051
17413307
17415590
17413307
17413307
17415590
17411486
17411486
17411486
17411486
17411486
11111942
11111942
11111942
11111942
11111942
11111513
17413131
11111513
11111513
17413131
26750784
26750791
26750794
26750784
26750791
4243079
14742868
4243079
4243079
14742868
11110712
11110796
11110712
11110712
11110796
11112871
14739697
14743384
17412895
26751153
11111250
11111250
11111250
11111250
11111250
26751189
26751190
26751189
26751189
26751190
4247163
4247163
4247163
4247163
4247163
17387491
17414202
17387491
17387491
17414202
14741324
14741324
14741324
14741324
14741324
14726090
14726090
14726090
14726090
14726090
4244502
4245261
11111789
4244502
4245261
11111966
11111966
11111966
11111966
11111966
14735103
14735103
14735103
14735103
14735103
4254045
4254045
4254045
4254045
4254045
26750859
26750859
26750859
26750859
26750859
4252881
4252881
4252881
4252881
4252881
14730875
14730875
14730875
14730875
14730875
11111741
17412214
11111741
11111741
17412214
4253564
4254163
4254248
11110693
11110793
852628
4243991
11112144
852628
4243991
11112712
26751162
11112712
11112712
26751162
17401814
17414626
17415610
17415729
17401814
17408732
17415601
17408732
17408732
17415601
4253444
4253444
4253444
4253444
4253444
11112094
11112094
11112094
11112094
11112094
11113229
4252709
4252967
4253011
4253429
4245932
4245932
4245932
4245932
4245932
11111350
11111350
11111350
11111350
11111350
17410150
17410150
17410150
17410150
17410150
4240694
14745072
4240694
4240694
14745072
26750985
26750985
26750985
26750985
26750985
11113858
11113858
11113858
11113858
11113858
14727158
14737445
14727158
14727158
14737445
4247856
4247856
4247856
4247856
4247856
11111505
4244046
11111505
11111505
4244046
17403263
17403263
17403263
17403263
17403263
4247564
4247564
4247564
4247564
4247564
14740840
14740840
14740840
14740840
14740840
11113733
11113733
11113733
11113733
11113733
17403469
17403469
17403469
17403469
17403469
14731005
14731005
14731005
14731005
14731005
4242803
4242803
4242803
4242803
4242803
17406881
26750869
17406881
17406881
26750869
4241371
17406799
4241371
4241371
17406799
14726277
14731797
14726277
14726277
14731797
4253999
4253999
4253999
4253999
4253999
17402297
17407947
17402297
17402297
17407947
4252884
11111242
4252884
4252884
11111242
17387448
17387448
17387448
17387448
17387448
4245204
17402750
17403231
4245204
17402750
17411814
17411814
17411814
17411814
17411814
11110998
4252576
4253091
4254432
11110724
17411237
17411322
17411543
17411237
17411322
17414322
17414322
17414322
17414322
17414322
14731461
17387465
17408928
17414872
17414978
4253294
17403314
4253294
4253294
17403314
17414358
17414358
17414358
17414358
17414358
11111927
11111927
11111927
11111927
11111927
4241633
4243013
4251186
17412600
4241633
11111380
11111380
11111380
11111380
11111380
17407811
17407919
17411779
17407811
17407919
17408540
17408540
17408540
17408540
17408540
14724064
26751242
26751260
26751407
26751430
4247533
11112198
4247533
4247533
11112198
4252787
4252880
4253242
4253713
4253778
14721902
14722117
14722128
14744557
14721902
14745027
14745027
14745027
14745027
14745027
26751164
26751164
26751164
26751164
26751164
17385993
26751158
17385993
17385993
26751158
8148893
8148895
11112229
8148893
8148895
17407198
17408559
17411743
17407198
17408559
17415249
17415293
17415249
17415249
17415293
14722144
14722144
14722144
14722144
14722144
4244149
4254203
4244149
4244149
4254203
14738163
17387963
17403334
17413902
14738163
4252836
4252836
4252836
4252836
4252836
4252451
17403420
4252451
4252451
17403420
4247361
14743941
17413093
4247361
14743941
4252386
17403004
17412390
4252386
17403004
4253412
4253412
4253412
4253412
4253412
14742762
17387760
14742762
14742762
17387760
14724074
14726707
14724074
14724074
14726707
7973987
14744639
7973987
7973987
14744639
17409139
17409139
17409139
17409139
17409139
4254026
4254047
4254026
4254026
4254047
14723408
14731430
14723408
14723408
14731430
17411165
17411165
17411165
17411165
17411165
852933
4238333
4238493
4238500
4239775
4240901
4246093
4246319
4240901
4246093
26750942
26750942
26750942
26750942
26750942
17413164
17413164
17413164
17413164
17413164
11112503
11112503
11112503
11112503
11112503
4241092
4247669
4248185
4252662
17412130
14738639
17413592
14738639
14738639
17413592
17407492
17407492
17407492
17407492
17407492
862611
14740858
14743309
14743442
862611
26751159
26751159
26751159
26751159
26751159
17409031
17409031
17409031
17409031
17409031
4251431
4253021
11111656
4251431
4253021
14742372
14742372
14742372
14742372
14742372
4250500
17415955
4250500
4250500
17415955
4253304
4254112
11112919
4253304
4254112
14724032
14745164
14724032
14724032
14745164
4253238
4253323
4253238
4253238
4253323
14741194
14741194
14741194
14741194
14741194
17401419
17401419
17401419
17401419
17401419
14723383
14723383
14723383
14723383
14723383
4240980
14723147
4240980
4240980
14723147
4252943
11111839
11111842
4252943
11111839
860782
860782
860782
860782
860782
4253638
4253638
4253638
4253638
4253638
11110860
11110926
11111903
11110856
11112098
4242011
4250910
7977466
14722936
17387832
14721851
14721851
14721851
14721851
14721851
26751117
26751117
26751117
26751117
26751117
4238005
4238132
4238294
4238866
4239216
17416339
17416339
17416339
17416339
17416339
4249519
26751169
4249519
4249519
26751169
17406908
17406908
17406908
17406908
17406908
11111348
14742173
17403400
17414522
17415002
26751106
26751106
26751106
26751106
26751106
853696
14739769
853696
853696
14739769
14744860
17411314
17413555
14744860
17411314
7972958
7972958
7972958
7972958
7972958
14745824
14745824
14745824
14745824
14745824
17408838
17408838
17408838
17408838
17408838
17403282
17406624
17407092
17408080
17408948
14741962
14741962
14741962
14741962
14741962
14740871
17401391
17413721
17415585
14740871
4237745
4237745
4237745
4237745
4237745
4254092
4254092
4254092
4254092
4254092
17411002
17411002
17411002
17411002
17411002
11110684
4253186
11113924
11110684
4253186
4254184
14741622
17401236
17415879
4254184
14723790
14723790
14723790
14723790
14723790
17409555
26751126
17409555
17409555
26751126
14722644
14741691
14722644
14722644
14741691
17406596
17406611
17406596
17406596
17406611
11111462
4252945
11113446
11114019
11111462
17407466
17414690
17407466
17407466
17414690
4253413
17410729
4253413
4253413
17410729
4253798
17401281
17414271
4253798
17401281
17414298
17414298
17414298
17414298
17414298
4252604
4252604
4252604
4252604
4252604
11112215
11112215
11112215
11112215
11112215
11111957
11111957
11111957
11111957
11111957
11111976
11111976
11111976
11111976
11111976
17416053
17416053
17416053
17416053
17416053
4242510
4248095
4242510
4242510
4248095
14739745
14745937
14739745
14739745
14745937
14722960
14724154
14736473
17403378
17414927
14735293
17407018
14735293
14735293
17407018
11111721
17403546
17411751
17413128
17414514
860889
14741452
860889
860889
14741452
17407004
17407191
17407343
17407344
17407004
17407348
17409902
17407348
17407348
17409902
4246905
4246905
4246905
4246905
4246905
11113273
11112664
11113273
11113273
11112664
4253976
4253976
4253976
4253976
4253976
26750749
26750750
26750751
26750758
26750802
14729207
14729207
14729207
14729207
14729207
17414366
17414366
17414366
17414366
17414366
11112890
14734680
14741242
11112890
14734680
17407026
17407026
17407026
17407026
17407026
17413930
17415315
17413930
17413930
17415315
11111751
11111751
11111751
11111751
11111751
14720752
14720752
14720752
14720752
14720752
17406733
17406733
17406733
17406733
17406733
4246471
4246471
4246471
4246471
4246471
17387770
17402068
17414365
17387770
17402068
17407462
17407462
17407462
17407462
17407462
14722950
14722957
14722950
14722950
14722957
11111864
11111864
11111864
11111864
11111864
17402151
17402164
17402151
17402151
17402164
26750798
26750798
26750798
26750798
26750798
11112668
11112668
11112668
11112668
11112668
17412426
17412426
17412426
17412426
17412426
14727208
14727208
14727208
14727208
14727208
14742016
14742016
14742016
14742016
14742016
4238065
4238395
4239884
17408557
17408653
14734842
14734842
14734842
14734842
14734842
17406600
17414300
17406600
17406600
17414300
14727257
14727257
14727257
14727257
14727257
17411588
17413212
17411588
17411588
17413212
4249559
4249559
4249559
4249559
4249559
4253477
17387459
17408087
4253477
17387459
14726034
14726034
14726034
14726034
14726034
11111500
11111500
11111500
11111500
11111500
17409303
17409303
17409303
17409303
17409303
14745094
14745094
14745094
14745094
14745094
17407857
17408182
17407857
17407857
17408182
17402424
17402429
17402424
17402424
17402429
11113211
11113211
11113211
11113211
11113211
17415320
17415320
17415320
17415320
17415320
11110970
11110970
11110970
11110970
11110970
14735496
14735496
14735496
14735496
14735496
4252772
17412293
4252772
4252772
17412293
858756
17387536
17413115
858756
17387536
17407263
17407263
17407263
17407263
17407263
4246167
26751087
26751144
4246167
26751087
4252577
17401970
17402562
4252577
17401970
861108
861108
861108
861108
861108
11113303
11111560
11113303
11113303
11111560
26751139
26751146
26751139
26751139
26751146
17387134
17387510
17387134
17387134
17387510
26751131
26751132
26751131
26751131
26751132
862672
17387667
862672
862672
17387667
4252912
4253514
4252912
4252912
4253514
11112475
11113885
11112475
11112475
11113885
26750888
26750888
26750888
26750888
26750888
17402261
17402261
17402261
17402261
17402261
4253899
17411650
4253899
4253899
17411650
26751055
26751067
26751055
26751055
26751067
11110702
11110702
11110702
11110702
11110702
4254407
4254407
4254407
4254407
4254407
4254107
4254107
4254107
4254107
4254107
11110983
11110983
11110983
11110983
11110983
26751124
26751124
26751124
26751124
26751124
4253807
11112311
4253807
4253807
11112311
17410029
17410029
17410029
17410029
17410029
17410640
17410640
17410640
17410640
17410640
11111381
17411373
11111381
11111381
17411373
4243788
4243788
4243788
4243788
4243788
4245504
4253030
11111506
4245504
4253030
4245056
14727242
14727291
17408308
4245056
14740769
14740769
14740769
14740769
14740769
17387771
17406594
17387771
17387771
17406594
4253138
4253767
4253138
4253138
4253767
11110851
4249597
14722908
17407363
11110851
11114017
11114017
11114017
11114017
11114017
11112231
26751122
11112231
11112231
26751122
11111746
14724098
17408611
11111746
14724098
4252552
4252897
4254335
4252552
4252897
11110755
11110755
11110755
11110755
11110755
4254294
4254294
4254294
4254294
4254294
846448
14726064
846448
846448
14726064
4253686
4253686
4253686
4253686
4253686
4252693
4253293
4252693
4252693
4253293
4253793
4253793
4253793
4253793
4253793
17408188
17408536
17408188
17408188
17408536
4253087
11111280
4253087
4253087
11111280
17385808
17414208
17385808
17385808
17414208
4253818
4253818
4253818
4253818
4253818
4250342
17407913
4250342
4250342
17407913
17412080
17412464
17413883
17414455
17414633
4241152
4241252
7972961
4241152
4241252
14742083
14742083
14742083
14742083
14742083
4244444
11111581
4244444
4244444
11111581
17401319
17401319
17401319
17401319
17401319
4251217
4251217
4251217
4251217
4251217
861145
861145
861145
861145
861145
4253346
4253346
4253346
4253346
4253346
17414755
17414755
17414755
17414755
17414755
4252887
4253910
11112873
17406783
4252887
11111279
11111279
11111279
11111279
11111279
11110749
11111698
4252919
4253127
4254194
14735693
17401274
14735693
14735693
17401274
14723699
14744854
17408457
17413600
14723699
852016
4244016
852016
852016
4244016
4240609
4249484
4252157
14730641
14731296
17402755
17408603
17402755
17402755
17408603
4241198
11112721
4241198
4241198
11112721
17407485
17407485
17407485
17407485
17407485
11114199
17410434
11114199
11114199
17410434
849118
4245342
4247677
4250490
4251860
14726070
17412051
14726070
14726070
17412051
11111346
11113414
11113431
11111346
11113414
4242183
17409072
17409144
17414585
4242183
17411723
17412661
17415179
17411723
17412661
17410028
17410028
17410028
17410028
17410028
17412040
17412040
17412040
17412040
17412040
14732083
17402838
14732083
14732083
17402838
14744389
14744395
14744389
14744389
14744395
863043
4247219
4249690
863043
4247219
14730501
14730501
14730501
14730501
14730501
4237576
4237649
4237888
4237924
4238125
7975646
14744991
17407169
7975646
14744991
17410368
17410368
17410368
17410368
17410368
7975066
11111040
7975066
7975066
11111040
17408652
17408652
17408652
17408652
17408652
4252812
11110687
11110720
11110745
11110747
26751435
26751435
26751435
26751435
26751435
4253131
4253131
4253131
4253131
4253131
17401201
17401201
17401201
17401201
17401201
4252930
4254251
4252930
4252930
4254251
14741972
14741972
14741972
14741972
14741972
4247852
4250629
4247852
4247852
4250629
4253474
17415574
4253474
4253474
17415574
11111314
11113364
17385661
11111314
11113364
17410547
17413410
17410547
17410547
17413410
17409081
17409081
17409081
17409081
17409081
4253209
859883
4253210
4253211
7977291
14723199
14723199
14723199
14723199
14723199
17410336
17415717
17410336
17410336
17415717
4237875
4237875
4237875
4237875
4237875
17386615
17403112
17386615
17386615
17403112
4266672
14742757
4266672
4266672
14742757
14742061
14742061
14742061
14742061
14742061
26751184
26751186
26751184
26751184
26751186
4253165
4253172
11110703
11110765
11111246
11112765
11112765
11112765
11112765
11112765
4252068
4252068
4252068
4252068
4252068
14721895
14721949
14721895
14721895
14721949
11113503
11113503
11113503
11113503
11113503
4250245
7975859
14739946
14740879
4250245
4266476
4266499
4266500
4266501
17408780
17403177
17413590
17414880
17403177
17413590
14743147
14743147
14743147
14743147
14743147
17406893
17406893
17406893
17406893
17406893
4245288
11114249
14723155
17413859
4245288
4244193
4251506
17403680
4244193
4251506
4253073
26751102
4253073
4253073
26751102
11111084
11111084
11111084
11111084
11111084
17401357
17415650
17401357
17401357
17415650
4241555
4241555
4241555
4241555
4241555
14737229
17411941
14737229
14737229
17411941
14744397
14744397
14744397
14744397
14744397
26750870
26750870
26750870
26750870
26750870
4253914
11112743
14740820
14741464
4253914
11111503
11111503
11111503
11111503
11111503
11112519
11112519
11112519
11112519
11112519
4252533
4252609
4252918
4253898
14744579
4253997
14722924
4253997
4253997
14722924
4252479
4252479
4252479
4252479
4252479
4242792
4253092
17411233
17414270
4242792
4246068
4249136
4252197
17412891
4246068
17402766
17402766
17402766
17402766
17402766
17409682
17409682
17409682
17409682
17409682
4251448
4251678
14738334
4251448
4251678
17387460
17406967
17408129
17387460
17406967
17415994
17415995
17415994
17415994
17415995
4237548
4237641
4237690
4237694
4237703
4253845
17413751
4253845
4253845
17413751
14744591
14744591
14744591
14744591
14744591
14731968
17408821
14731968
14731968
17408821
4244369
14724115
17415751
4244369
14724115
4251945
7973923
4251945
4251945
7973923
4245907
17409085
4245907
4245907
17409085
4241204
14745637
4241204
4241204
14745637
14729232
17407130
14729232
14729232
17407130
4245588
4245588
4245588
4245588
4245588
4250355
4250355
4250355
4250355
4250355
17408980
17413952
17408980
17408980
17413952
14722185
14734962
14741055
17410677
14722185
4241545
4243194
4245497
4247249
4248255
4242585
7976787
17403651
17407765
17408901
14741397
26750871
14741397
14741397
26750871
17407936
17407936
17407936
17407936
17407936
14723179
14723183
14723179
14723179
14723183
11113142
11111707
11113142
11113142
11111707
7976741
17411823
7976741
7976741
17411823
11112177
11112177
11112177
11112177
11112177
17408923
17408923
17408923
17408923
17408923
3712241
3712241
3712241
3712241
3712241
14732863
14732863
14732863
14732863
14732863
17387780
17387780
17387780
17387780
17387780
11111433
11111433
11111433
11111433
11111433
14743431
14743431
14743431
14743431
14743431
14743943
14743943
14743943
14743943
14743943
17403489
17403489
17403489
17403489
17403489
11111780
11111790
11111795
11111780
11111790
26750726
26750903
26750726
26750726
26750903
14724044
14724044
14724044
14724044
14724044
17407132
17407132
17407132
17407132
17407132
17402146
17402146
17402146
17402146
17402146
11111044
11111044
11111044
11111044
11111044
17409966
17409966
17409966
17409966
17409966
14722890
14722890
14722890
14722890
14722890
4250954
4250954
4250954
4250954
4250954
4254084
4254084
4254084
4254084
4254084
4253422
4253422
4253422
4253422
4253422
7972921
7972921
7972921
7972921
7972921
17414991
17414991
17414991
17414991
17414991
4245427
14722018
14735006
4245427
14722018
14738097
14738097
14738097
14738097
14738097
4250667
17414707
4250667
4250667
17414707
11111644
11112401
11111644
11111644
11112401
4246613
14744640
17413087
17415906
4246613
11112793
11112793
11112793
11112793
11112793
17413165
17413165
17413165
17413165
17413165
4237770
4238224
4238342
4238462
4238643
17387626
17387626
17387626
17387626
17387626
17402996
17408799
17410267
17415598
17402996
17401476
17406990
17401476
17401476
17406990
4246125
4251917
7973357
17407487
17407489
4252607
4252632
4253597
4252607
4252632
4251139
14726325
4251139
4251139
14726325
11111177
11111177
11111177
11111177
11111177
17407475
17407475
17407475
17407475
17407475
17407493
17407493
17407493
17407493
17407493
11112339
11112339
11112339
11112339
11112339
844873
844873
844873
844873
844873
14723702
17408599
17413320
14723702
17408599
26751147
26751147
26751147
26751147
26751147
17416301
17416301
17416301
17416301
17416301
17410723
17410723
17410723
17410723
17410723
859244
4237657
4239618
4240042
4240166
17401231
17401231
17401231
17401231
17401231
4252640
11112164
17407378
17415515
4252640
4266626
4266771
11111315
11112404
4266626
26750918
26750933
26750918
26750918
26750933
4248987
4248987
4248987
4248987
4248987
17403646
17414866
17403646
17403646
17414866
4237535
4237568
4237644
4237725
4238016
11112741
14726446
14745696
17413202
17413204
17403578
17412948
17403578
17403578
17412948
17413236
17413236
17413236
17413236
17413236
4254189
14729611
17415953
4254189
14729611
4254289
4254289
4254289
4254289
4254289
4253719
17411187
4253719
4253719
17411187
11111904
11111904
11111904
11111904
11111904
4238040
4238131
4238194
4239150
4239194
17406671
17406671
17406671
17406671
17406671
17387470
17387470
17387470
17387470
17387470
11113981
11113981
11113981
11113981
11113981
4253823
17411238
4253823
4253823
17411238
4243356
4243356
4243356
4243356
4243356
11110758
11110758
11110758
11110758
11110758
4253844
14740825
4253844
4253844
14740825
11111450
11111450
11111450
11111450
11111450
11113257
11112512
11113997
17386005
11113257
4252387
4252387
4252387
4252387
4252387
17415938
17415938
17415938
17415938
17415938
4266617
4266618
4266620
4266694
4266702
11112571
11112571
11112571
11112571
11112571
4253068
4253068
4253068
4253068
4253068
14731226
14731226
14731226
14731226
14731226
4252716
4252717
4253632
4253815
4252716
14740128
14744008
14740128
14740128
14744008
11110947
4253451
11113410
11110947
4253451
4253495
4253495
4253495
4253495
4253495
4252629
4253923
4253952
11114175
4252629
11112862
11112862
11112862
11112862
11112862
14726089
14726089
14726089
14726089
14726089
17415173
17415173
17415173
17415173
17415173
4244265
17385810
17386135
4244265
17385810
11111831
14734526
14734624
14741554
17409905
26750747
26750764
26750773
26750788
26750747
4247711
4249370
4251755
4252120
4247711
17408645
17411641
17408645
17408645
17411641
4249770
4249770
4249770
4249770
4249770
17387882
17387882
17387882
17387882
17387882
14727226
17411945
17414154
14727226
17411945
14730508
17408181
14730508
14730508
17408181
14723172
14724148
14745201
17409295
14723172
14744987
17407573
17408497
17413625
14744987
11110808
11111282
11110808
11110808
11111282
4253500
4253500
4253500
4253500
4253500
14727179
17415854
14727179
14727179
17415854
4253221
17414317
4253221
4253221
17414317
4253359
4253359
4253359
4253359
4253359
14735069
14737688
14741578
14742820
14743311
4252900
4252950
4254230
14744863
4252900
17408464
17408994
17408464
17408464
17408994
4241722
17411910
17414868
4241722
17411910
26751193
26751193
26751193
26751193
26751193
4252934
11111493
4252934
4252934
11111493
4252762
4252838
11112495
11112514
4252762
11111360
11111360
11111360
11111360
11111360
11112491
11112491
11112491
11112491
11112491
14729727
14729727
14729727
14729727
14729727
17411265
17411368
17411636
17411265
17411368
4253329
4253329
4253329
4253329
4253329
17403679
17403679
17403679
17403679
17403679
4253032
11110935
11112421
4253032
11110935
14723800
14726106
14727155
14723800
14726106
14737255
14737255
14737255
14737255
14737255
11111078
11111078
11111078
11111078
11111078
14722081
17408673
17409294
14722081
17408673
17414540
17414540
17414540
17414540
17414540
14722183
14722183
14722183
14722183
14722183
17410196
17410196
17410196
17410196
17410196
7973964
7973964
7973964
7973964
7973964
14738943
14738943
14738943
14738943
14738943
4252546
11112303
11112522
4252546
11112303
11114241
11114241
11114241
11114241
11114241
4247275
4247275
4247275
4247275
4247275
11111755
14734991
17403496
17414273
11111755
14735239
17406713
14735239
14735239
17406713
4242412
4242412
4242412
4242412
4242412
862506
4242418
7974811
14745084
17410453
17402077
17410504
17402077
17402077
17410504
4253107
4253139
14724034
4253107
4253139
4251352
4251352
4251352
4251352
4251352
4239806
4239806
4239806
4239806
4239806
11113741
11113741
11113741
11113741
11113741
4249174
14723723
17408938
4249174
14723723
11111542
11111470
11111490
11111545
11111848
14731071
17414425
14731071
14731071
17414425
860868
4245298
4245991
4249350
4251046
7975189
7975189
7975189
7975189
7975189
14722887
17413003
14722887
14722887
17413003
4244144
4244380
4248061
17409111
17416211
4250804
17403332
17408236
17408805
17413142
14731051
14741638
17387956
14731051
14741638
845632
14745649
845632
845632
14745649
11110964
11110964
11110964
11110964
11110964
26751154
26751154
26751154
26751154
26751154
11111692
11111692
11111692
11111692
11111692
11113171
11113171
11113171
11113171
11113171
4266703
4266703
4266703
4266703
4266703
26751114
26751130
26751114
26751114
26751130
4253694
17414160
4253694
4253694
17414160
14744447
14744558
17410437
17412856
14744447
14745269
14745269
14745269
14745269
14745269
11112731
11112731
11112731
11112731
11112731
843632
17408890
843632
843632
17408890
17403266
17403548
17407998
17408883
17412063
4254303
4254303
4254303
4254303
4254303
4252845
11111051
4252845
4252845
11111051
17415337
17415337
17415337
17415337
17415337
11112779
11112779
11112779
11112779
11112779
11112202
11112238
11112566
11112202
11112238
4237922
4239289
4239425
4239561
4239719
14738495
14738495
14738495
14738495
14738495
11110818
11112492
11110818
11110818
11112492
864189
864189
864189
864189
864189
4254071
4254071
4254071
4254071
4254071
11112474
11112474
11112474
11112474
11112474
14744594
17409424
14744594
14744594
17409424
11111183
26751152
11111183
11111183
26751152
4243727
4245237
4243727
4243727
4245237
17407743
17411643
17411775
17413385
17407743
14721871
14723770
17407987
14721871
14723770
17411902
17411902
17411902
17411902
17411902
863580
4240987
4249082
4252687
17409459
4252756
4252756
4252756
4252756
4252756
4254192
14740343
17410280
4254192
14740343
16952742
16952742
16952742
16952742
16952742
11112876
11112876
11112876
11112876
11112876
4241356
26751121
4241356
4241356
26751121
4245130
4246892
14721838
4245130
4246892
4253903
14740842
17388610
4253903
14740842
26750762
26750801
26750805
26750807
26750839
17411004
17411004
17411004
17411004
17411004
4241831
14722652
4241831
4241831
14722652
11111384
11111386
11113875
17407061
17408670
862330
862330
862330
862330
862330
11110812
17411123
11110812
11110812
17411123
4248757
4254048
4248757
4248757
4254048
11111898
11111967
11111898
11111898
11111967
14740990
17411461
14740990
14740990
17411461
17401445
17401445
17401445
17401445
17401445
14735677
14743109
17403276
17411620
14735677
4242566
17416220
4242566
4242566
17416220
11114070
11114070
11114070
11114070
11114070
17415226
17415676
17415226
17415226
17415676
4254216
14732166
4254216
4254216
14732166
11112328
11113620
17407186
11112328
11113620
17407063
17407063
17407063
17407063
17407063
11113301
11112358
11113301
11113301
11112358
4244600
4246709
17402035
4244600
4246709
4253084
11112191
11112341
4253084
11112191
17387497
17387497
17387497
17387497
17387497
17416249
17416249
17416249
17416249
17416249
4244865
4252790
17408159
17411598
4244865
4253576
4253576
4253576
4253576
4253576
7977073
7977073
7977073
7977073
7977073
11112454
11112454
11112454
11112454
11112454
4253685
11111899
4253685
4253685
11111899
11111905
11111905
11111905
11111905
11111905
17402806
17402806
17402806
17402806
17402806
4253104
4254349
11112300
4253104
4254349
4243301
17407189
4243301
4243301
17407189
8142884
8142884
8142884
8142884
8142884
17408809
17408809
17408809
17408809
17408809
14727246
14727246
14727246
14727246
14727246
4253399
4253399
4253399
4253399
4253399
11111063
4252550
4252727
4252913
4252966
14730500
14742338
14730500
14730500
14742338
11111260
11111260
11111260
11111260
11111260
17415055
17415055
17415055
17415055
17415055
17411998
17411998
17411998
17411998
17411998
4247854
4247854
4247854
4247854
4247854
17410153
17410153
17410153
17410153
17410153
4238619
4239664
4240158
4242919
17409901
4241890
4244609
4245636
4246524
4247338
14745050
14745050
14745050
14745050
14745050
11111733
11111733
11111733
11111733
11111733
4241126
14727261
4241126
4241126
14727261
17413517
17413517
17413517
17413517
17413517
14723778
14739371
14723778
14723778
14739371
4245612
17412990
4245612
4245612
17412990
17410297
17410297
17410297
17410297
17410297
17402499
17402499
17402499
17402499
17402499
4242315
4252816
4242315
4242315
4252816
17403319
17412663
17403319
17403319
17412663
17410151
17410151
17410151
17410151
17410151
4241528
4241528
4241528
4241528
4241528
11111850
11111850
11111850
11111850
11111850
4253281
4253331
4253281
4253281
4253331
4252504
4252834
14727330
17412873
4252504
11113227
11110802
11112208
11112345
11112497
3712157
3712157
3712157
3712157
3712157
17402106
17402106
17402106
17402106
17402106
14735687
14738036
17414688
14735687
14738036
7974056
7974056
7974056
7974056
7974056
4252507
4252549
4253453
4253915
11113986
17410894
17410894
17410894
17410894
17410894
4252551
4254051
4252551
4252551
4254051
11111628
11112558
11111628
11111628
11112558
860723
860723
860723
860723
860723
4252936
4252936
4252936
4252936
4252936
4244802
4244802
4244802
4244802
4244802
4254210
11112636
4254210
4254210
11112636
4252778
4254334
11110900
4252778
4254334
4245747
17409330
4245747
4245747
17409330
4253009
4253009
4253009
4253009
4253009
17407590
17408847
17407590
17407590
17408847
4237619
4240310
4240415
4237619
4240310
4237488
4237608
4237764
4238496
4238543
14726365
14726365
14726365
14726365
14726365
4239827
4239827
4239827
4239827
4239827
17410913
17411501
17412363
17415664
17410913
17408596
17408596
17408596
17408596
17408596
4246363
4253633
4253904
4246363
4253633
14741591
17411954
17414306
14741591
17411954
14734448
14734448
14734448
14734448
14734448
14743370
17414530
14743370
14743370
17414530
4238982
4237692
4237718
4237721
4237831
17401478
17401478
17401478
17401478
17401478
4253678
11112312
4253678
4253678
11112312
14744695
17407311
14744695
14744695
17407311
4250079
4252092
4250079
4250079
4252092
11113275
11112322
11113275
11113275
11112322
4251628
17407707
4251628
4251628
17407707
857973
859874
857973
857973
859874
14737449
14737449
14737449
14737449
14737449
4241055
4251232
4241055
4241055
4251232
26751441
26751441
26751441
26751441
26751441
11113709
11113709
11113709
11113709
11113709
26751267
26751285
26751267
26751267
26751285
14723427
14723427
14723427
14723427
14723427
4266648
4266654
4266657
4266659
14723746
4253540
4253540
4253540
4253540
4253540
17401316
17401316
17401316
17401316
17401316
4253584
4254031
11110705
11111209
11113427
4254179
4254179
4254179
4254179
4254179
4250409
4250409
4250409
4250409
4250409
4239410
4237761
4237809
4237825
4237881
4252481
4252683
4252780
11112590
4252481
4254139
11114172
17414340
4254139
11114172
26751192
26751192
26751192
26751192
26751192
4241498
4245001
4246421
11112585
17413208
11112847
26751112
26751113
11112847
26751112
17408866
17408866
17408866
17408866
17408866
4240779
4251136
4240779
4240779
4251136
4246510
17411770
4246510
4246510
17411770
17414517
17414517
17414517
17414517
17414517
4253672
17408180
4253672
4253672
17408180
17402242
17408614
17402242
17402242
17408614
14734950
14734950
14734950
14734950
14734950
14726091
14740135
14740829
17410334
14726091
4253703
26750755
26750828
4253703
26750755
14740003
17407886
17412218
17413578
17415039
17387764
17406994
17411810
17411968
17412884
14745935
17386006
26750855
26750863
26750963
11113260
11112587
11113260
11113260
11112587
4249983
14740734
4249983
4249983
14740734
17416236
17416236
17416236
17416236
17416236
4237601
4237797
4237925
4237947
4238228
17401309
17407077
17401309
17401309
17407077
17408941
17412012
17408941
17408941
17412012
11111145
11113938
11111145
11111145
11113938
11111857
859689
7972563
11112268
17386118
861962
7975101
17387954
861962
7975101
11111366
14741776
17402718
11111366
14741776
4243713
17412075
4243713
4243713
17412075
17387525
17410910
17387525
17387525
17410910
14726415
17409465
17410401
17410408
14726415
4266773
4266773
4266773
4266773
4266773
4241037
4244748
4241037
4241037
4244748
4253504
11112802
4253504
4253504
11112802
17401935
17401935
17401935
17401935
17401935
11111356
11111356
11111356
11111356
11111356
14725987
14725987
14725987
14725987
14725987
11112860
11112860
11112860
11112860
11112860
4251657
14727188
4251657
4251657
14727188
4242719
14723734
14724111
14742630
14744404
4253064
4253064
4253064
4253064
4253064
11112375
11112916
11112375
11112375
11112916
14724116
14724116
14724116
14724116
14724116
17406940
17406940
17406940
17406940
17406940
17388012
17407049
17413737
17415018
17388012
11112821
11112863
11112821
11112821
11112863
11111240
11111240
11111240
11111240
11111240
4249976
4250251
4250693
14723187
14740234
11111481
11111481
11111481
11111481
11111481
4241870
14727167
14727326
4241870
14727167
14731052
17403401
14731052
14731052
17403401
14740869
14740869
14740869
14740869
14740869
4246238
4246238
4246238
4246238
4246238
14722619
14722619
14722619
14722619
14722619
14740532
14740532
14740532
14740532
14740532
863062
4252951
4254111
863062
4252951
4254280
17411633
4254280
4254280
17411633
17387931
17387931
17387931
17387931
17387931
4252694
4253332
4253954
4254240
4252694
17411269
17411269
17411269
17411269
17411269
4252492
11114256
4252492
4252492
11114256
4238938
4238938
4238938
4238938
4238938
14745174
17408443
17410419
14745174
17408443
17403488
17410777
17410914
17403488
17410777
4251621
4251621
4251621
4251621
4251621
14744484
17409318
17411141
14744484
17409318
17406569
17406569
17406569
17406569
17406569
4253577
26750761
26750769
26750793
26750806
14723382
14745347
14723382
14723382
14745347
11110754
11112739
11110754
11110754
11112739
3715610
14723815
14727150
14745092
3715610
17406807
17406807
17406807
17406807
17406807
11110918
17415371
11110918
11110918
17415371
11113523
17403232
17407770
17414546
11113523
4253275
4253303
4254384
4253275
4253303
11112568
14734164
11112568
11112568
14734164
17415436
26751099
26751101
17415436
26751099
14743548
14743548
14743548
14743548
14743548
4245973
4245973
4245973
4245973
4245973
14745073
14745073
14745073
14745073
14745073
11111249
11111249
11111249
11111249
11111249
4254169
4254169
4254169
4254169
4254169
3717397
3717397
3717397
3717397
3717397
4240276
14730216
4240276
4240276
14730216
4248700
4248700
4248700
4248700
4248700
14745830
14745830
14745830
14745830
14745830
17386594
17409689
17386594
17386594
17409689
3714944
14726123
14745477
3714944
14726123
26751086
26751086
26751086
26751086
26751086
4252770
17403329
4252770
4252770
17403329
11112538
11112538
11112538
11112538
11112538
4252813
4253773
4254423
4252813
4253773
4252501
4253078
4253509
4253604
4253881
4237504
4238198
4238628
4238706
4238723
17402716
17402716
17402716
17402716
17402716
4241593
17387530
17406824
4241593
17387530
4252566
11110791
17413989
4252566
11110791
853212
14723680
17407951
17408473
853212
4253981
4253981
4253981
4253981
4253981
4249240
17413581
4249240
4249240
17413581
4251767
4251767
4251767
4251767
4251767
4251869
4251869
4251869
4251869
4251869
7975573
11110766
7975573
7975573
11110766
17414660
17414660
17414660
17414660
17414660
14741218
14744837
17414289
14741218
14744837
4246162
4248354
4246162
4246162
4248354
858981
4251587
4252349
7978209
14722629
4253475
14733262
4253475
4253475
14733262
4238010
4238029
4238200
4238699
4239066
4246582
14726117
4246582
4246582
14726117
17414104
17414104
17414104
17414104
17414104
14724144
26751025
26751165
14724144
26751025
4250391
14723925
17407292
17407576
4250391
4252638
4252638
4252638
4252638
4252638
17409709
17409709
17409709
17409709
17409709
17410242
17410242
17410242
17410242
17410242
11114057
11114057
11114057
11114057
11114057
14722623
14722623
14722623
14722623
14722623
4249657
14744773
17411101
17411108
17411183
11111852
17408372
17409130
17411792
11111852
17413692
17413692
17413692
17413692
17413692
14743592
14743844
17401951
17409064
14743592
17411781
17411781
17411781
17411781
17411781
14743965
14745860
14743965
14743965
14745860
14737250
17387947
14737250
14737250
17387947
17411666
17411666
17411666
17411666
17411666
14741463
14744951
17401543
14741463
14744951
14741592
14741592
14741592
14741592
14741592
14738527
14738527
14738527
14738527
14738527
4252706
7972835
4252706
4252706
7972835
4253905
4253905
4253905
4253905
4253905
14724899
17403309
14724899
14724899
17403309
17401957
17401957
17401957
17401957
17401957
26751088
26751088
26751088
26751088
26751088
7975365
14743558
17413905
7975365
14743558
11111735
11113261
11111735
11111735
11113261
14742096
14742096
14742096
14742096
14742096
17410272
17410272
17410272
17410272
17410272
14724142
14742783
14724142
14724142
14742783
11114141
11114141
11114141
11114141
11114141
11112233
11112233
11112233
11112233
11112233
4254011
4254011
4254011
4254011
4254011
17388606
17388606
17388606
17388606
17388606
14739939
17387443
14739939
14739939
17387443
14741039
14741039
14741039
14741039
14741039
14722958
14732937
17408466
17409008
17410154
14724161
17402982
17411207
14724161
17402982
26751156
26751156
26751156
26751156
26751156
14732081
14732081
14732081
14732081
14732081
17416099
17416099
17416099
17416099
17416099
7976365
7976365
7976365
7976365
7976365
4237612
4237616
4237776
4238211
4238303
17407443
17407443
17407443
17407443
17407443
4244870
4244870
4244870
4244870
4244870
14735176
14745128
14735176
14735176
14745128
4253988
4253988
4253988
4253988
4253988
26750975
26750975
26750975
26750975
26750975
11112136
11112136
11112136
11112136
11112136
863506
863506
863506
863506
863506
17413650
17413650
17413650
17413650
17413650
14735758
17414539
14735758
14735758
17414539
4254149
4247040
4252837
7976994
4254149
4252818
7976809
4252818
4252818
7976809
14744924
14744924
14744924
14744924
14744924
11111668
11111668
11111668
11111668
11111668
14725960
14725960
14725960
14725960
14725960
4237512
4237713
4237967
4238089
4238189
17415294
17415294
17415294
17415294
17415294
17387652
17387652
17387652
17387652
17387652
26751118
26751120
26751118
26751118
26751120
17411012
17411012
17411012
17411012
17411012
14740916
14740916
14740916
14740916
14740916
846555
17407594
17407638
26750731
846555
4246994
4246994
4246994
4246994
4246994
3712042
3712042
3712042
3712042
3712042
4238158
14742491
4238158
4238158
14742491
17403023
17403023
17403023
17403023
17403023
14739117
17413644
14739117
14739117
17413644
4254261
4254261
4254261
4254261
4254261
4239352
4239352
4239352
4239352
4239352
3717051
4252774
11111257
11112520
17403675
17410970
17410970
17410970
17410970
17410970
17401541
17401541
17401541
17401541
17401541
11110892
11110892
11110892
11110892
11110892
863281
863281
863281
863281
863281
4254236
4254236
4254236
4254236
4254236
11112146
11112146
11112146
11112146
11112146
4253574
17411972
17414364
4253574
17411972
14740425
14744569
17408591
17415616
14740425
17416198
17416198
17416198
17416198
17416198
14730533
14730533
14730533
14730533
14730533
11112206
11112206
11112206
11112206
11112206
14730455
14730455
14730455
14730455
14730455
4252736
4253450
11111863
11112478
11112490
14741628
14741628
14741628
14741628
14741628
17402390
17410429
17402390
17402390
17410429
4253258
4253258
4253258
4253258
4253258
17407031
17411549
17414736
17407031
17411549
4253083
14739997
4253083
4253083
14739997
11113877
11113877
11113877
11113877
11113877
17403252
17406700
17403252
17403252
17406700
4238162
4254425
17387940
4238162
4254425
14737583
14737583
14737583
14737583
14737583
4253342
4253342
4253342
4253342
4253342
14739808
14745731
14739808
14739808
14745731
14726050
17413123
14726050
14726050
17413123
4250394
14733939
4250394
4250394
14733939
17387522
17387522
17387522
17387522
17387522
11112666
11112666
11112666
11112666
11112666
17410781
17411971
17410781
17410781
17411971
17412954
17413594
17412954
17412954
17413594
845813
17387903
17388022
17413572
845813
17414662
17414662
17414662
17414662
17414662
4243338
17416209
4243338
4243338
17416209
4248341
4248341
4248341
4248341
4248341
17415299
17415299
17415299
17415299
17415299
17407027
17407484
17407494
17407496
17407027
4252525
4252525
4252525
4252525
4252525
4252448
4252891
4252448
4252448
4252891
4246683
4246683
4246683
4246683
4246683
26750736
26750736
26750736
26750736
26750736
7972895
7972895
7972895
7972895
7972895
17415951
17415951
17415951
17415951
17415951
26751210
26751228
26751403
26751405
26751406
4246720
4246720
4246720
4246720
4246720
14734021
17410252
14734021
14734021
17410252
17387786
17401216
17387786
17387786
17401216
4253379
4253379
4253379
4253379
4253379
17408550
17410718
17408550
17408550
17410718
4254234
11111221
4254234
4254234
11111221
4253052
4253994
4253052
4253052
4253994
11112330
11112471
11112841
11112330
11112471
14741448
14741448
14741448
14741448
14741448
4253014
4253575
4253014
4253014
4253575
17411258
17411258
17411258
17411258
17411258
4253260
4254053
11112759
4253260
4254053
17401280
17410276
17401280
17401280
17410276
4253972
4253972
4253972
4253972
4253972
4252569
4252712
4252908
4252569
4252712
4252808
17416126
4252808
4252808
17416126
4241574
14731985
14745823
14745909
17401244
4253499
14744858
4253499
4253499
14744858
11113995
11113995
11113995
11113995
11113995
857689
4252932
857689
857689
4252932
14735678
17409062
14735678
14735678
17409062
4247136
4247136
4247136
4247136
4247136
4253942
4253948
11112203
11112271
11112422
4238382
4239762
11111217
4238382
4239762
4254319
4254319
4254319
4254319
4254319
14722166
14722166
14722166
14722166
14722166
11111333
17413100
17416225
11111333
17413100
859001
859703
859865
14724017
14744213
17387610
17387610
17387610
17387610
17387610
17407213
17413248
17415441
17407213
17413248
17409765
17409765
17409765
17409765
17409765
4245906
14727304
17408164
4245906
14727304
17406888
17406888
17406888
17406888
17406888
26750856
26750857
26750866
26750867
26750856
17411170
17411170
17411170
17411170
17411170
4245452
4245452
4245452
4245452
4245452
17414630
17414630
17414630
17414630
17414630
17408750
17408750
17408750
17408750
17408750
4252861
14745226
4252861
4252861
14745226
4246418
4251475
4246418
4246418
4251475
4249173
11112894
4249173
4249173
11112894
17412167
17412167
17412167
17412167
17412167
17416029
17416029
17416029
17416029
17416029
17414119
17414147
17415107
17416137
17414119
14722195
14742902
14722195
14722195
14742902
4249803
17409268
4249803
4249803
17409268
17408772
17413436
17415956
17408772
17413436
4252914
4253086
4252914
4252914
4253086
