4238711
4238982
4239102
4239174
4239205
4254403
17408852
4254403
4254403
17408852
4247644
4252705
4252867
4252968
4253896
4253540
4253766
11112606
4253540
4253766
4253168
4253576
4254043
4253168
4253576
4252458
11111114
11112106
11114003
11114004
4252470
4254176
4252470
4252470
4254176
4253537
4253917
11113425
4253537
4253917
11110876
4253265
11113994
11110876
4253265
4252493
4252493
4252493
4252493
4252493
4253248
4247514
4251688
4252903
4253274
4252725
4252730
4252725
4252725
4252730
4252454
4252702
4252893
4252981
4253287
11111255
11111255
11111255
11111255
11111255
11110700
11113282
11112185
26751104
26751415
11113141
11112357
26751106
11113141
11112357
11113254
11113254
11113254
11113254
11113254
11111009
4252622
4252878
4253412
4253430
4254090
4254090
4254090
4254090
4254090
4254188
4254188
4254188
4254188
4254188
11111032
4253746
11111032
11111032
4253746
11111585
4252777
4253236
4254061
11110988
4252906
4252941
11112297
4252906
4252941
4252729
4254089
4252729
4252729
4254089
11110948
4252701
11110948
11110948
4252701
11111536
11111923
858640
4252901
4253028
4253111
4253977
4254005
11111714
11111760
11113185
11113185
11113185
11113185
11113185
11112321
11112321
11112321
11112321
11112321
11113217
11113272
11113301
11112358
11113217
4254421
14735103
4254421
4254421
14735103
11113309
11111156
11112147
11113309
11111156
4253222
4253223
4253222
4253222
4253223
11111913
11111913
11111913
11111913
11111913
4248748
11111145
11111326
11111350
11111881
4241996
4247458
4252976
4254179
4254350
4253209
858440
859883
863580
4240987
4252798
11110878
4252798
4252798
11110878
4252890
4253056
4253057
17411696
4252890
4252810
11110818
11111438
11112492
4252810
11112529
14724074
14726707
11112529
14724074
14741057
14741057
14741057
14741057
14741057
11110740
4252569
4252712
4252908
4253291
4254124
4254340
11112809
26750729
4254124
4254232
4254232
4254232
4254232
4254232
11111550
11112334
11112567
11111550
11112334
11113237
11113275
11112322
11112571
26750740
4253427
17402769
4253427
4253427
17402769
11113086
11113149
11113227
4253104
4253224
11111413
11111413
11111413
11111413
11111413
4252486
4252914
4253086
11110924
11112849
11111100
11111100
11111100
11111100
11111100
4252931
4252946
4252931
4252931
4252946
4253200
4253201
4253200
4253200
4253201
4252075
11112902
4252075
4252075
11112902
4252542
4252542
4252542
4252542
4252542
4253413
11110821
11112686
17410729
4253413
4247262
4247577
4253888
7972241
11111213
846376
4252962
4253366
4253752
11110837
4252985
4252985
4252985
4252985
4252985
4239424
4252900
4252950
4253492
4253735
4237680
4238973
4238978
4239189
4239358
4251084
4253019
4253048
11111690
11114148
11110756
4238157
4239911
4249752
4253997
14737260
14737260
14737260
14737260
14737260
4253969
4254353
4253969
4253969
4254353
11111847
11112750
11111847
11111847
11112750
11110813
14724064
26751242
26751260
26751407
4252736
4237799
4252964
4253132
4253276
14742721
14742721
14742721
14742721
14742721
11113150
4253692
11111038
11113150
4253692
4253733
11111081
11111703
17412184
4253733
4252899
11113846
4252899
4252899
11113846
4252905
14733105
4252905
4252905
14733105
4248726
4254057
14726702
14745414
17387708
4252453
4254128
4252453
4252453
4254128
4253231
11111499
11112762
17408252
4253231
4252452
4252754
4252991
4253347
4253981
4245064
4253138
4253166
4253695
4253767
4253401
14729662
4253401
4253401
14729662
11113249
4253517
4254426
11110702
11110917
4254226
11110873
11111401
11112378
17414991
11111377
11111457
4253831
4254297
4254304
863576
4254193
863576
863576
4254193
7978445
17401231
7978445
7978445
17401231
11113238
11113247
11113273
11112621
11112664
4253742
4254084
11112173
4253742
4254084
4253823
4254103
17411238
4253823
4254103
4253282
4253463
4254303
11111570
4253282
11111252
11111679
11112418
11112454
11111252
11110761
4252555
4253205
4253281
4253331
11111939
4252936
11111761
11111939
4252936
4253435
11112212
11113644
4253435
11112212
4246359
4252839
14722619
17385808
17402124
4253965
14741914
4253965
4253965
14741914
11111352
4253275
4253303
4253361
4254384
11111318
11111318
11111318
11111318
11111318
3712357
14744460
3712357
3712357
14744460
4253029
4254289
4253029
4253029
4254289
4253120
4254123
4254282
4253120
4254123
11111066
11111502
11111066
11111066
11111502
4244721
4248188
11112920
14731968
14741039
4252921
4252921
4252921
4252921
4252921
4241700
4253612
11112204
4241700
4253612
11112777
11112889
11112777
11112777
11112889
4252813
4253335
4253647
4253773
4254246
11111699
11111699
11111699
11111699
11111699
4253297
11111684
4253297
4253297
11111684
4245335
11110715
4245335
4245335
11110715
11111974
17402254
17411315
11111974
17402254
11111403
11112850
11111403
11111403
11112850
11110950
4252769
4252907
4253142
4253972
11111726
11111726
11111726
11111726
11111726
4253173
11112330
11112333
11112471
11112841
11110906
4244422
4247631
4250919
4253051
850684
4241545
4243194
4245364
4245497
4241122
14727159
26750954
26750955
4241122
4253107
4253139
4253259
14724034
26751289
11112445
11112445
11112445
11112445
11112445
4253421
4253679
11111068
11111193
4253421
4251856
4253469
4251856
4251856
4253469
4253535
11111752
4253535
4253535
11111752
4253257
11110808
11111282
11111794
4253257
11113290
4253851
4254091
11111418
11111631
11113280
863343
4246418
4251475
11110672
4247299
4248144
4251352
4253087
11111280
847473
4252912
4253514
847473
4252912
11110904
11111063
11111320
11111336
11111462
4252457
4252539
4253251
4253756
4253830
4252756
4253241
4252756
4252756
4253241
4253669
11110772
11110947
11111218
4252664
4254030
17403263
4254030
4254030
17403263
11111171
11111290
842968
4243099
4244335
11110998
11111542
4252576
4253091
4253098
11110939
11111133
11113229
4242315
4244149
4248413
4252720
11112145
17406716
17411532
11110860
11110926
11111903
4252527
4253084
17387660
17387660
17387660
17387660
17387660
4253105
4253105
4253105
4253105
4253105
4254347
14741260
4254347
4254347
14741260
4252630
4252638
4253777
26751159
4252630
4248335
4253036
11111143
4248335
4253036
11111430
14741270
17412628
11111430
14741270
864189
4241809
4249014
4253838
14723731
11111279
11110800
26751142
11111279
11110800
860967
4254257
11111437
11111563
11111805
14740773
14740773
14740773
14740773
14740773
11110701
11111735
11111877
11113157
11113261
4254126
11112420
4254126
4254126
11112420
4241131
7973849
17411002
26750842
26751175
11111069
11111406
14722950
14722957
11111069
4254087
4254294
11110984
4254087
4254294
4253725
4253770
4253725
4253725
4253770
4245588
4253310
4253475
11112675
14733262
3712526
3712980
4252496
4252881
4253715
11111381
4253858
14729232
17386161
17387852
4252836
11111892
17402077
17402099
17410504
4244400
4253379
11112532
17412882
4244400
14742083
17401254
14742083
14742083
17401254
861014
4246248
4248854
14742035
14742235
4254312
4254390
11112684
14730896
14742762
4240507
11111741
14723984
14740834
14740846
11111269
4253688
11111012
11112439
11112466
11113173
11111628
11112525
11112558
11112652
11113130
846448
4252508
7973657
11112862
4243684
4253751
11112689
17411815
26751136
26750787
26750792
26750810
26750787
26750792
4237738
4237789
4238186
4238415
4238574
4253121
17387834
17408809
26751171
4253121
11111966
4253164
11112845
26751268
26751286
4252698
4253131
4253288
4253372
4253891
11110928
11110933
11111268
11111729
4252559
4253452
4253914
7974511
11111578
11112314
4252484
4252484
4252484
4252484
4252484
866021
866021
866021
866021
866021
4252846
4252928
4254149
11110851
11111408
4253342
4253764
26751140
4253342
4253764
11111459
26751107
26751111
11111459
26751107
17411805
17412175
17411805
17411805
17412175
4253686
14739633
14743559
17385805
17416341
4242011
4250910
4254132
7977466
11114216
4266773
11113152
11113155
11113212
4239275
3713065
11112258
14743342
26751154
3713065
4252747
4253554
4254094
11113884
4252747
4252592
14723837
14723845
14736646
17387497
4252468
4252842
4254036
4254298
11111543
11111192
14737452
11111192
11111192
14737452
4253228
4254071
4253228
4253228
4254071
4253402
14732047
14734950
4253402
14732047
4253082
11110872
4253082
4253082
11110872
26751052
26751052
26751052
26751052
26751052
11113257
4250855
4252640
4252787
4252880
4253594
4253594
4253594
4253594
4253594
8142826
8142831
11113160
4252456
4252546
14722468
14722901
14741603
14722468
14722901
11113236
11112903
26751436
11113236
11112903
4253755
4254168
4253755
4253755
4254168
851466
4239352
4252517
4252759
4253064
859001
859703
859865
4242719
4254328
11111797
845164
862330
11111797
845164
4253874
11114163
4253874
4253874
11114163
17387780
17401472
17416256
26751125
17387780
851503
3713645
14723408
14731430
14740669
844455
11113961
14731500
14742667
17408838
4252551
4252679
4252765
4253052
4253994
4252596
14727284
16952805
4252596
14727284
4237820
4238334
4239786
14734842
4237820
866042
4239671
14732081
17406600
17414300
858756
4240883
4248895
7975365
14722127
4239806
26751062
4239806
4239806
26751062
4253804
4253905
4254072
7972921
11111668
14724161
14727222
17401156
17402982
17411207
26751061
26751064
26751061
26751061
26751064
4250123
17415249
17415293
4250123
17415249
11112279
17406756
17411359
17416314
11112279
26751410
26751431
26751410
26751410
26751431
11113154
11113194
11113303
4253304
4253689
17401189
17401189
17401189
17401189
17401189
4247401
4250052
4253081
11111779
11111853
17401248
17416339
17401248
17401248
17416339
4237846
17409426
4237846
4237846
17409426
11111243
863964
4250207
4253976
11111243
4252844
4252986
17413591
17413912
4252844
11110888
4250129
4250497
11112214
17386992
845632
3714119
4249569
4252882
14740880
14721971
14721971
14721971
14721971
14721971
4240700
14741544
17408267
26750748
26750770
4249168
4253294
4254197
11111491
17403314
4247305
4251903
17387610
4247305
4251903
853436
4250639
14724142
14742783
14742817
4240936
4252693
4252885
4252975
4253293
11112688
14742441
11112688
11112688
14742441
4252578
4253213
4254157
11110954
14741693
4252818
4252888
4254120
7976809
11111812
4249856
4252451
4252939
4253613
11114057
4249666
4251628
14730920
17407707
4249666
844570
17408176
26751170
844570
17408176
14743548
17406764
17408052
14743548
17406764
4253684
11112157
14724055
4253684
11112157
4242412
17403322
17416135
17416340
26751147
4252978
4253462
4252978
4252978
4253462
11111773
11111097
11111172
11111258
11111546
4253161
4253988
14721905
17401207
17401482
4248948
4251945
7973923
17387896
17406940
14724032
14724045
14741771
14745164
17402907
4241360
14721867
14723880
14726105
17401541
4254192
7972303
11112518
14723193
14740343
852680
4252845
11111051
17387448
852680
845912
4248385
4252239
14740943
17401140
4240553
14741650
14742252
4240553
14741650
4243356
17411296
4243356
4243356
17411296
4253047
11113307
857973
859874
4252459
11110684
11110894
4252668
4253186
4253676
11113158
4254134
11112329
11113158
4254134
11111856
11112499
11112890
14734680
14741242
4244000
4245726
4250573
14732080
14733929
4253690
4253690
4253690
4253690
4253690
11112579
11112579
11112579
11112579
11112579
4253362
17402261
17409518
4253362
17402261
11110696
11110899
11111139
11110696
11110899
11111561
11111561
11111561
11111561
11111561
4239136
4239380
4253167
14724134
14727328
862488
4241593
7976045
11111661
11111843
4242606
14722623
26750749
26750750
26750751
14745965
14745965
14745965
14745965
14745965
8142890
4254367
17407569
8142890
4254367
11111439
4253500
7976204
11111439
4253500
11110799
11111228
11112337
11110799
11111228
4253343
14744945
17411122
4253343
14744945
4244578
11112213
14744447
14744558
17410437
4253572
11110673
11112099
11112407
4253572
14740757
14741366
17412117
26751196
26751200
860723
3712414
4241678
4252847
4252849
14726063
14726072
14743319
26751184
26751186
863440
863468
26750984
26750994
26750997
860889
11111030
11112895
14741452
17387933
4253611
11113799
4253611
4253611
11113799
4253570
11112474
4253570
4253570
11112474
26751241
26751259
26751241
26751241
26751259
14742220
14742220
14742220
14742220
14742220
4254302
16952412
17411420
4254302
16952412
4253512
11111306
17411703
4253512
11111306
4253049
4253049
4253049
4253049
4253049
4252498
4252510
4253043
4253046
4253495
4240712
11111861
4240712
4240712
11111861
11111433
4253163
11111433
11111433
4253163
849116
857689
858428
4244444
4252932
4247564
4252497
14724049
17387899
17387931
14742424
17402063
17410913
17411170
17411501
4253814
4253814
4253814
4253814
4253814
4253438
4253711
4253757
7975189
11112881
4253490
4254381
14740921
17408863
17411814
4254217
4254217
4254217
4254217
4254217
11111496
11112237
11112446
11111496
11112237
11111177
17401215
17410368
11111177
17401215
4246417
4252448
4252891
4246417
4252448
14731680
14737691
14744435
17402146
17409804
4253336
14742111
4253336
4253336
14742111
857679
860091
860146
4252776
4253377
4252682
11111020
11111759
4252682
11111020
4252478
4252478
4252478
4252478
4252478
4247361
11114055
14743941
17413093
4247361
26751070
26751070
26751070
26751070
26751070
26750777
26750843
26750777
26750777
26750843
4252540
4253616
4252540
4252540
4253616
11112232
26750798
11112232
11112232
26750798
863062
4241842
4243414
4249038
4249360
4252829
4254067
4254228
11112343
4252829
4253793
7973776
11111932
14723934
14726321
4254378
17407819
4254378
4254378
17407819
14741195
17406912
14741195
14741195
17406912
861552
4250618
4253918
4254266
17409855
4243301
4243562
4244369
4253887
14724115
3713022
4241117
17408203
17410977
3713022
11111304
14737254
17407475
17407493
11111304
4245973
4247099
4251870
4252770
4254322
4241835
4245930
11112876
14735293
17407018
11110980
14723683
11110980
11110980
14723683
863427
863663
4242129
4248487
4250224
862672
4253617
7972958
14741558
17386594
863043
4244058
4246573
4247219
4249690
843298
4242675
4242792
4243475
4245095
4248584
14743431
17403460
17407634
17408806
3715648
4249770
4252083
11110966
14732083
3712042
4244520
4251448
4251678
14738334
17406615
17406615
17406615
17406615
17406615
11111214
4241683
4241718
4242585
4245612
17401261
17401478
17403679
17407462
17408576
4253433
4254210
7973798
11112636
14740875
862891
11111420
862891
862891
11111420
4246782
17409967
4246782
4246782
17409967
4246167
4246460
4247208
4252797
4254394
4252707
11113935
17406895
4252707
11113935
4252734
4250102
4252518
4253360
4253487
11110918
11111857
859689
7972563
11112268
14740918
26750745
26750772
26750779
26750852
4237875
4252115
4253422
11112503
11112827
4248397
4252762
4252838
11110892
11112495
863281
4246945
4252216
4254081
4254249
11111984
4238162
4254425
11110758
11111380
4240904
4254055
11111767
17401319
17408666
4253079
4254261
4254281
14746028
17401280
4237642
11111414
11113686
14723382
14745347
4248751
14742426
17406569
26751044
26751129
4239973
14724123
14743943
26751114
26751130
859105
4245288
7972790
11111230
11111419
4243002
4248653
14726089
14738495
14743140
856953
7977073
14726034
17411249
856953
4240694
4243713
14723821
14740999
14745072
4254101
11111815
14744505
17413236
17414373
4245389
4252760
17403489
17406596
17406611
4244265
11112360
14722102
14722111
14726295
3717397
4246498
4247959
17407466
17408588
11111753
11111446
11112747
11111753
11111446
11111500
11111062
14723186
14734710
11111500
26750738
26750742
26750743
26750767
26750821
14733418
17401916
17401962
14733418
17401916
4252726
4252944
4254296
11110964
11111605
4253174
7972054
4253174
4253174
7972054
4253698
11112125
11112202
11112238
11112566
14735758
17401264
17401814
17408947
17412167
4253341
4253341
4253341
4253341
4253341
4253032
4253349
4253355
4253460
11110935
11113239
11111354
11112375
11112560
11112755
4253388
4254116
14745077
4253388
4254116
11111945
11111945
11111945
11111945
11111945
11111846
4254279
14734810
17409303
11111846
4252659
4253566
11111838
17416053
4252659
14724116
14744572
17401454
17402246
17411190
11113248
11113260
4248302
11112473
11112587
26750739
26750760
26750774
26750775
26750776
14735802
14735802
14735802
14735802
14735802
4252806
4252828
4253122
4254125
11111112
11111260
11110852
11110886
11111360
11111764
4252461
4252479
4253439
4253998
17408566
4241898
4252593
4253016
4253672
11110960
4250170
4250170
4250170
4250170
4250170
4249498
4253895
14740815
17401993
4249498
4252970
4253113
4253391
4253680
4253800
14723747
17411504
26750763
26750809
26751173
11111592
4253449
4253678
11111798
11112113
14740178
14740178
14740178
14740178
14740178
4243772
4252994
4253552
4253553
4253573
4252114
7975066
11111040
14740775
4252114
4244436
4253340
4253354
4253584
4254031
4253799
14723790
14724093
4253799
14723790
4254275
14737449
14745094
4254275
14737449
14741624
26750985
14741624
14741624
26750985
11111250
14736216
14745707
11111250
14736216
4253999
11112545
4253999
4253999
11112545
11110665
3713783
4252799
4253068
4253152
4252803
11111728
11112170
11112211
11112264
4251217
17411294
4251217
4251217
17411294
14723188
17416347
26751133
14723188
17416347
11113294
4252868
4253279
11111057
11111415
4253792
4254300
11112277
11112438
4253792
4247533
4252655
11111497
11112198
17401965
11111503
11111768
11111503
11111503
11111768
4252621
4253719
14729207
17411187
4252621
26750735
26751082
26750735
26750735
26751082
4241007
14744507
4241007
4241007
14744507
11113242
4252469
11112856
11114253
26750993
11113142
4253788
4253789
4254178
4254369
11112206
14734157
11112206
11112206
14734157
4242776
4243307
4244903
4252808
4252865
861145
4243079
11111327
14742868
14743216
4253968
4254252
11112317
11112765
11112779
11111593
4254363
11111073
17406671
11111593
4238983
4246321
4248986
14744484
17407950
4250552
4253238
4253323
4253615
11111314
4266520
8142891
8142894
846322
4237745
14721873
17386564
17408723
14721873
17386564
4252561
4252784
4252795
4253101
4253221
4266759
11111807
4246819
4253017
4253324
11113523
17387584
17388008
17388012
17403212
4243489
14731067
14735493
14745830
17407263
4266793
4266800
4266804
4249657
4252535
857531
4248658
17387817
17402155
17407026
4249240
14727071
14742018
17406648
17410548
4252577
4253557
11112741
14726446
14745696
17413674
17413674
17413674
17413674
17413674
4253734
26750730
4253734
4253734
26750730
11111301
14724129
11111301
11111301
14724129
850038
4241055
4251232
4253103
14744613
4240531
7973964
17414086
26751109
4240531
14741577
14743316
14741577
14741577
14743316
4250935
14722719
17413650
4250935
14722719
845813
14723699
14727107
14732668
14744854
14722656
14741592
17401183
17406709
14722656
3717322
17413948
3717322
3717322
17413948
4254268
11113582
4254268
4254268
11113582
11110973
14732353
14738527
17401989
17406834
4242019
4246365
17403578
17412948
17416196
860507
4243346
4250432
4251441
4254311
4253932
14730533
14741133
14741798
4253932
11111239
858418
862611
4252763
4253005
4253432
11110805
17402806
17409161
17410422
11111346
4253117
4253151
4253598
11111678
14730208
17409857
14730208
14730208
17409857
11113234
4254358
11112491
11113234
4254358
4252750
4253395
14722628
26751131
26751132
4254130
26751108
4254130
4254130
26751108
11111636
11112692
11112693
14724027
14724038
11111070
11111411
14740840
17409966
11111070
4254198
11111344
11111780
11111790
11111795
4253844
4254243
14740825
4253844
4254243
14742645
17409555
26751126
14742645
17409555
4253394
11113858
4253394
4253394
11113858
4253845
14731390
14734880
17402042
17402410
4252386
4253581
17403004
17410283
17412390
14732878
14732878
14732878
14732878
14732878
17414065
26751339
26751340
26751349
26751357
11111573
26750999
26751233
26751251
26751269
4253480
14741449
17402733
4253480
14741449
4252815
4253951
14745315
17410196
4252815
14726368
17410547
17413410
14726368
17410547
11111818
852029
860591
4240779
4251136
4241356
4251289
4252943
4253609
4254045
7973019
11112231
14720752
14740128
14741218
4254253
11112519
14742096
17411364
4254253
11112374
11112374
11112374
11112374
11112374
4248655
4249983
14740734
26751003
26751176
14745314
17410272
17411486
14745314
17410272
4252748
4252748
4252748
4252748
4252748
4253444
11112922
4253444
4253444
11112922
4253801
14741625
14741628
4253801
14741625
4253214
14740899
14741194
17402106
17412535
11111450
17412186
11111450
11111450
17412186
4254361
11111245
4254361
4254361
11111245
11111236
11112668
11111236
11111236
11112668
26750925
26750925
26750925
26750925
26750925
863009
7976748
14745114
863009
7976748
4252711
26751045
26751127
4252711
26751045
4266772
8142839
846555
848612
852933
11110989
11110989
11110989
11110989
11110989
4253367
11112339
4253367
4253367
11112339
11112602
11112647
11114156
26750726
26750903
11113171
11112673
26750753
26750782
26750783
17407817
17413713
17414651
26750975
17407817
11111852
4249336
7973228
11112416
14737229
11112556
11112556
11112556
11112556
11112556
4241857
14745215
17387786
17401216
4241857
11112860
14723762
17402297
17407947
17408478
4266730
4266745
11112836
17385993
17402632
863506
11112855
863506
863506
11112855
4253202
4253202
4253202
4253202
4253202
11110880
11111036
4253069
11113503
11110880
4245204
4252050
14734021
17402750
17403231
14740730
17402755
17408603
17415951
17416249
4252973
11111504
4252973
4252973
11111504
11112452
11112782
14741000
17407190
11112452
4252875
11112193
11112302
14727246
4252875
11110832
17411415
17414358
17414517
11110832
17387848
17387848
17387848
17387848
17387848
14724160
14726067
17387500
17411005
17411165
4253586
11112301
11112651
4253586
11112301
14724044
17410309
14724044
14724044
17410309
4239296
4254107
11112328
11113620
11113883
4252812
11110687
11110720
11110745
11110747
4253346
11113837
4253346
4253346
11113837
4250343
17409283
4250343
4250343
17409283
4252447
17402424
17402429
4252447
17402424
4241092
4242640
4245285
4246367
4247669
4251949
11112253
11113733
17385723
17406682
11111045
11111529
14741448
26750859
11111045
11111356
14721904
17406724
17416236
26750868
11110903
860782
4253479
4253798
4254119
11113211
11113836
11113211
11113211
11113836
26750990
26750990
26750990
26750990
26750990
4253889
14722081
14723739
14741591
17401142
11111721
14730640
17387641
17387764
17387986
17410797
26751055
26751067
17410797
26751055
4248757
4253397
4253498
4254048
4248757
