11110733
4247564
11110733
11110733
4247564
4251514
4251514
4251514
4251514
4251514
11113076
11113076
11113076
11113076
11113076
4245140
4245140
4245140
4245140
4245140
14744185
14744185
14744185
14744185
14744185
11113352
11113352
11113352
11113352
11113352
4240049
4240049
4240049
4240049
4240049
4245122
17403585
17406799
17406939
17408692
11111859
11111859
11111859
11111859
11111859
862672
11112403
11112876
11113837
862672
844570
844570
844570
844570
844570
851492
861945
14726090
851492
861945
3712006
4246741
17414502
3712006
4246741
14731219
14740286
17406748
14731219
14740286
4252842
4253776
17403298
4252842
4253776
4247569
4247569
4247569
4247569
4247569
7975125
14743177
7975125
7975125
14743177
11114238
17411177
17416159
11114238
17411177
11113129
11113215
11113129
11113129
11113215
14737060
14745129
14737060
14737060
14745129
14734519
14734519
14734519
14734519
14734519
861552
14743346
16952742
17416065
861552
4253263
14721854
14743484
4253263
14721854
11114027
14723964
11114027
11114027
14723964
847676
847676
847676
847676
847676
4252545
11114134
4252545
4252545
11114134
11113266
11113266
11113266
11113266
11113266
17385007
11114267
17385007
17385007
11114267
4238245
4239305
4239364
4238245
4239305
11114108
11114108
11114108
11114108
11114108
4253846
4253846
4253846
4253846
4253846
852799
4262034
17414353
852799
4262034
7974447
14744397
14745092
17409072
17412694
4249865
14740759
17406941
17407198
17408556
4245908
4245908
4245908
4245908
4245908
4248690
4251336
4248690
4248690
4251336
11113800
11113800
11113800
11113800
11113800
4246673
14732792
14741084
14741085
17385092
861918
861918
861918
861918
861918
4246613
4248295
14743898
17385997
17413634
4247608
4247608
4247608
4247608
4247608
26752415
26752415
26752415
26752415
26752415
11114127
11114127
11114127
11114127
11114127
4247641
17402928
17413694
4247641
17402928
845912
4246782
4250462
17402227
17409267
4252465
14742441
4252465
4252465
14742441
11113089
4239672
14744302
11113089
4239672
846155
14743492
846155
846155
14743492
861468
4249273
4252151
14726060
17387748
14722620
14744032
17411104
14722620
14744032
17406870
17406870
17406870
17406870
17406870
4245173
4245173
4245173
4245173
4245173
4252575
4254025
14745895
17402542
17410838
17402406
17406807
17410834
17411180
17411271
4253056
4253056
4253056
4253056
4253056
11111032
4252495
4252558
11111533
11111032
11113683
14737572
14745040
17385105
17385128
858319
858319
858319
858319
858319
11113122
11113122
11113122
11113122
11113122
844085
844085
844085
844085
844085
4252189
14731453
14733574
14740889
14744582
4249916
4249916
4249916
4249916
4249916
11111232
11111232
11111232
11111232
11111232
4243523
11113638
4243523
4243523
11113638
4245695
4245695
4245695
4245695
4245695
17384997
17402392
17384997
17384997
17402392
26752686
17415342
26752686
26752686
17415342
11113305
11113305
11113305
11113305
11113305
17408796
17408796
17408796
17408796
17408796
14726106
14726106
14726106
14726106
14726106
14722704
17415275
14722704
14722704
17415275
17386992
17386992
17386992
17386992
17386992
4237490
4241367
14725988
14733416
14744777
11113147
17385033
11114129
11113147
17385033
11114082
17413087
11114082
11114082
17413087
11113206
4250103
14741194
11113206
4250103
4249174
4249174
4249174
4249174
4249174
11110962
14740875
17406597
17406610
17409961
858631
17411359
858631
858631
17411359
14736712
14745429
14736712
14736712
14745429
4244887
17414097
17414669
4244887
17414097
11111030
11112144
11111030
11111030
11112144
11111814
4253269
17410292
11111814
4253269
14743883
14743883
14743883
14743883
14743883
17408576
17408576
17408576
17408576
17408576
11114268
11114268
11114268
11114268
11114268
4253758
14734802
17413725
17414640
17415315
844118
14738196
17388606
17406596
844118
11112877
14744434
17411191
17415943
17415949
847614
847614
847614
847614
847614
863062
863062
863062
863062
863062
4253345
14723415
4253345
4253345
14723415
4244229
14737835
4244229
4244229
14737835
14726349
14726349
14726349
14726349
14726349
11112515
11112515
11112515
11112515
11112515
4245612
4248990
14731458
17385999
17402350
14743984
14743984
14743984
14743984
14743984
11111105
11111492
11112192
11112635
11112868
14741041
14741041
14741041
14741041
14741041
862915
14723854
14740975
17411082
17414397
3712357
3712357
3712357
3712357
3712357
848762
14738616
848762
848762
14738616
14744868
17413009
14744868
14744868
17413009
7976938
7976938
7976938
7976938
7976938
11111142
11113811
17387742
17413221
11111142
14743319
14743319
14743319
14743319
14743319
17403479
17410614
17416135
17403479
17410614
14745588
14745588
14745588
14745588
14745588
26752727
26752727
26752727
26752727
26752727
851134
4241763
4246050
14744320
851134
858812
14724155
17402434
17403560
17408907
7975336
11112711
17387993
7975336
11112711
14723880
17387702
17387703
17408311
17413005
14735082
14735082
14735082
14735082
14735082
14726081
14726081
14726081
14726081
14726081
4252678
4252714
4253419
17402116
17402746
3712307
4243934
14723683
14723770
14732429
14724096
14735326
14745112
14724096
14735326
844873
844873
844873
844873
844873
14725996
14725996
14725996
14725996
14725996
17385133
17385134
17385144
17385145
17385179
17403225
17403225
17403225
17403225
17403225
14742815
14743496
14745215
14742815
14743496
17401248
17401248
17401248
17401248
17401248
17385812
17406599
17415007
17385812
17406599
11112744
14742346
14744693
17409399
11112744
4245444
4253630
17410149
17415847
4245444
3716458
4245749
4247451
4248764
4249569
11111622
4240587
14741648
11111622
4240587
17416092
17416092
17416092
17416092
17416092
4238781
4238954
14741109
4238781
4238954
17403648
17406614
17407213
17409944
17409946
14741026
14743497
14741026
14741026
14743497
11114232
11114232
11114232
11114232
11114232
14726371
17406729
17408225
17410001
14726371
4245737
17413908
4245737
4245737
17413908
14731511
14731511
14731511
14731511
14731511
4249581
14723798
14738126
14745801
17387828
3715149
14722081
14741006
3715149
14722081
17412125
17412125
17412125
17412125
17412125
4245847
4245847
4245847
4245847
4245847
11114079
17403234
11114079
11114079
17403234
17412450
17414069
17412450
17412450
17414069
7976208
14740669
14745610
17411823
7976208
4238146
4246850
4247554
14737474
14739806
4251114
17409707
17410350
4251114
17409707
26752711
4244215
17406862
17406934
26752711
17388614
17409333
17411248
17414726
17388614
11111785
4246791
11111785
11111785
4246791
17401972
17401972
17401972
17401972
17401972
11113698
17403303
17407936
17410027
17413558
11114191
17409715
17414304
11114191
17409715
4246166
4246166
4246166
4246166
4246166
4250935
4250935
4250935
4250935
4250935
4237871
14723723
14734803
17414526
4237871
14744673
17401961
14744673
14744673
17401961
11113619
11113619
11113619
11113619
11113619
11112882
17411185
11112882
11112882
17411185
14733826
14744119
14744757
14744947
14745962
14742192
14742192
14742192
14742192
14742192
4253803
17403588
17413613
4253803
17403588
14740230
14740230
14740230
14740230
14740230
3711555
17403283
17413386
3711555
17403283
16953101
17409008
16953101
16953101
17409008
851833
14744908
17402099
17408406
17413260
11111520
14735336
17387764
17407448
17409006
17407471
17413439
17407471
17407471
17413439
4254205
17387659
4254205
4254205
17387659
14725999
14742444
17402704
14725999
14742444
4252990
17415877
4252990
4252990
17415877
11113947
14742978
11113947
11113947
14742978
4253126
14744695
17387648
4253126
14744695
4245234
4245234
4245234
4245234
4245234
4237776
4238434
17406723
17415727
4237776
11111629
14736515
11111629
11111629
14736515
14735335
17415944
14735335
14735335
17415944
4251714
4251714
4251714
4251714
4251714
4244148
14745230
4244148
4244148
14745230
11114261
17411881
17415890
11114261
17411881
4237609
4246090
14735445
4237609
4246090
851940
851940
851940
851940
851940
857531
17412912
17414371
857531
17412912
4253136
17387989
17410172
4253136
17387989
17406979
17408937
17410563
17411903
17406979
14730624
17387443
17387530
17401869
17412535
4237604
4237625
4237718
4237824
4237838
4241360
14744478
14744859
14744867
17387939
14722650
17408288
14722650
14722650
17408288
859796
11111220
859796
859796
11111220
14743381
14743381
14743381
14743381
14743381
4253686
17401900
17412925
17413370
4253686
843813
848536
843813
843813
848536
4246398
14741458
4246398
4246398
14741458
14745263
14745263
14745263
14745263
14745263
14732942
17409151
14732942
14732942
17409151
3712461
3714876
14731451
17411874
3712461
847542
4243497
4253302
14742054
17384882
11114017
11114017
11114017
11114017
11114017
14741004
17412632
17414358
14741004
17412632
14739742
14739742
14739742
14739742
14739742
4241034
4241034
4241034
4241034
4241034
846890
4245487
11111845
14727241
17402488
853371
4248772
14740296
853371
4248772
11114281
11114281
11114281
11114281
11114281
11111628
11111628
11111628
11111628
11111628
14741592
17402362
14741592
14741592
17402362
4238107
4247580
17384868
17384869
17384870
14724099
17401220
14724099
14724099
17401220
860723
17415374
17416364
860723
17415374
14740797
17406699
17416244
14740797
17406699
14723876
14744776
14723876
14723876
14744776
14722190
14733825
14741236
17413957
14722190
858229
858229
858229
858229
858229
14742220
14742220
14742220
14742220
14742220
11110829
11113641
17385304
17415970
11110829
14741615
17387536
17401531
17402343
14741615
864048
864048
864048
864048
864048
14742738
14742738
14742738
14742738
14742738
14745414
14745522
14745414
14745414
14745522
4251688
4251688
4251688
4251688
4251688
14732563
14732563
14732563
14732563
14732563
14732081
14732081
14732081
14732081
14732081
4241204
4245567
4246683
14731240
17385090
7972921
7972921
7972921
7972921
7972921
14722575
17407230
14722575
14722575
17407230
14727179
14744684
17414556
14727179
14744684
4254420
17403669
4254420
4254420
17403669
17387134
17414824
17414866
17387134
17414824
860196
14727198
860196
860196
14727198
4248565
4252850
14742383
4248565
4252850
4245211
17402335
17402441
17410385
4245211
14727286
14740997
17407292
17410991
14727286
4249752
4250343
4249752
4249752
4250343
17387655
17387655
17387655
17387655
17387655
4240904
4247711
14723801
4240904
4247711
4244564
14724135
17385056
17407950
17415799
4247416
4250394
14723382
14745174
17408396
846056
14732937
14735228
17406575
846056
4245114
17406606
17410491
4245114
17406606
4249477
4249477
4249477
4249477
4249477
851470
4245496
14732353
17411650
17413644
4238727
14744173
17416024
4238727
14744173
858595
14722719
14745309
858595
14722719
14741590
17401445
17402640
14741590
17401445
862310
14742404
862310
862310
14742404
17411295
17411295
17411295
17411295
17411295
4241094
4241094
4241094
4241094
4241094
4240712
17410479
4240712
4240712
17410479
7973477
14724018
7973477
7973477
14724018
849465
849465
849465
849465
849465
17409879
17409879
17409879
17409879
17409879
14724023
14724023
14724023
14724023
14724023
17385050
17416148
17385050
17385050
17416148
14722164
14741276
17414587
14722164
14741276
11111507
4253729
11111432
11112757
14734880
14736646
14736646
14736646
14736646
14736646
11113179
11113179
11113179
11113179
11113179
14742110
17406735
17415514
14742110
17406735
861075
17412082
861075
861075
17412082
4242394
14741503
4242394
4242394
14741503
11113700
17403314
11113700
11113700
17403314
4253110
14740687
17406880
4253110
14740687
14740939
17401476
14740939
14740939
17401476
4252511
4253717
17413576
4252511
4253717
14744620
17410303
17415107
14744620
17410303
11111308
11113788
11111308
11111308
11113788
11111832
17402581
17406691
17410437
11111832
11113924
11113924
11113924
11113924
11113924
11113315
11113316
11113347
11113520
11113315
14741585
17402677
17408113
14741585
17402677
14726294
17415267
14726294
14726294
17415267
4240399
17388601
17401280
4240399
17388601
14744626
17387505
17387624
17387902
14744626
11111508
11112825
17387872
17406624
17407077
17387919
17406990
17387919
17387919
17406990
17401483
17413695
17401483
17401483
17413695
861425
861921
17401333
17410895
17413861
14735114
14735114
14735114
14735114
14735114
11113541
17415914
11113541
11113541
17415914
11113572
14738527
17385301
17385325
11113572
14741663
17406834
14741663
14741663
17406834
4248715
14741011
14741799
17401917
17407511
3717951
11113684
14739976
17406857
17410815
7975242
17385117
7975242
7975242
17385117
17409746
17411160
17409746
17409746
17411160
4237792
4240779
7976787
17415955
4237792
14741016
14741262
17402044
17407047
14741016
11114044
17409274
11114044
11114044
17409274
4253028
17409692
4253028
4253028
17409692
17409387
17409387
17409387
17409387
17409387
17409711
17414518
17409711
17409711
17414518
17386133
17386133
17386133
17386133
17386133
11114202
14722656
14744639
11114202
14722656
4252724
4252724
4252724
4252724
4252724
11112887
17412631
11112887
11112887
17412631
14742161
17402084
14742161
14742161
17402084
17401852
17401852
17401852
17401852
17401852
861899
17401467
861899
861899
17401467
4241718
4246711
4252092
14740488
14745935
11110887
17387762
17409600
17414595
17414739
4245019
17410178
4245019
4245019
17410178
11113083
17403587
11113083
11113083
17403587
17387707
17401317
17408850
17412099
17387707
11111321
11111666
11112225
11113529
11111321
4249912
4250251
14743548
17401210
4249912
4253230
14740880
4253230
4253230
14740880
3715494
14721871
14734703
14740923
16953913
7972382
14730533
7972382
7972382
14730533
11113966
14744211
17413399
17415838
11113966
11112132
17385005
11112132
11112132
17385005
859984
14740894
859984
859984
14740894
17407375
17407375
17407375
17407375
17407375
861762
861762
861762
861762
861762
4254386
14726306
4254386
4254386
14726306
4251352
14722950
17402346
4251352
14722950
14721874
14735180
17401190
14721874
14735180
17406910
17406910
17406910
17406910
17406910
4248260
26751162
4248260
4248260
26751162
4249263
4251314
14743377
14744731
17409332
4239875
4239981
4240301
14726064
14727218
11111849
11111902
11111849
11111849
11111902
17411421
17411421
17411421
17411421
17411421
848253
3716539
4245941
4248636
14745894
14743242
17401966
14743242
14743242
17401966
14731994
14738123
14731994
14731994
14738123
14722569
14739401
14743094
17403270
17408486
14726321
14726321
14726321
14726321
14726321
14730500
14730500
14730500
14730500
14730500
17408775
17413528
17408775
17408775
17413528
14741133
17414424
14741133
14741133
17414424
14738044
17411277
17412145
17416256
14738044
17387585
17387604
17403287
17410399
17410998
11111273
11111273
11111273
11111273
11111273
11111392
4254147
11111392
11111392
4254147
17402236
17402236
17402236
17402236
17402236
11111157
4254374
11111157
11111157
4254374
14722468
14722468
14722468
14722468
14722468
17401401
17401401
17401401
17401401
17401401
17401339
17402405
17403449
17401339
17402405
17387991
17414312
17415149
17415295
17415442
11113345
17416140
26751140
11113345
17416140
17385321
17409809
17415337
17385321
17409809
4242796
4243588
11111322
17401987
17412143
14741476
17408203
14741476
14741476
17408203
7974907
14727135
17407973
7974907
14727135
17385806
17413490
17385806
17385806
17413490
11114055
14726715
11114055
11114055
14726715
17406780
17411836
17414475
17406780
17411836
845706
14722625
845706
845706
14722625
4242719
4242948
4245105
4242719
4242948
4242089
4244375
4242089
4242089
4244375
847836
14726088
847836
847836
14726088
17385024
17406891
17385024
17385024
17406891
4244144
7975646
14745316
17387770
17408964
842618
842618
842618
842618
842618
17385061
17403447
17385061
17385061
17403447
14732606
17415249
14732606
14732606
17415249
3715881
7973497
14723151
14740471
17401912
852761
4252349
14743378
17385732
17386135
14740855
14740855
14740855
14740855
14740855
17385805
17412197
17385805
17385805
17412197
14727305
14727305
14727305
14727305
14727305
17401693
17401693
17401693
17401693
17401693
4251506
14723167
4251506
4251506
14723167
861895
7976196
14743564
861895
7976196
17407349
17414317
17407349
17407349
17414317
11114139
11114139
11114139
11114139
11114139
14721904
14722655
14741574
14721904
14722655
11114183
14727294
11114183
11114183
14727294
17408800
17410181
17416085
17408800
17410181
14731398
14732863
14737448
14745981
17409064
17387996
17412605
17413635
17387996
17412605
4241415
14726055
14745996
4241415
14726055
17385086
17385333
17385334
17385086
17385333
4242574
7972667
14721947
17409250
4242574
14744641
17406727
17407132
17415930
17416268
3714713
17414568
17415946
3714713
17414568
7974448
17408957
7974448
7974448
17408957
11112680
11112695
11112813
11112680
11112695
11111219
4242070
7972563
14734938
17408866
14742322
17412029
14742322
14742322
17412029
4245119
14738495
17407697
17414051
4245119
14731049
17407126
17407494
17414352
14731049
842319
17411785
842319
842319
17411785
17401249
17402961
17409804
17410366
17415611
4244899
14737229
14741619
17386591
17387829
17408514
17408514
17408514
17408514
17408514
11111728
17402339
17415251
11111728
17402339
14723140
14742737
14723140
14723140
14742737
4252680
14723744
14743586
17413091
4252680
17403677
17403677
17403677
17403677
17403677
7972896
17408616
7972896
7972896
17408616
4241952
4242640
7973357
17408931
17413677
4242226
4251354
14722666
17385148
17385150
17403551
17406847
17408927
17408999
17403551
14740127
17409139
17413208
17414146
14740127
17411909
17416106
17416137
17411909
17416106
14744499
17403307
17407663
17416150
14744499
4238793
4240030
4240169
4247636
4249223
14733895
17407462
17411475
14733895
17407462
844835
14723722
14745317
17402414
844835
11113751
11113751
11113751
11113751
11113751
11111393
17402609
17407837
11111393
17402609
14721907
14721907
14721907
14721907
14721907
11113132
11113223
11111682
11113132
11113223
843987
859949
7977391
14722195
14723734
17413199
17413199
17413199
17413199
17413199
11114152
11113926
11113928
14727233
17403318
14740761
14741616
14740761
14740761
14741616
14744470
17414629
14744470
14744470
17414629
14730215
14743885
17384952
17384953
17384975
11113075
4252472
11111540
11111921
11113575
17402060
17406570
17408233
17413863
17402060
857272
14734767
17406688
857272
14734767
11114171
11114171
11114171
11114171
11114171
848874
4243819
4251279
14723168
17385059
14727173
14741054
14727173
14727173
14741054
17387462
17416136
17387462
17387462
17416136
14727157
17387545
17401113
14727157
17387545
4240263
11110760
4240263
4240263
11110760
17408780
17408780
17408780
17408780
17408780
4248413
4248413
4248413
4248413
4248413
11113387
11113387
11113387
11113387
11113387
11112883
11112883
11112883
11112883
11112883
4244528
4249458
17402298
17402320
17409235
14736977
14745206
17416337
14736977
14745206
4243993
14741324
4243993
4243993
14741324
17409191
17409191
17409191
17409191
17409191
4253920
14732220
4253920
4253920
14732220
14746025
17401153
14746025
14746025
17401153
4249488
26750985
4249488
4249488
26750985
26750954
26750954
26750954
26750954
26750954
17403017
17410813
17403017
17403017
17410813
4246897
14743546
4246897
4246897
14743546
3713267
14722149
17388610
17410061
3713267
14734425
17388362
17412149
17413074
17413412
17411839
17411839
17411839
17411839
17411839
14737445
17414881
14737445
14737445
17414881
14743565
17408821
14743565
14743565
17408821
17387515
17387515
17387515
17387515
17387515
4245472
4246970
14743095
4245472
4246970
17387924
17410723
17410889
17387924
17410723
11114085
14741544
11114085
11114085
14741544
17408952
17412024
17408952
17408952
17412024
14740175
17413940
14740175
14740175
17413940
4244578
4248194
17402390
4244578
4248194
14744490
14744714
14745191
17413699
14744490
17401281
17401281
17401281
17401281
17401281
11110899
11113856
17385115
11110899
11113856
4253342
4247453
4254096
14722941
4253342
17407949
17407949
17407949
17407949
17407949
4238205
11113465
17414366
4238205
11113465
4251500
17406707
17406749
17407509
17408602
17401936
17401936
17401936
17401936
17401936
14742824
14742824
14742824
14742824
14742824
14735181
14745924
17384928
14735181
14745924
17384914
17385096
17385107
17387621
17384914
17409918
17409918
17409918
17409918
17409918
14726082
17406973
14726082
14726082
17406973
7972600
7972600
7972600
7972600
7972600
17403226
17409914
17409972
17403226
17409914
4237966
4238218
4238240
4238424
4241589
14745947
14745947
14745947
14745947
14745947
4241130
4246287
14740757
17414357
4241130
11111206
11112833
14745456
17412239
11111206
14742462
14742462
14742462
14742462
14742462
4253987
7976966
17416252
4253987
7976966
14722168
14723060
14722168
14722168
14723060
14734107
17408064
14734107
14734107
17408064
858482
4251706
858482
858482
4251706
4249197
14723711
4249197
4249197
14723711
4242937
11113972
17385078
17401116
17410102
4241150
17387543
4241150
4241150
17387543
17387497
17413542
17387497
17387497
17413542
17387565
17387565
17387565
17387565
17387565
4253934
14729810
4253934
4253934
14729810
14741438
14745478
14741438
14741438
14745478
4253217
17413814
4253217
4253217
17413814
17385048
17385066
17385048
17385048
17385066
17387468
17387468
17387468
17387468
17387468
859218
14727133
14743545
17402043
17408677
17385118
17414902
17385118
17385118
17414902
14732472
14734155
14732472
14732472
14734155
11111349
11111349
11111349
11111349
11111349
11114258
11114258
11114258
11114258
11114258
850865
14742740
14743213
850865
14742740
4238879
4242495
4246428
4248274
4250180
17402285
17402314
17409931
17415705
17402285
17388475
17414751
17388475
17388475
17414751
14741098
17411387
17415293
14741098
17411387
11111828
7973798
14742693
14745934
17403492
17410374
17410374
17410374
17410374
17410374
4250100
14730364
17408438
17408439
17412856
17407290
17407290
17407290
17407290
17407290
860207
4249564
4251657
14740424
17415918
17385132
17385195
17409555
17385132
17385195
17408547
17409007
17413845
17414880
17408547
860223
14737247
14742196
860223
14737247
14737599
17414940
14737599
14737599
17414940
14744578
17387470
14744578
14744578
17387470
14722957
17406708
14722957
14722957
17406708
17402419
17408181
17402419
17402419
17408181
4241437
4251141
17385035
17387766
17411666
14727299
17407700
17410108
17414754
14727299
14742169
17407078
14742169
14742169
17407078
11112873
17385011
17401306
17402899
17402938
4245285
4250651
17408977
4245285
4250651
14725997
14725997
14725997
14725997
14725997
14741600
17387498
17415210
14741600
17387498
846619
17416088
846619
846619
17416088
17401212
17401472
17412075
17401212
17401472
865245
14741449
17401474
865245
14741449
4254073
7978231
11114251
17387640
17401478
14745786
17406813
14745786
14745786
17406813
14732645
14742424
17408932
17411588
17414691
14730036
14741399
14743573
17401137
17408163
864964
864964
864964
864964
864964
17410990
17411347
17412423
17412608
17410990
4244342
4244754
4248450
17385102
17401118
14741751
17402131
17406592
17408967
14741751
11110814
11114131
17414792
11110814
11114131
17384989
17384990
17407076
17384989
17384990
17406866
17406866
17406866
17406866
17406866
17403429
17403429
17403429
17403429
17403429
17403177
17408915
17414867
17403177
17408915
862646
17401374
862646
862646
17401374
11113498
14743412
17416180
11113498
14743412
17413554
17413554
17413554
17413554
17413554
4251889
17411049
4251889
4251889
17411049
14726317
14742043
14726317
14726317
14742043
3717960
14734775
17413912
3717960
14734775
11111181
853529
4241088
14744862
17402217
17402522
17411210
17402522
17402522
17411210
11111983
14727318
17385064
17409174
17415900
17407600
17407600
17407600
17407600
17407600
3714832
7977783
11111977
14734982
3714832
11111539
14738200
17407743
17410419
17411968
4237654
4237808
4237864
4237889
4237938
11113079
4248323
17385249
17385260
17411943
4252623
4253146
4252623
4252623
4253146
4252995
17411022
4252995
4252995
17411022
17385810
17402148
17402424
17409761
17411309
4252863
4252863
4252863
4252863
4252863
11113545
14732159
14738667
11113545
14732159
14731460
14731460
14731460
14731460
14731460
14731753
17387745
17415236
14731753
17387745
11111774
14744735
14745761
17410270
17412407
14727178
17387460
17387914
17410597
14727178
17402883
17402883
17402883
17402883
17402883
17412032
17412032
17412032
17412032
17412032
11111560
11113349
14745531
17403356
17407755
4252521
11111721
4252521
4252521
11111721
845632
17413019
17413040
845632
17413019
14742030
14742030
14742030
14742030
14742030
4242659
14737415
14741505
14744642
17413952
14726032
17384941
17414937
14726032
17384941
11111107
11111107
11111107
11111107
11111107
17415185
17415185
17415185
17415185
17415185
11113925
14742146
17408925
17414984
11113925
11113484
14737583
17407100
11113484
14737583
17408936
17408936
17408936
17408936
17408936
11113951
11113951
11113951
11113951
11113951
17402680
17409836
17402680
17402680
17409836
17403500
17403500
17403500
17403500
17403500
14721868
14722909
17387772
17401406
17406720
4253048
11114148
4253048
4253048
11114148
11114053
14732883
17409758
11114053
14732883
17413215
17415867
17413215
17413215
17415867
11110822
11110822
11110822
11110822
11110822
14740814
17402807
17406900
17413415
17416232
851015
851015
851015
851015
851015
3717932
4248463
17411223
17411477
17412042
17411152
17411152
17411152
17411152
17411152
17385201
17413746
17385201
17385201
17413746
14735239
14735239
14735239
14735239
14735239
847251
4240828
4251983
14740837
14744383
861256
861256
861256
861256
861256
3715559
4247785
17408551
17413204
3715559
14721847
14734739
14737230
14721847
14734739
17407857
17407857
17407857
17407857
17407857
14743963
17411249
17412025
17414120
14743963
17409788
17411042
17409788
17409788
17411042
17387542
17402570
17403264
17406637
17412981
14740425
14744580
17402440
17408874
17408965
7974256
7974256
7974256
7974256
7974256
4238497
4238698
4239957
4240068
14726034
17413859
17413859
17413859
17413859
17413859
4248549
17410010
4248549
4248549
17410010
17385101
17385101
17385101
17385101
17385101
11113676
14742200
14744343
17401428
17406873
17411531
17411531
17411531
17411531
17411531
11111229
4241113
4246147
4249740
14734768
14734842
14744854
17408389
17408457
17414917
11111867
17409999
11111867
11111867
17409999
17387448
17387896
17387448
17387448
17387896
4253074
4253725
17403468
17415062
4253074
17412214
17412214
17412214
17412214
17412214
14740849
17385332
14740849
14740849
17385332
14740730
14743835
14740730
14740730
14743835
860294
17401417
860294
860294
17401417
17406952
17406952
17406952
17406952
17406952
4249823
11114216
17401343
17401541
17406815
17408416
17408416
17408416
17408416
17408416
17401158
17402261
17401158
17401158
17402261
17406863
17411265
17413590
17414275
17406863
17402769
17402769
17402769
17402769
17402769
11111526
14726069
17413178
17415357
11111526
17406953
17406953
17406953
17406953
17406953
17385041
17385041
17385041
17385041
17385041
14740865
17411585
14740865
14740865
17411585
859865
14740345
17401357
17403398
17408638
4254192
17414787
4254192
4254192
17414787
11111547
11112789
14724105
17414490
17416378
4249447
17401516
17407260
17410940
17413693
3712535
4253853
17406577
3712535
4253853
26752554
4244479
4248285
17384873
17384921
4242971
4246674
4250895
14722623
14727057
14745218
17406970
17410276
17413228
17414274
17402876
17402876
17402876
17402876
17402876
17408679
17408679
17408679
17408679
17408679
14731297
17415221
14731297
14731297
17415221
11111368
14744640
14744773
14745830
11111368
4241688
4252229
4254043
4241688
4252229
14745324
14745324
14745324
14745324
14745324
14734961
17408440
14734961
14734961
17408440
14723889
17387701
14723889
14723889
17387701
4246639
11113620
4246639
4246639
11113620
17408278
17408278
17408278
17408278
17408278
11112724
14727239
17410217
17414163
17414515
14742081
17408154
14742081
14742081
17408154
14732032
17403118
17412209
17414817
14732032
14742195
17413720
14742195
14742195
17413720
7976920
7976920
7976920
7976920
7976920
860103
860103
860103
860103
860103
14741003
14741003
14741003
14741003
14741003
17413573
17416301
17413573
17413573
17416301
17412181
17412181
17412181
17412181
17412181
14733941
14739483
14745950
17408859
17411937
11111799
11111799
11111799
11111799
11111799
4241198
17408266
4241198
4241198
17408266
11112239
14745347
17409107
11112239
14745347
14740836
14740836
14740836
14740836
14740836
4241927
4244777
4245292
14745005
17414584
14743253
14744761
14743253
14743253
14744761
4247275
17387956
4247275
4247275
17387956
17416236
17416236
17416236
17416236
17416236
4254411
4254411
4254411
4254411
4254411
4253432
17409894
4253432
4253432
17409894
17409009
17411765
17409009
17409009
17411765
4242708
14743216
17406803
17411732
17413910
17402772
17403543
17402772
17402772
17403543
17414673
17414673
17414673
17414673
17414673
17412117
17412117
17412117
17412117
17412117
14724139
14741400
14741662
14724139
14741400
14727295
14727295
14727295
14727295
14727295
17409351
17409351
17409351
17409351
17409351
4243947
17408434
17409268
4243947
17408434
11113862
17407443
11113862
11113862
17407443
4245574
17410013
4245574
4245574
17410013
14743916
17385077
17385097
17385099
17385113
17385060
17385060
17385060
17385060
17385060
14741302
14741302
14741302
14741302
14741302
14740813
14740813
14740813
14740813
14740813
14727285
14727285
14727285
14727285
14727285
14731223
17385072
17385089
17385093
17406967
14744360
14744360
14744360
14744360
14744360
17406589
17407074
17408985
17406589
17407074
4243362
14738954
17402462
4243362
14738954
17402150
17403071
17409832
17411107
17402150
14741638
17401450
17411809
17413030
17413100
17403592
17403592
17403592
17403592
17403592
17402189
17410389
17414057
17402189
17410389
17385138
17385183
17385187
17385188
17385236
14732079
14735049
14744447
14745850
17410364
851770
17385108
17401318
851770
17385108
4241079
14735328
14742019
17406768
4241079
17403296
17408947
17414862
17415201
17415477
17414451
17416091
17414451
17414451
17416091
4242577
4243422
14745294
17402670
4242577
845406
4240963
14724158
14726033
14726045
14743554
14743554
14743554
14743554
14743554
17416029
17416029
17416029
17416029
17416029
17387587
17411668
17412537
17413905
17387587
17385143
17385154
17385155
17385162
17385170
17402466
17406569
17402466
17402466
17406569
3714089
4246819
4250001
4252063
11113881
3712502
4244531
4252298
4265800
14726089
17414907
17415906
17414907
17414907
17415906
17411269
17411269
17411269
17411269
17411269
11113504
11113504
11113504
11113504
11113504
14738125
17403413
14738125
14738125
17403413
17409027
17409027
17409027
17409027
17409027
17384986
4249400
14741269
17384879
17384884
3715068
4242540
11112846
17387679
3715068
14741642
14741642
14741642
14741642
14741642
17415336
17415336
17415336
17415336
17415336
14736820
14745984
14736820
14736820
14745984
14745722
17408890
14745722
14745722
17408890
14732862
17406957
14732862
14732862
17406957
17403489
17403489
17403489
17403489
17403489
4250696
17414724
4250696
4250696
17414724
11112224
11112224
11112224
11112224
11112224
4251896
17407869
4251896
4251896
17407869
11113128
14745920
26750990
11113128
14745920
14740633
17401316
17412097
17415598
17415662
4249708
17401960
4249708
4249708
17401960
14741037
17384896
17384982
17384983
14741037
14729949
17408728
17409661
17414821
17415638
11114278
17415574
17416217
11114278
17415574
17411504
17411504
17411504
17411504
17411504
11112522
11112522
11112522
11112522
11112522
17401140
17401468
17406881
17409186
17410948
14723745
14723745
14723745
14723745
14723745
17402906
17411336
17402906
17402906
17411336
14726691
14736953
14726691
14726691
14736953
4253409
17416035
4253409
4253409
17416035
11113807
11113807
11113807
11113807
11113807
11113082
14723867
17412861
17413115
17415973
14741392
14743567
14741392
14741392
14743567
17408531
17411979
17408531
17408531
17411979
14735008
14735008
14735008
14735008
14735008
17402391
17402531
17411985
17412167
17413233
17409680
17409680
17409680
17409680
17409680
17387898
17406766
17407010
17410012
17387898
4254255
17415055
4254255
4254255
17415055
17402021
17409104
17402021
17402021
17409104
4250479
17385080
17402532
17413282
4250479
4238641
4238641
4238641
4238641
4238641
4243337
17409161
4243337
4243337
17409161
4240627
14723739
17403460
4240627
14723739
14740532
17413625
14740532
14740532
17413625
17385722
17410278
17414537
17385722
17410278
17385200
17385240
17385330
17385200
17385240
11111820
14733418
14737063
11111820
14733418
14723719
14723719
14723719
14723719
14723719
4240892
4242520
4240892
4240892
4242520
14745074
17408878
14745074
14745074
17408878
17406785
17409262
17406785
17406785
17409262
14724126
17407728
17409356
14724126
17407728
4242466
14727247
14744661
17408903
17414272
17387994
17407009
17408135
17416110
17387994
17401135
17412924
17414784
17415590
17401135
11111362
11111362
11111362
11111362
11111362
14744458
17387976
17412052
14744458
17387976
845577
4248196
14734978
17409895
17412894
11111167
4242456
17402247
17402504
11111167
17388008
17413648
17388008
17388008
17413648
4254245
4254245
4254245
4254245
4254245
17387584
17401294
17407826
17387584
17401294
17402046
17410045
17411059
17402046
17410045
14745177
17415246
17415612
14745177
17415246
17411002
17411002
17411002
17411002
17411002
17385312
17415989
17385312
17385312
17415989
17387920
17401127
17406912
17387920
17401127
14727071
14727071
14727071
14727071
14727071
11114199
17401156
11114199
11114199
17401156
4240609
4249967
17410585
17411781
17411797
4242623
17406579
4242623
4242623
17406579
17412426
17412426
17412426
17412426
17412426
14738607
17402317
14738607
14738607
17402317
17387904
17409969
17410237
17387904
17409969
4252652
17406673
17410200
4252652
17406673
17402257
17409841
17402257
17402257
17409841
17406763
17406763
17406763
17406763
17406763
11113123
17414630
11113123
11113123
17414630
17401241
17413084
17414722
17401241
17413084
4246998
17402387
4246998
4246998
17402387
11111058
11111058
11111058
11111058
11111058
17385130
17385131
17385142
17385147
17385151
3712241
14723841
17384944
17413113
17414511
4250361
17384947
17384955
17385070
17406845
17407999
17408161
17408540
17407999
17408161
17408031
17415972
17408031
17408031
17415972
17408211
17408211
17408211
17408211
17408211
861598
14745376
861598
861598
14745376
14723737
14723737
14723737
14723737
14723737
14744484
14745111
17412051
14744484
14745111
17385339
17385339
17385339
17385339
17385339
4237537
4238814
4239368
4239566
4239968
17387552
17387552
17387552
17387552
17387552
14724044
14737064
17406809
17408122
17412989
4248417
4253615
14726446
17407855
17413093
14734882
17385063
14734882
14734882
17385063
14723910
14740893
17402973
17407291
17408167
4251136
4251136
4251136
4251136
4251136
17410509
17410509
17410509
17410509
17410509
14745915
17416021
14745915
14745915
17416021
4244884
14745122
17401408
17413744
4244884
847691
14722641
14743138
847691
14722641
17402359
17402359
17402359
17402359
17402359
4243772
17409389
4243772
4243772
17409389
17413517
17413517
17413517
17413517
17413517
14729611
14729611
14729611
14729611
14729611
17401963
17401963
17401963
17401963
17401963
17407576
17407576
17407576
17407576
17407576
17414513
17414513
17414513
17414513
17414513
17406896
17406896
17406896
17406896
17406896
14737477
14742326
17387735
14737477
14742326
17410087
17410089
17410087
17410087
17410089
17414179
17414503
17414179
17414179
17414503
17407913
17407913
17407913
17407913
17407913
14741391
17413144
14741391
14741391
17413144
17387886
17411619
17413465
17414341
17387886
11114228
17416181
11114228
11114228
17416181
17410434
17411199
17410434
17410434
17411199
859914
3712355
14723667
859914
3712355
14735331
14742018
14743069
14744742
14745131
14740895
14740895
14740895
14740895
14740895
17407128
17407128
17407128
17407128
17407128
17406895
17407112
17408009
17410547
17414271
14745650
17407483
17415915
14745650
17407483
4242702
14741471
4242702
4242702
14741471
14742112
14742116
14743116
14742112
14742116
17387855
17408563
17408630
17387855
17408563
17413641
17413641
17413641
17413641
17413641
14722171
14723800
14741962
14722171
14723800
14724169
17412427
14724169
14724169
17412427
11113491
14721908
17406638
17407575
17415436
17407094
17407094
17407094
17407094
17407094
11113872
17402001
11113872
11113872
17402001
17402401
17416199
17402401
17402401
17416199
4240786
14741338
17403364
17414591
4240786
17406860
17416122
17406860
17406860
17416122
4251628
4251628
4251628
4251628
4251628
