4237512
4237637
4237657
4237783
4237818
4238532
4238532
4238532
4238532
4238532
4252906
4252906
4252906
4252906
4252906
11113236
11112903
11113236
11113236
11112903
3713968
3713968
3713968
3713968
3713968
4252741
4254347
4252741
4252741
4254347
26752645
26752645
26752645
26752645
26752645
4253163
4253265
4253163
4253163
4253265
4253773
4253773
4253773
4253773
4253773
4248413
4248413
4248413
4248413
4248413
4237534
4238306
4238503
4238784
4239135
11110876
11110876
11110876
11110876
11110876
11111301
11111301
11111301
11111301
11111301
26752359
26752359
26752359
26752359
26752359
4253065
4253065
4253065
4253065
4253065
4252453
4252453
4252453
4252453
4252453
4253186
4253186
4253186
4253186
4253186
4251856
4251856
4251856
4251856
4251856
11113185
11113185
11113185
11113185
11113185
11111009
11111009
11111009
11111009
11111009
4253734
4253734
4253734
4253734
4253734
11113249
11110917
11113249
11113249
11110917
4253401
4253401
4253401
4253401
4253401
4237737
4237796
4238326
4238567
4238832
11111433
11111114
11114003
11111433
11111114
11110660
11110660
11110660
11110660
11110660
11111500
11111500
11111500
11111500
11111500
4253196
4253196
4253196
4253196
4253196
4244400
4244400
4244400
4244400
4244400
17406976
17406976
17406976
17406976
17406976
4237920
4239789
4237920
4237920
4239789
14729662
14729662
14729662
14729662
14729662
4253888
4253888
4253888
4253888
4253888
4253335
11112204
4253335
4253335
11112204
4241391
4254176
4241391
4241391
4254176
11113301
11113301
11113301
11113301
11113301
4253019
4253019
4253019
4253019
4253019
4238077
4238562
4238877
4238077
4238562
11111420
11111420
11111420
11111420
11111420
4252798
4252798
4252798
4252798
4252798
11112529
11112529
11112529
11112529
11112529
11111260
11112600
11111260
11111260
11112600
4252725
4252725
4252725
4252725
4252725
26752589
26752589
26752589
26752589
26752589
11112439
11112439
11112439
11112439
11112439
4252743
11111570
4252743
4252743
11111570
11113150
4253689
4253710
11113150
4253689
4252075
4252075
4252075
4252075
4252075
11113160
11112205
11113160
11113160
11112205
11110673
11110673
11110673
11110673
11110673
11113238
11113247
11112621
11114166
11113238
4237803
4238209
4238502
4238572
4238975
4253220
4253220
4253220
4253220
4253220
11111822
11111822
11111822
11111822
11111822
11111919
11111919
11111919
11111919
11111919
11111871
11112666
11113984
11111871
11112666
850433
850433
850433
850433
850433
4246349
4246349
4246349
4246349
4246349
26752530
26752530
26752530
26752530
26752530
4253264
4253264
4253264
4253264
4253264
4251498
4251498
4251498
4251498
4251498
4252564
4252564
4252564
4252564
4252564
11113217
11113272
11113217
11113217
11113272
11111036
11111036
11111036
11111036
11111036
4252542
4252542
4252542
4252542
4252542
4252557
4252557
4252557
4252557
4252557
11113286
11112425
11113286
11113286
11112425
4252993
4253382
4252993
4252993
4253382
4251945
4251945
4251945
4251945
4251945
11111401
11111401
11111401
11111401
11111401
4253043
17402551
4253043
4253043
17402551
11111882
11111910
11111902
11111913
11111882
14742091
14742091
14742091
14742091
14742091
11111878
4254299
11111878
11111878
4254299
4253823
4253823
4253823
4253823
4253823
11112232
11112232
11112232
11112232
11112232
17410964
17410964
17410964
17410964
17410964
26752368
26752368
26752368
26752368
26752368
4239923
4252953
4239923
4239923
4252953
11111551
11111551
11111551
11111551
11111551
4253974
4253974
4253974
4253974
4253974
11111038
11111038
11111038
11111038
11111038
4254087
4254090
4254087
4254087
4254090
4252754
11113827
4252754
4252754
11113827
11111880
11111880
11111880
11111880
11111880
3713645
14722925
3713645
3713645
14722925
860350
4253435
860350
860350
4253435
858440
4244521
4250321
858440
4244521
26752338
26752338
26752338
26752338
26752338
4253684
4252642
4253400
11112157
4253684
11111255
11111255
11111255
11111255
11111255
4253164
4253668
11111156
4253164
4253668
4248431
4250052
14723186
4248431
4250052
4253645
4253645
4253645
4253645
4253645
4253777
4253777
4253777
4253777
4253777
26752651
26752651
26752651
26752651
26752651
4239954
4239954
4239954
4239954
4239954
11113884
11113884
11113884
11113884
11113884
4248923
4248923
4248923
4248923
4248923
11110761
11113425
11110761
11110761
11113425
4239230
4239230
4239230
4239230
4239230
26752428
26752428
26752428
26752428
26752428
11110983
11110983
11110983
11110983
11110983
4252630
4252630
4252630
4252630
4252630
4252525
4252525
4252525
4252525
4252525
26752720
26752720
26752720
26752720
26752720
26752361
26752361
26752361
26752361
26752361
11111932
11111932
11111932
11111932
11111932
14741625
14741625
14741625
14741625
14741625
4254275
4254321
4254275
4254275
4254321
11110892
11111359
11110892
11110892
11111359
4237498
4237575
4237498
4237498
4237575
26752535
26752535
26752535
26752535
26752535
14735082
14735082
14735082
14735082
14735082
11111340
11113536
11111340
11111340
11113536
4238745
4238966
4239965
4240038
4240467
4254055
4254055
4254055
4254055
4254055
858640
858640
858640
858640
858640
11113212
4252514
11113212
11113212
4252514
11112198
11112212
11112277
11112301
11112198
11111377
4254297
11111377
11111377
4254297
4254421
4254421
4254421
4254421
4254421
4253119
4253119
4253119
4253119
4253119
17387587
17387587
17387587
17387587
17387587
11110864
11112165
11110864
11110864
11112165
4253586
4253586
4253586
4253586
4253586
4237729
4238123
4238372
4238996
4237729
11111306
11111306
11111306
11111306
11111306
4253567
4253567
4253567
4253567
4253567
4253248
4253248
4253248
4253248
4253248
11111445
11114190
11111445
11111445
11114190
4254331
4254331
4254331
4254331
4254331
11113173
11111538
11112652
11112686
11113173
11110756
11110756
11110756
11110756
11110756
4253209
4238055
4240054
4240115
4253210
11110800
11110800
11110800
11110800
11110800
4239720
4239720
4239720
4239720
4239720
11112407
11112407
11112407
11112407
11112407
11110872
11110873
11110872
11110872
11110873
11113233
11112147
11113233
11113233
11112147
4244578
4244578
4244578
4244578
4244578
26752340
26752340
26752340
26752340
26752340
11114017
11114017
11114017
11114017
11114017
4252640
4252939
4253802
14738943
4252640
4241122
4241122
4241122
4241122
4241122
11111418
11111418
11111418
11111418
11111418
11113130
4252508
11113130
11113130
4252508
11113282
11112185
11113282
11113282
11112185
4254367
4254367
4254367
4254367
4254367
11111542
4252727
4253152
11113630
11111542
864189
14743337
864189
864189
14743337
26752418
26752418
26752418
26752418
26752418
4252891
4253029
4252891
4252891
4253029
4237853
4238315
4238753
4238934
4239239
11113644
11113644
11113644
11113644
11113644
4242011
4242011
4242011
4242011
4242011
17414561
17414561
17414561
17414561
17414561
4253995
4254234
4253995
4253995
4254234
865245
14722957
865245
865245
14722957
4252556
4252556
4252556
4252556
4252556
11111269
11112202
11111269
11111269
11112202
11111100
11114039
11111100
11111100
11114039
4239344
4253093
4239344
4239344
4253093
4246506
4246506
4246506
4246506
4246506
4254003
11111892
11111918
11111921
11111922
4254002
4254002
4254002
4254002
4254002
4252539
4254434
11112281
11112342
4252539
4253923
11110705
11111209
11113427
4253923
11111045
11111045
11111045
11111045
11111045
11110901
11112767
11110901
11110901
11112767
26752677
863141
26752677
26752677
863141
4254104
4254104
4254104
4254104
4254104
11111295
11111295
11111295
11111295
11111295
11113131
11113142
11111707
17385031
11113131
11113248
11112678
11113248
11113248
11112678
4252788
4252788
4252788
4252788
4252788
4238032
4238522
4238032
4238032
4238522
11113994
11113994
11113994
11113994
11113994
14726065
14726065
14726065
14726065
14726065
26752505
26752505
26752505
26752505
26752505
4254168
4254168
4254168
4254168
4254168
11111346
11113414
11111346
11111346
11113414
4253331
11112279
4253331
4253331
11112279
4253611
4253611
4253611
4253611
4253611
4254340
4254340
4254340
4254340
4254340
4253636
4253636
4253636
4253636
4253636
860250
860250
860250
860250
860250
11112556
11112556
11112556
11112556
11112556
26752483
11112402
26752483
26752483
11112402
853371
860507
7976741
11112520
17402171
3714911
3714911
3714911
3714911
3714911
4249088
4249088
4249088
4249088
4249088
7973786
14739432
7973786
7973786
14739432
11114213
11114213
11114213
11114213
11114213
11111307
14744460
17402826
11111307
14744460
26752556
26752556
26752556
26752556
26752556
11111897
11111897
11111897
11111897
11111897
4253241
4253241
4253241
4253241
4253241
4238494
4238494
4238494
4238494
4238494
4240802
4240802
4240802
4240802
4240802
11113076
11113076
11113076
11113076
11113076
26750742
26750743
26750745
26750760
26750775
4237790
4237790
4237790
4237790
4237790
26752724
4239603
26752724
26752724
4239603
4252855
4252867
4252855
4252855
4252867
4252996
4252534
4252622
4252987
4252997
4253336
4253336
4253336
4253336
4253336
11111796
11111796
11111796
11111796
11111796
11111477
11111520
4252515
11111533
17401247
11112893
11112893
11112893
11112893
11112893
11110694
11110694
11110694
11110694
11110694
862459
862459
862459
862459
862459
26752475
26752475
26752475
26752475
26752475
26752661
26752661
26752661
26752661
26752661
11110715
11111499
11112762
11110715
11111499
4238930
4254178
11111314
11111709
11111754
11111794
11111794
11111794
11111794
11111794
11110784
11111421
11112553
11110784
11111421
11113146
11111015
11113146
11113146
11111015
4238278
4238767
4238867
4252965
4238278
4252455
4252632
4252861
4253188
4253429
4253036
4253036
4253036
4253036
4253036
4253463
4253463
4253463
4253463
4253463
26750829
26750848
26750829
26750829
26750848
11112349
11112349
11112349
11112349
11112349
11113871
11113871
11113871
11113871
11113871
4254362
4254362
4254362
4254362
4254362
4245335
4254057
4245335
4245335
4254057
4253092
11112268
17411029
4253092
11112268
26752344
26752694
26752701
26752702
26752703
4253540
11111809
4253540
4253540
11111809
11111864
11111864
11111864
11111864
11111864
4237815
4238179
4254198
11110825
11110877
4253975
11112524
4253975
4253975
11112524
4247846
4247846
4247846
4247846
4247846
11112820
11112820
11112820
11112820
11112820
17406959
17406959
17406959
17406959
17406959
4239737
4239737
4239737
4239737
4239737
4254358
4254358
4254358
4254358
4254358
4254322
4254322
4254322
4254322
4254322
4244730
4248621
11113693
4244730
4248621
17410843
17410843
17410843
17410843
17410843
11111138
11112323
11111138
11111138
11112323
4252498
17410289
4252498
4252498
17410289
4253879
4254095
4253879
4253879
4254095
11111239
11111056
11113366
11111239
11111056
4239600
4239600
4239600
4239600
4239600
11110999
11111916
11112166
11112517
11112764
26752365
26752365
26752365
26752365
26752365
11110826
11110826
11110826
11110826
11110826
11111328
4248385
11112782
11111328
4248385
860691
4251441
860691
860691
4251441
11110906
11110906
11110906
11110906
11110906
4252570
4252570
4252570
4252570
4252570
866054
866054
866054
866054
866054
4252706
4253095
4252706
4252706
4253095
11111318
11111318
11111318
11111318
11111318
11112237
11112237
11112237
11112237
11112237
11112623
11112623
11112623
11112623
11112623
4253438
11111665
14722183
4253438
11111665
4237680
4238926
4239080
4239337
4240147
26751052
26751052
26751052
26751052
26751052
4237768
4237849
4237870
4237879
4237964
4253504
4253612
4253504
4253504
4253612
11112566
11112566
11112566
11112566
11112566
4252745
4252745
4252745
4252745
4252745
4253288
4253491
4254230
4254277
11113674
4244802
4244802
4244802
4244802
4244802
4252691
4252691
4252691
4252691
4252691
11111818
4248450
11111818
11111818
4248450
4253056
4253057
11111252
4253056
4253057
4237789
4238574
4240340
11111040
4237789
17385894
17408865
17385894
17385894
17408865
4254283
4254283
4254283
4254283
4254283
11111790
11111795
11111790
11111790
11111795
26752648
26752648
26752648
26752648
26752648
4253744
4253744
4253744
4253744
4253744
11112392
11112392
11112392
11112392
11112392
11111353
11111740
14723984
11111353
11111740
4238031
4238611
4238629
4238807
4238844
11113141
11113275
11112322
11112357
11113141
11112541
11112541
11112541
11112541
11112541
4239379
4253640
4239379
4239379
4253640
4238671
4238989
4238671
4238671
4238989
4252459
4252459
4252459
4252459
4252459
4252497
4253008
4252497
4252497
4253008
26752585
26752585
26752585
26752585
26752585
11110956
11110956
11110956
11110956
11110956
26752729
26752729
26752729
26752729
26752729
861256
14735493
861256
861256
14735493
4251191
4251191
4251191
4251191
4251191
4250496
4250496
4250496
4250496
4250496
26752427
26752427
26752427
26752427
26752427
11110926
11112177
11110926
11110926
11112177
11111659
4252844
11111659
11111659
4252844
14741057
14741057
14741057
14741057
14741057
11112473
11112473
11112473
11112473
11112473
4254197
4254197
4254197
4254197
4254197
861630
4240800
861630
861630
4240800
11112215
11112215
11112215
11112215
11112215
4253361
4253361
4253361
4253361
4253361
4254312
4254312
4254312
4254312
4254312
26752401
26752401
26752401
26752401
26752401
11110939
11110939
11110939
11110939
11110939
11112343
11112343
11112343
11112343
11112343
4247644
11111104
4247644
4247644
11111104
14727244
14727244
14727244
14727244
14727244
4253814
4253814
4253814
4253814
4253814
11113077
4253231
11113077
11113077
4253231
11113224
4252707
11111491
11111717
11112554
14726322
14726322
14726322
14726322
14726322
4237605
4238231
4238656
4238799
4239089
4252948
4252948
4252948
4252948
4252948
17408252
17408252
17408252
17408252
17408252
4253695
4253725
4253695
4253695
4253725
4253079
4253079
4253079
4253079
4253079
4253570
4253570
4253570
4253570
4253570
4239471
4252926
4239471
4239471
4252926
860782
860782
860782
860782
860782
11111020
11111395
11111020
11111020
11111395
26752420
26752425
26752420
26752420
26752425
26752626
4238536
4240383
4252784
26752626
4253444
4253444
4253444
4253444
4253444
4252838
11111026
4252838
4252838
11111026
846175
846175
846175
846175
846175
4252762
4253295
11113747
4252762
4253295
7973964
7973964
7973964
7973964
7973964
11110789
11110789
11110789
11110789
11110789
4253402
4253801
4253402
4253402
4253801
11113290
4253851
11113290
11113290
4253851
26752429
26752429
26752429
26752429
26752429
4254430
4254430
4254430
4254430
4254430
4253490
4254157
11114269
4253490
4254157
4252685
4252685
4252685
4252685
4252685
14732877
14732877
14732877
14732877
14732877
17401462
17401462
17401462
17401462
17401462
14734810
14734810
14734810
14734810
14734810
11110726
11111221
11110726
11110726
11111221
4252909
4253069
4252909
4252909
4253069
4253279
4253969
4253279
4253279
4253969
4253203
11112352
4253203
4253203
11112352
26752575
4249732
4253433
11110796
11114274
11111896
11111896
11111896
11111896
11111896
4253530
11111112
4253530
4253530
11111112
11110819
11111585
4253391
4254056
11110672
4248297
4248297
4248297
4248297
4248297
11112684
11112684
11112684
11112684
11112684
4253669
4253669
4253669
4253669
4253669
11111770
11111770
11111770
11111770
11111770
11111805
11113449
11111805
11111805
11113449
26752687
26752687
26752687
26752687
26752687
11113191
11113235
11112641
11113191
11113235
4238415
4238846
4238939
4239781
4238415
4244738
4253384
4253856
4254180
4254181
4252456
4252456
4252456
4252456
4252456
11111219
11112714
11111219
11111219
11112714
4252849
4252849
4252849
4252849
4252849
11112916
11112916
11112916
11112916
11112916
4237589
4238509
4238859
4240408
4237589
26750830
26750830
26750830
26750830
26750830
852628
4252608
14723182
852628
4252608
26752683
26751100
26752683
26752683
26751100
11111410
11111410
11111410
11111410
11111410
11111132
4253437
11112640
11111132
4253437
11111789
11113691
11113853
11111789
11113691
14736216
14736216
14736216
14736216
14736216
16952412
16952412
16952412
16952412
16952412
4252607
14722908
4252607
4252607
14722908
14727328
14727328
14727328
14727328
14727328
4247208
7973657
4247208
4247208
7973657
11111121
4254177
11111121
11111121
4254177
14742393
14742393
14742393
14742393
14742393
3712359
3712359
3712359
3712359
3712359
4237526
4237526
4237526
4237526
4237526
4242334
4252386
4254195
14721873
4242334
4252941
4253917
11110786
4252941
4253917
4253380
4253380
4253380
4253380
4253380
4252462
4252462
4252462
4252462
4252462
26752641
26752641
26752641
26752641
26752641
4241809
4254324
4241809
4241809
4254324
4252447
4252447
4252447
4252447
4252447
4253439
4253439
4253439
4253439
4253439
11114243
17412598
11114243
11114243
17412598
26752343
26752343
26752343
26752343
26752343
4239473
17412107
4239473
4239473
17412107
11111722
11111722
11111722
11111722
11111722
4253107
4254124
4253107
4253107
4254124
4253174
14724090
4253174
4253174
14724090
11111172
11111563
11111172
11111172
11111563
11111408
11110791
11111257
11113581
11111408
4252643
4252643
4252643
4252643
4252643
4253809
4253809
4253809
4253809
4253809
11113181
11113181
11113181
11113181
11113181
26751000
26751194
26751203
26751212
26751221
4252656
4252656
4252656
4252656
4252656
26752334
26750726
26752334
26752334
26750726
11110969
4252550
4252913
4253071
4253260
4254378
4254378
4254378
4254378
4254378
11113711
11113711
11113711
11113711
11113711
26752594
4253377
11113692
26752594
4253377
4252415
11111853
4252415
4252415
11111853
4253863
4253863
4253863
4253863
4253863
4252546
11111618
11112303
4252546
11111618
4253458
4253458
4253458
4253458
4253458
4253859
4253859
4253859
4253859
4253859
17403233
17403233
17403233
17403233
17403233
11112895
11112895
11112895
11112895
11112895
4253976
11111664
11112549
4253976
11111664
26752353
26751106
26751179
26752353
26751106
4253572
4253572
4253572
4253572
4253572
4253742
4253742
4253742
4253742
4253742
14729246
14729246
14729246
14729246
14729246
11110928
11110933
4253296
11112377
11110928
4252871
4253238
4254001
4252871
4253238
11114084
17406732
11114084
11114084
17406732
11112492
11112492
11112492
11112492
11112492
4253371
11111406
4253371
4253371
11111406
4252654
4253673
4252654
4252654
4253673
11111030
11111030
11111030
11111030
11111030
4253413
4253414
4253413
4253413
4253414
4253690
4253690
4253690
4253690
4253690
11111735
11113157
4252806
4253843
11111735
11111927
11111927
11111927
11111927
11111927
11111290
4252466
4253815
11111290
4252466
4253140
4253140
4253140
4253140
4253140
26751267
26751268
26751269
26751285
26751286
4253964
17411635
4253964
4253964
17411635
4239653
4239653
4239653
4239653
4239653
11111644
11111644
11111644
11111644
11111644
4252667
4252748
4252885
4252667
4252748
26752358
26752367
26752358
26752358
26752367
4242803
4242803
4242803
4242803
4242803
862672
862672
862672
862672
862672
26751154
26751154
26751154
26751154
26751154
17385319
17385319
17385319
17385319
17385319
4254405
4254405
4254405
4254405
4254405
4237750
4238022
4239526
4239848
4237750
4252115
4252115
4252115
4252115
4252115
3712054
4237668
4254412
3712054
4237668
863281
863281
863281
863281
863281
4239866
7975859
11112649
4239866
7975859
4238396
4238813
4238396
4238396
4238813
4237478
4239639
4239942
4240181
4237478
4240176
4240176
4240176
4240176
4240176
4239662
4239662
4239662
4239662
4239662
14740178
14740178
14740178
14740178
14740178
17401313
17415827
17401313
17401313
17415827
11113304
14740943
11113304
11113304
14740943
14738522
14738522
14738522
14738522
14738522
14745315
14745315
14745315
14745315
14745315
17412219
17412219
17412219
17412219
17412219
11113237
11113237
11113237
11113237
11113237
17387989
17387989
17387989
17387989
17387989
11111143
11111143
11111143
11111143
11111143
4238196
4240100
4238196
4238196
4240100
4253535
4253535
4253535
4253535
4253535
4254303
4254303
4254303
4254303
4254303
4253533
4253086
4253347
4254228
4253533
11113239
11111354
11112375
11112755
11113239
4252945
4253584
11112759
4252945
4253584
4250655
4250655
4250655
4250655
4250655
4252999
11111436
4252999
4252999
11111436
4246827
4246827
4246827
4246827
4246827
11110890
11110890
11110890
11110890
11110890
11111587
11111587
11111587
11111587
11111587
11113882
11113882
11113882
11113882
11113882
4240694
4246418
4240694
4240694
4246418
4253441
4253441
4253441
4253441
4253441
17387939
17387939
17387939
17387939
17387939
4253785
4253787
17412130
4253785
4253787
14741593
14741593
14741593
14741593
14741593
17401189
17401189
17401189
17401189
17401189
4254217
4254217
4254217
4254217
4254217
11112902
11112902
11112902
11112902
11112902
4252943
11111842
4252943
4252943
11111842
4254221
4254221
4254221
4254221
4254221
11113726
11113726
11113726
11113726
11113726
26752555
26752555
26752555
26752555
26752555
4253310
4253310
4253310
4253310
4253310
11111699
11111699
11111699
11111699
11111699
4253554
4253554
4253554
4253554
4253554
4245568
4245568
4245568
4245568
4245568
11111501
11111501
11111501
11111501
11111501
4237775
4237922
4237775
4237775
4237922
4252971
17401711
4252971
4252971
17401711
26751170
26751170
26751170
26751170
26751170
4253180
4253180
4253180
4253180
4253180
14723155
17386006
17412917
17414530
14723155
11111032
4252496
4254076
17401935
11111032
14724120
14724120
14724120
14724120
14724120
17411636
17411636
17411636
17411636
17411636
4252657
4252657
4252657
4252657
4252657
26752712
26752712
26752712
26752712
26752712
17406888
17408729
17412884
17406888
17408729
17410752
17410841
17410752
17410752
17410841
846109
846109
846109
846109
846109
11112154
17412667
17413042
11112154
17412667
11113145
11113294
11112350
11113145
11113294
26750997
26750997
26750997
26750997
26750997
4243705
4243705
4243705
4243705
4243705
4245142
4246850
4248345
4249041
14744613
4252326
14739939
4252326
4252326
14739939
4249752
4250343
4249752
4249752
4250343
26752596
26752600
26752596
26752596
26752600
4238118
4239149
4239809
4238118
4239149
4238008
4252773
4238008
4238008
4252773
26750960
26750960
26750960
26750960
26750960
17411605
17415951
17411605
17411605
17415951
4241927
11112741
14726067
14744525
14744550
4253820
4253820
4253820
4253820
4253820
11112647
11112647
11112647
11112647
11112647
11112592
11112592
11112592
11112592
11112592
4253222
4253222
4253222
4253222
4253222
11110879
11111719
11110879
11110879
11111719
4242447
4242447
4242447
4242447
4242447
26750730
26750730
26750730
26750730
26750730
4253158
4253158
4253158
4253158
4253158
26750927
26750942
26750957
26750927
26750942
4253223
4253223
4253223
4253223
4253223
4253676
4253676
4253676
4253676
4253676
11111218
4253216
11111218
11111218
4253216
4253014
4253015
4253575
11111898
4253014
4253052
14722917
4253052
4253052
14722917
3715879
3715879
3715879
3715879
3715879
14741373
14741373
14741373
14741373
14741373
4253918
4253918
4253918
4253918
4253918
17414065
17414065
17414065
17414065
17414065
11111363
4252973
11111363
11111363
4252973
4253716
17401447
4253716
4253716
17401447
11113086
4252527
4253048
4253173
4253277
17416239
17416239
17416239
17416239
17416239
14740996
14741771
14740996
14740996
14741771
4253590
4253590
4253590
4253590
4253590
11113260
4242304
11113260
11113260
4242304
4244377
4244377
4244377
4244377
4244377
14745696
14745696
14745696
14745696
14745696
4253581
4253581
4253581
4253581
4253581
4252694
4253954
4254216
11110839
14722924
11113883
11113883
11113883
11113883
11113883
3712526
14733262
14737229
3712526
14733262
4253022
4253909
11110971
4253022
4253909
4253861
4253861
4253861
4253861
4253861
11114062
11114062
11114062
11114062
11114062
11111241
11112321
11111241
11111241
11112321
4252938
4253329
4252938
4252938
4253329
4253520
4253520
4253520
4253520
4253520
4238086
4239644
4240048
4238086
4239644
7972241
7972241
7972241
7972241
7972241
11111856
11111856
11111856
11111856
11111856
11110653
11110782
11110978
11111071
11111250
11111846
4252944
11111846
11111846
4252944
11111843
11111843
11111843
11111843
11111843
26752682
4246116
26752682
26752682
4246116
4252742
4252742
4252742
4252742
4252742
4252705
4252968
4253985
11110847
14726120
11111966
11113980
11111966
11111966
11113980
4253047
4253047
4253047
4253047
4253047
4252724
4252724
4252724
4252724
4252724
4252940
14723152
4252940
4252940
14723152
11111355
11111355
11111355
11111355
11111355
3717948
3717948
3717948
3717948
3717948
11111605
11111703
11111605
11111605
11111703
11111612
11111612
11111612
11111612
11111612
4238668
4240178
4238668
4238668
4240178
11111817
4251463
4253074
11112395
11111817
4246015
4252751
4246015
4246015
4252751
11111830
4237794
11114050
11114060
11111830
4237937
11111749
4237937
4237937
11111749
4240295
4240398
4254391
11110659
14724051
11110898
4249453
4250303
4253358
11112247
11111757
14727262
11111757
11111757
14727262
4237642
4237642
4237642
4237642
4237642
11111007
4254014
11111007
11111007
4254014
11111698
11111698
11111698
11111698
11111698
26752372
26752374
26752381
26752437
26752372
11111772
11111772
11111772
11111772
11111772
4237628
4237628
4237628
4237628
4237628
4237745
17412079
4237745
4237745
17412079
4244876
17406881
4244876
4244876
17406881
11111909
17402756
11111909
11111909
17402756
11111939
11111939
11111939
11111939
11111939
17410352
17410352
17410352
17410352
17410352
4238410
4239952
4238410
4238410
4239952
11112575
11112575
11112575
11112575
11112575
11113799
11113799
11113799
11113799
11113799
11111940
11111945
11111940
11111940
11111945
11112646
11112646
11112646
11112646
11112646
4254369
4254369
4254369
4254369
4254369
26750999
26750999
26750999
26750999
26750999
4254300
4254300
4254300
4254300
4254300
4253049
11113582
4253049
4253049
11113582
4252812
11110687
11110720
11110747
11111607
4253275
4253806
4253275
4253275
4253806
11111954
11111954
11111954
11111954
11111954
4253097
4253097
4253097
4253097
4253097
4242433
4247934
11114164
4242433
4247934
26752360
26752360
26752360
26752360
26752360
4252679
11112151
11112242
4252679
11112151
4254193
4254193
4254193
4254193
4254193
4253460
4253460
4253460
4253460
4253460
14734950
14734950
14734950
14734950
14734950
4252464
4252464
4252464
4252464
4252464
4252777
4253125
4252777
4252777
4253125
4253084
11112339
4253084
4253084
11112339
11111109
17410167
11111109
11111109
17410167
26751049
26751049
26751049
26751049
26751049
11114276
11114276
11114276
11114276
11114276
4254311
4254311
4254311
4254311
4254311
17414356
17414356
17414356
17414356
17414356
4254138
14731887
4254138
4254138
14731887
11110984
11110984
11110984
11110984
11110984
17407244
17407244
17407244
17407244
17407244
14735340
14735340
14735340
14735340
14735340
11110980
11113982
11110980
11110980
11113982
14741026
14741026
14741026
14741026
14741026
4237932
4238773
4237932
4237932
4238773
4253421
4253421
4253421
4253421
4253421
4238550
17415725
4238550
4238550
17415725
4238047
4239095
4238047
4238047
4239095
11111531
11111550
11112334
11111531
11111550
4252949
17408548
4252949
4252949
17408548
11112610
11112610
11112610
11112610
11112610
846376
846376
846376
846376
846376
4253318
4253318
4253318
4253318
4253318
11111684
11112586
11111684
11111684
11112586
4253412
4253412
4253412
4253412
4253412
4245422
11113989
4245422
4245422
11113989
4253452
14723964
4253452
4253452
14723964
4253068
4254373
4253068
4253068
4254373
4252563
4253385
4254332
4252563
4253385
4248335
4248335
4248335
4248335
4248335
4253679
4253679
4253679
4253679
4253679
11111184
11111184
11111184
11111184
11111184
4252810
14739266
4252810
4252810
14739266
11111535
11113627
11113796
11111535
11113627
11112314
11112314
11112314
11112314
11112314
4252256
4252256
4252256
4252256
4252256
7975186
7975186
7975186
7975186
7975186
4252783
4253156
4252783
4252783
4253156
11112368
11112368
11112368
11112368
11112368
11111274
11111274
11111274
11111274
11111274
4253091
4253121
4253091
4253091
4253121
4252478
4252478
4252478
4252478
4252478
4247501
4252833
11112793
4247501
4252833
4239959
17410037
4239959
4239959
17410037
11110923
17403525
17403546
17412167
17413200
4241700
4241700
4241700
4241700
4241700
26752552
26752573
26752552
26752552
26752573
11111636
4253160
4253226
4253313
11112692
11111023
11111524
11111759
11111792
11113793
17402372
17402372
17402372
17402372
17402372
11114171
11114171
11114171
11114171
11114171
4237529
4237562
4237567
4237913
4238061
26752497
26752497
26752497
26752497
26752497
11113138
11110666
11111484
11111712
11112540
11112106
11112106
11112106
11112106
11112106
4252387
11111299
17402238
4252387
11111299
11111578
11111578
11111578
11111578
11111578
4252875
4252875
4252875
4252875
4252875
11113196
11113196
11113196
11113196
11113196
4249370
4250901
4249370
4249370
4250901
11112514
11112514
11112514
11112514
11112514
11113834
11113834
11113834
11113834
11113834
4240452
4250505
4240452
4240452
4250505
11110664
11111288
11111405
11110664
11111288
4253297
4253297
4253297
4253297
4253297
4252655
4253752
11111497
4252655
4253752
17406573
17406573
17406573
17406573
17406573
4252865
4253319
4252865
4252865
4253319
4252666
17402242
4252666
4252666
17402242
4252683
4252683
4252683
4252683
4252683
26752331
26752476
26752487
26752705
26752732
26750930
26750938
26750945
26750952
26750953
4239710
4239802
4239710
4239710
4239802
4254106
4254106
4254106
4254106
4254106
26752364
26752364
26752364
26752364
26752364
14734020
14734020
14734020
14734020
14734020
11113261
11113261
11113261
11113261
11113261
4252931
4252931
4252931
4252931
4252931
4247458
4247458
4247458
4247458
4247458
14745271
14745271
14745271
14745271
14745271
4253422
11112639
4253422
4253422
11112639
4253108
11110856
11112097
11112219
11112269
11110712
11110712
11110712
11110712
11110712
857689
857689
857689
857689
857689
17416202
17416202
17416202
17416202
17416202
11112567
11112567
11112567
11112567
11112567
4253932
4253932
4253932
4253932
4253932
4253443
4254013
14739769
4253443
4254013
11111751
11111751
11111751
11111751
11111751
4238324
4239833
4240265
4238324
4239833
4252895
4252907
4252895
4252895
4252907
11113268
11113268
11113268
11113268
11113268
11111129
11114005
11114140
11111129
11114005
4252740
11113695
4252740
4252740
11113695
850684
850684
850684
850684
850684
26751206
26751206
26751206
26751206
26751206
11114010
11114010
11114010
11114010
11114010
26751187
26751188
26751187
26751187
26751188
26750777
26750843
26750777
26750777
26750843
14724129
14724129
14724129
14724129
14724129
11110948
11112777
11110948
11110948
11112777
11110700
11110700
11110700
11110700
11110700
11112784
11112784
11112784
11112784
11112784
4254293
4254294
4254293
4254293
4254294
4239302
4240177
4239302
4239302
4240177
11111561
11111561
11111561
11111561
11111561
4239671
4239671
4239671
4239671
4239671
14745978
14745978
14745978
14745978
14745978
847473
847473
847473
847473
847473
11111012
11111267
11111012
11111012
11111267
11112668
11112668
11112668
11112668
11112668
17385316
17385316
17385316
17385316
17385316
26750779
26750798
26750845
26750779
26750798
26750924
26750939
26751061
26750924
26750939
4253467
4253467
4253467
4253467
4253467
14726050
14726050
14726050
14726050
14726050
14745968
17408816
14745968
14745968
17408816
4253102
11111266
11111459
4253102
11111266
11111304
11111580
11111631
11113894
11113917
11111403
11112850
11111403
11111403
11112850
4238117
4238449
4239156
4239462
4240193
4253830
11111490
4253830
4253830
11111490
4239296
4240269
4239296
4239296
4240269
17413675
17413675
17413675
17413675
17413675
850010
850010
850010
850010
850010
26751195
26751199
26751200
26751201
26751210
14740690
14740690
14740690
14740690
14740690
26752644
26752644
26752644
26752644
26752644
11114051
11114051
11114051
11114051
11114051
11113949
11113949
11113949
11113949
11113949
858342
14742491
858342
858342
14742491
11113169
4251917
11113169
11113169
4251917
26752512
14735176
26752512
26752512
14735176
847033
848612
847033
847033
848612
26752426
4247854
26752426
26752426
4247854
26751166
26751166
26751166
26751166
26751166
17385323
17385323
17385323
17385323
17385323
11112513
11112558
11112513
11112513
11112558
4254020
11113968
4254020
4254020
11113968
4253642
4253642
4253642
4253642
4253642
14724034
14724034
14724034
14724034
14724034
11111059
11111093
11111509
11111576
11111925
4253341
4253652
4253341
4253341
4253652
4254206
11112291
4254206
4254206
11112291
4252718
4252718
4252718
4252718
4252718
4254432
4254432
4254432
4254432
4254432
4237593
4253064
4237593
4237593
4253064
11111511
11111511
11111511
11111511
11111511
7972814
7972814
7972814
7972814
7972814
4252452
4252991
4253465
4252452
4252991
4252713
4252795
4253994
4254051
11114157
4252832
4252975
4252832
4252832
4252975
26752376
26752378
26752379
26752383
26752395
11111382
14726415
11111382
11111382
14726415
11111183
11111183
11111183
11111183
11111183
26752637
26752637
26752637
26752637
26752637
4245908
4245908
4245908
4245908
4245908
17387985
17387985
17387985
17387985
17387985
4253756
4253756
4253756
4253756
4253756
11113084
4253688
11113084
11113084
4253688
4252960
4254317
4252960
4252960
4254317
14744812
17402755
14744812
14744812
17402755
26752650
26752650
26752650
26752650
26752650
4253526
4253896
4254207
4254231
4253526
26751272
26751273
26751290
26751291
26751338
4253007
4253374
14743941
4253007
4253374
843632
11112731
26751245
26751263
843632
11111327
11111327
11111327
11111327
11111327
4254259
4254259
4254259
4254259
4254259
26751185
26751185
26751185
26751185
26751185
14735459
14735459
14735459
14735459
14735459
4253500
4253500
4253500
4253500
4253500
4245261
4245261
4245261
4245261
4245261
11111957
11111957
11111957
11111957
11111957
14730215
17410777
14730215
14730215
17410777
4246068
4247262
4247320
4249519
4249690
860868
860868
860868
860868
860868
17386564
17401216
17386564
17386564
17401216
17401482
17402234
17401482
17401482
17402234
11112655
11112655
11112655
11112655
11112655
11110702
11110702
11110702
11110702
11110702
26752511
26752511
26752511
26752511
26752511
4254094
4254094
4254094
4254094
4254094
4252759
4252759
4252759
4252759
4252759
11110744
11112809
17407520
26750729
11110744
4252490
4252490
4252490
4252490
4252490
4253536
4253547
4253536
4253536
4253547
11113154
11112273
11113154
11113154
11112273
26750993
26751003
26751006
26751204
26751209
4252936
4253766
4252936
4252936
4253766
11110860
11112117
11112776
11110860
11112117
14732668
14732668
14732668
14732668
14732668
4248733
4252583
4252797
4252816
4252918
862611
863009
863427
862611
863009
26751205
26751223
26751205
26751205
26751223
4253865
4253865
4253865
4253865
4253865
4252846
4254125
11111493
4252846
4254125
4254005
4254005
4254005
4254005
4254005
4253625
7972563
4253625
4253625
7972563
11111861
11111861
11111861
11111861
11111861
11111908
11111908
11111908
11111908
11111908
17409901
17409901
17409901
17409901
17409901
4238519
4239553
4239973
4238519
4239553
4253965
4253965
4253965
4253965
4253965
14743316
14743316
14743316
14743316
14743316
4252621
11112532
4252621
4252621
11112532
4252461
17409013
4252461
4252461
17409013
4243497
4244435
4252789
4254083
14723158
4237607
4237676
4239926
4240411
17407344
4244502
4244502
4244502
4244502
4244502
11112571
11112571
11112571
11112571
11112571
4247669
11111675
4247669
4247669
11111675
17385317
17385317
17385317
17385317
17385317
17414350
17414350
17414350
17414350
17414350
11112734
11112841
11112859
11112734
11112841
11113858
11113858
11113858
11113858
11113858
4252769
4252769
4252769
4252769
4252769
4254188
4254188
4254188
4254188
4254188
4252899
4252899
4252899
4252899
4252899
4240589
4240589
4240589
4240589
4240589
4253004
4253004
4253004
4253004
4253004
4238439
4238439
4238439
4238439
4238439
26752333
26752337
26752333
26752333
26752337
4248255
4250573
4248255
4248255
4250573
26752388
26752397
26752388
26752388
26752397
4253359
7977052
11111084
4253359
7977052
14742818
17414755
14742818
14742818
17414755
4254042
4254042
4254042
4254042
4254042
4254084
4254084
4254084
4254084
4254084
4248825
4252829
4254025
4248825
4252829
11111781
11113654
11111781
11111781
11113654
17387834
17387848
17387834
17387834
17387848
11111608
11112107
11113727
11111608
11112107
11111974
11111974
11111974
11111974
11111974
4252840
4254376
17411618
4252840
4254376
11112884
11112884
11112884
11112884
11112884
4253569
4253569
4253569
4253569
4253569
11110714
11110714
11110714
11110714
11110714
4253786
17408844
4253786
4253786
17408844
11111082
11111082
11111082
11111082
11111082
26750787
26750792
26750810
26750787
26750792
26751164
26751164
26751164
26751164
26751164
17414991
17414991
17414991
17414991
17414991
26752413
26752459
26752413
26752413
26752459
11110900
11110900
11110900
11110900
11110900
17410899
17410899
17410899
17410899
17410899
11112163
11113733
11114237
11112163
11113733
4253430
11110797
11112160
11113944
4253430
4244046
4244046
4244046
4244046
4244046
11111413
11111413
11111413
11111413
11111413
11112587
11112587
11112587
11112587
11112587
14723880
14723955
17407031
17407817
14723880
26752504
26752672
26752504
26752504
26752672
26752547
4250957
4253060
26752547
4250957
14741725
17411745
14741725
14741725
17411745
4248824
4248824
4248824
4248824
4248824
11113614
11113614
11113614
11113614
11113614
4245508
4248656
4245508
4245508
4248656
11111130
4253719
11111130
11111130
4253719
17387599
17387601
17401419
17387599
17387601
11114054
11114054
11114054
11114054
11114054
4253511
4253511
4253511
4253511
4253511
11112434
11112743
11112434
11112434
11112743
14744996
14744996
14744996
14744996
14744996
26752362
26752363
26751055
26752362
26752363
4253512
4253512
4253512
4253512
4253512
11112839
11112839
11112839
11112839
11112839
11113940
11113940
11113940
11113940
11113940
11110675
4253130
11113852
17402114
11110675
4237572
4237706
4237962
4238173
4238191
11113530
11113530
11113530
11113530
11113530
4253094
11114141
14723196
4253094
11114141
4253807
4253807
4253807
4253807
4253807
11111326
11111326
11111326
11111326
11111326
14724134
14724134
14724134
14724134
14724134
11112696
11112696
11112696
11112696
11112696
11110678
11110678
11110678
11110678
11110678
4252723
4252901
4252905
4252985
4252723
4253618
11111924
11112140
17411814
4253618
17406764
17406764
17406764
17406764
17406764
4252693
4252693
4252693
4252693
4252693
17402965
17402965
17402965
17402965
17402965
11112109
11112109
11112109
11112109
11112109
11111133
4250284
11112763
11111133
4250284
14726301
14726301
14726301
14726301
14726301
11110774
4245064
4252549
4252668
4252967
4253508
17401953
4253508
4253508
17401953
26750903
26750915
26750925
26750940
26750903
11111110
11111713
11111110
11111110
11111713
26751121
26751121
26751121
26751121
26751121
4252596
4252631
4253337
11112547
14745381
4254047
4254047
4254047
4254047
4254047
4248277
4250639
4248277
4248277
4250639
14745293
14745293
14745293
14745293
14745293
4253293
4253294
4253293
4253293
4253294
3714944
4246771
3714944
3714944
4246771
4252571
4252571
4252571
4252571
4252571
14742207
14742207
14742207
14742207
14742207
11114221
11114221
11114221
11114221
11114221
4253764
4253764
4253764
4253764
4253764
4241678
4241678
4241678
4241678
4241678
4253077
4253077
4253077
4253077
4253077
4252669
4252669
4252669
4252669
4252669
4250618
4252061
14723199
4250618
4252061
26750748
26750749
26750750
26750751
26750770
11111411
11111411
11111411
11111411
11111411
842789
7972595
14727112
14735006
17406657
11113474
11113474
11113474
11113474
11113474
4252686
4252686
4252686
4252686
4252686
856259
14733105
17401310
856259
14733105
4253291
4253291
4253291
4253291
4253291
14724112
14724112
14724112
14724112
14724112
11111679
11112319
11111679
11111679
11112319
14732080
14732080
14732080
14732080
14732080
4253941
4253941
4253941
4253941
4253941
4241633
4241890
4242611
4244205
4245936
4249185
4249185
4249185
4249185
4249185
4251232
4251232
4251232
4251232
4251232
4244345
4245504
4247469
4249350
4251046
11110916
11110916
11110916
11110916
11110916
4244058
4244058
4244058
4244058
4244058
17387963
17411314
17387963
17387963
17411314
11113633
11113633
11113633
11113633
11113633
4252491
4252491
4252491
4252491
4252491
4246742
11112779
4246742
4246742
11112779
17414121
17414121
17414121
17414121
17414121
4254238
11112853
4254238
4254238
11112853
11112094
11112094
11112094
11112094
11112094
11112602
26750859
26750867
11112602
26750859
4253287
4254163
4253287
4253287
4254163
17411232
17411259
17411232
17411232
17411259
11112374
11112374
11112374
11112374
11112374
17402724
17402724
17402724
17402724
17402724
7973923
7973923
7973923
7973923
7973923
4246476
17387984
4246476
4246476
17387984
4237777
4238204
4239007
4239544
4239564
4250823
4250823
4250823
4250823
4250823
4243562
4244369
4253471
4253887
14744213
4247705
4247705
4247705
4247705
4247705
11112873
14732917
17401207
17407096
11112873
14744858
14744858
14744858
14744858
14744858
11113227
11113227
11113227
11113227
11113227
4252675
11112156
11112519
4252675
11112156
17415320
17415320
17415320
17415320
17415320
11112401
11112401
11112401
11112401
11112401
11112459
11112459
11112459
11112459
11112459
11111303
11113836
17403536
11111303
11113836
4252653
4253700
4253818
4253898
4253915
11112206
11112206
11112206
11112206
11112206
26751191
26751191
26751191
26751191
26751191
4251855
17401142
17406987
17408057
4251855
11112579
11112579
11112579
11112579
11112579
26750758
26750835
26750758
26750758
26750835
26751434
26751434
26751434
26751434
26751434
11111054
11111054
11111054
11111054
11111054
26752431
26751108
26752431
26752431
26751108
11111427
17401288
17408588
17409080
17411779
26752369
26752369
26752369
26752369
26752369
17415179
17415179
17415179
17415179
17415179
26752520
14743136
26752520
26752520
14743136
4252712
4252726
4252712
4252712
4252726
11111021
17416177
11111021
11111021
17416177
17409966
17409966
17409966
17409966
17409966
26750833
26750833
26750833
26750833
26750833
26752407
4248061
26752407
26752407
4248061
17406991
17406991
17406991
17406991
17406991
4248304
17401989
4248304
4248304
17401989
11111229
26752582
4245452
4253127
4253307
17401215
17401215
17401215
17401215
17401215
11112778
11112778
11112778
11112778
11112778
26752527
26752563
26752527
26752527
26752563
11111641
11111641
11111641
11111641
11111641
4252659
11112865
4252659
4252659
11112865
4252492
4253904
4253948
4253949
4252492
4252551
4252551
4252551
4252551
4252551
4243668
11111816
4243668
4243668
11111816
11111096
11112681
11111096
11111096
11112681
4239818
4252592
4239818
4239818
4252592
4237862
4238344
4238759
4239062
4239412
4253992
11112890
4253992
4253992
11112890
4251910
17414546
4251910
4251910
17414546
17411193
17411299
17411193
17411193
17411299
11113952
11113952
11113952
11113952
11113952
4252998
4253531
11112476
4252998
4253531
4254226
4254226
4254226
4254226
4254226
11114249
11114249
11114249
11114249
11114249
4238655
4239738
4238655
4238655
4239738
4240216
11111360
4240216
4240216
11111360
17402000
17402000
17402000
17402000
17402000
4252730
4253257
4252730
4252730
4253257
4252836
4253715
4252836
4252836
4253715
11111462
11111462
11111462
11111462
11111462
14741125
14741125
14741125
14741125
14741125
11111276
26751117
11111276
11111276
26751117
17411703
17411703
17411703
17411703
17411703
4245670
4245670
4245670
4245670
4245670
11112418
11112418
11112418
11112418
11112418
4253546
4252988
4253187
4253378
4253599
14740343
14743963
14740343
14740343
14743963
4253694
17401350
4253694
4253694
17401350
4240114
4240114
4240114
4240114
4240114
11111316
11112689
11114094
11111316
11112689
26750998
26750998
26750998
26750998
26750998
26750781
26750790
26750793
26750781
26750790
11113135
11112359
11113135
11113135
11112359
4244149
11111108
4244149
4244149
11111108
11111162
11112100
11111162
11111162
11112100
11113699
11113699
11113699
11113699
11113699
14729361
17387456
14729361
14729361
17387456
11112534
11112534
11112534
11112534
11112534
4252720
11110808
4252720
4252720
11110808
4238838
4238838
4238838
4238838
4238838
11110817
11110883
11111198
11110817
11110883
14745871
14745871
14745871
14745871
14745871
4254361
4254361
4254361
4254361
4254361
17411415
17411415
17411415
17411415
17411415
4237738
4239908
4252562
4237738
4239908
863828
863828
863828
863828
863828
26752509
26752509
26752509
26752509
26752509
4246238
4246238
4246238
4246238
4246238
11113663
11113663
11113663
11113663
11113663
26751435
26751435
26751435
26751435
26751435
14741776
14741776
14741776
14741776
14741776
4250317
4250317
4250317
4250317
4250317
11113685
11113685
11113685
11113685
11113685
4238797
4238797
4238797
4238797
4238797
11113285
11113996
11113285
11113285
11113996
11111984
11114113
17387582
17387947
17406922
4253903
11110739
4253903
4253903
11110739
11111361
11111361
11111361
11111361
11111361
14723408
14731430
14723408
14723408
14731430
17408005
17408005
17408005
17408005
17408005
4252782
4252782
4252782
4252782
4252782
4253168
4253168
4253168
4253168
4253168
4254067
11112651
4254067
4254067
11112651
4253493
4253493
4253493
4253493
4253493
4253946
11110990
11111179
11111651
11111873
11111899
11111899
11111899
11111899
11111899
848966
4253274
4253303
4254384
848966
4247480
4253035
4253398
4254290
4254298
11110837
11110837
11110837
11110837
11110837
14737254
14737254
14737254
14737254
14737254
11111862
11111862
11111862
11111862
11111862
11111773
11111298
11111773
11111773
11111298
26752598
26752646
26752653
26752598
26752646
861014
17411233
861014
861014
17411233
17402867
17402867
17402867
17402867
17402867
4250855
4250855
4250855
4250855
4250855
11113539
11113539
11113539
11113539
11113539
11112162
11112162
11112162
11112162
11112162
4253395
4253395
4253395
4253395
4253395
4253133
4253221
4253249
4253738
4253133
4254319
4254319
4254319
4254319
4254319
14725987
14725987
14725987
14725987
14725987
846035
851213
4240980
4241779
14724032
4252900
4253945
17413117
4252900
4253945
17407007
17412137
17407007
17407007
17412137
4241854
17413572
4241854
4241854
17413572
4254089
4254089
4254089
4254089
4254089
4252932
26751116
4252932
4252932
26751116
4254101
4254101
4254101
4254101
4254101
11111374
11111374
11111374
11111374
11111374
17411051
17411133
17411051
17411051
17411133
4249354
4249354
4249354
4249354
4249354
4238322
4238803
4252808
17415957
4238322
11111839
11113835
11111839
11111839
11113835
11110973
11110973
11110973
11110973
11110973
11111593
11110788
11112583
11113839
11113889
4239647
4252083
4239647
4239647
4252083
11111145
11111145
11111145
11111145
11111145
4254030
4254030
4254030
4254030
4254030
11114218
11114218
11114218
11114218
11114218
17401231
17411633
17401231
17401231
17411633
14744655
14744655
14744655
14744655
14744655
4239376
7972648
11114074
4239376
7972648
11112609
11112609
11112609
11112609
11112609
11113948
14740999
26751114
11113948
14740999
11113820
11113820
11113820
11113820
11113820
26751410
26751419
26751410
26751410
26751419
4252501
4252518
4252880
4252934
4253050
17416314
17416314
17416314
17416314
17416314
4253631
4253631
4253631
4253631
4253631
4253711
4253711
4253711
4253711
4253711
4238732
4238042
4238842
4239558
4240433
4254123
4254123
4254123
4254123
4254123
11111097
11111481
26751141
11111097
11111481
17409201
17409201
17409201
17409201
17409201
4254222
11112690
4254222
4254222
11112690
14741000
17402934
14741000
14741000
17402934
4253800
4254254
4254426
4253800
4254254
11111545
11113631
11111545
11111545
11113631
11110816
11110857
11113485
11113486
11110816
11113171
11113979
11113171
11113171
11113979
14738163
14738163
14738163
14738163
14738163
11112152
17408469
11112152
11112152
17408469
11113333
11113333
11113333
11113333
11113333
4251787
11112836
4251787
4251787
11112836
4250667
4250667
4250667
4250667
4250667
4253013
4253148
4253013
4253013
4253148
4246582
17387800
17401274
17402010
17406740
17413578
17413578
17413578
17413578
17413578
17388573
17388573
17388573
17388573
17388573
4243097
17414656
4243097
4243097
17414656
4254011
17403378
17403485
4254011
17403378
4243590
17416387
4243590
4243590
17416387
4243975
4252633
4252790
4253574
14740871
17387760
17387760
17387760
17387760
17387760
26752616
26752616
26752616
26752616
26752616
11113166
11113166
11113166
11113166
11113166
7977024
11113740
11114046
7977024
11113740
4252760
14735104
4252760
4252760
14735104
4237827
4238339
4238479
4238973
4239873
26750762
26750782
26750783
26750807
26750839
14726104
17410894
14726104
14726104
17410894
4238004
4240468
4252982
14726085
4238004
17411815
17411815
17411815
17411815
17411815
4250500
17413634
4250500
4250500
17413634
26752619
17403231
26752619
26752619
17403231
4248302
4248302
4248302
4248302
4248302
4238247
4238247
4238247
4238247
4238247
17413385
17413385
17413385
17413385
17413385
4245072
4245072
4245072
4245072
4245072
11112499
11112499
11112499
11112499
11112499
11111017
11111083
11111282
11111017
11111083
4254409
4254409
4254409
4254409
4254409
11112186
11112186
11112186
11112186
11112186
14722637
14722637
14722637
14722637
14722637
11111852
17408750
17414747
11111852
17408750
17412184
26751040
17412184
17412184
26751040
4249983
11112877
4249983
4249983
11112877
17406963
17406963
17406963
17406963
17406963
4244958
4244958
4244958
4244958
4244958
4254383
4254383
4254383
4254383
4254383
4254139
11111956
17387780
17401970
17411619
14744040
14744040
14744040
14744040
14744040
14721882
14721882
14721882
14721882
14721882
4239946
4252602
17402779
4239946
4252602
4241898
4241898
4241898
4241898
4241898
4252897
4253363
11111197
4252897
4253363
4242129
4249486
4249770
17414270
4242129
4253578
11111503
4253578
4253578
11111503
17415453
17415453
17415453
17415453
17415453
11111231
4251289
11114038
11111231
4251289
4252593
4253998
4252593
4252593
4253998
14744572
14744572
14744572
14744572
14744572
14724072
14724072
14724072
14724072
14724072
4253844
4253844
4253844
4253844
4253844
14743844
17401951
14743844
14743844
17401951
17402907
17406716
17402907
17402907
17406716
4253394
4253394
4253394
4253394
4253394
17414086
17414086
17414086
17414086
17414086
861742
862116
4243588
4253654
11111006
4249666
11111683
4249666
4249666
11111683
14745932
17403442
17409315
14745932
17403442
853212
4253165
4253172
11110703
11110765
850151
14721852
850151
850151
14721852
4237517
4237576
4237721
4238001
4238169
17385058
26751163
17385058
17385058
26751163
4237565
4238466
4239450
4239884
11112792
4246147
4246413
4246147
4246147
4246413
26752551
26752551
26752551
26752551
26752551
11114104
11114104
11114104
11114104
11114104
4237776
4238312
4238434
4238635
4238724
26752536
26752654
4252961
11112103
11112427
26752390
26752390
26752390
26752390
26752390
26752392
26752438
26752441
26752442
26752392
4239321
11111746
11111964
11113999
4239321
851674
4247276
14735496
851674
4247276
4237546
4237603
4237703
4237990
4237997
4252786
11111400
11113910
4252786
11111400
846555
846555
846555
846555
846555
4237882
4238938
4239756
4237882
4238938
26752606
26752662
26752606
26752606
26752662
7977135
14745091
17408196
7977135
14745091
4237851
4237907
4238090
4238299
4238845
4237528
4237560
4237695
4237713
4238226
4240233
4240233
4240233
4240233
4240233
14738534
17384993
17385023
17387771
17407987
4247167
11110975
4247167
4247167
11110975
4237619
4238089
4238464
4239131
4239182
17384905
17403401
17384905
17384905
17403401
7974123
14726014
14731052
14738036
17403606
14730501
14730501
14730501
14730501
14730501
11112168
11112422
11112168
11112168
11112422
11111305
853436
11111972
11111305
853436
11111938
11111938
11111938
11111938
11111938
4237649
4237734
4237761
4237881
4237906
26752572
26752574
26752602
26752572
26752574
4237488
4237525
4237543
4237608
4237614
14741952
14741952
14741952
14741952
14741952
14725960
14725960
14725960
14725960
14725960
14742510
14742510
14742510
14742510
14742510
4239858
4237566
4238110
4238187
4238305
4247268
14742057
4247268
4247268
14742057
11110843
11112456
14738639
11110843
11112456
7974781
11110867
11112894
7974781
11110867
11112669
11112669
11112669
11112669
11112669
4237951
4238762
4239046
4240132
4240260
4237504
4237733
4238211
4238232
4238675
4242183
11112847
11112871
17409174
4242183
4237797
4237947
4241498
4246421
17402451
17408464
17410513
17408464
17408464
17410513
4253677
14744663
4253677
4253677
14744663
11111376
11111376
11111376
11111376
11111376
14726070
17384954
14726070
14726070
17384954
11111527
11111694
11111527
11111527
11111694
11112446
11112446
11112446
11112446
11112446
4238953
4238953
4238953
4238953
4238953
4238389
14727054
4238389
4238389
14727054
14745216
14745216
14745216
14745216
14745216
864212
4245972
17412217
17413177
17414022
4253357
11111766
4253357
4253357
11111766
26752568
26752568
26752568
26752568
26752568
4243079
4253627
11114260
4243079
4253627
11112193
11112302
11112193
11112193
11112302
4240561
4240561
4240561
4240561
4240561
844622
4254015
844622
844622
4254015
4238612
4253386
4238612
4238612
4253386
14732049
14732049
14732049
14732049
14732049
11111513
11111513
11111513
11111513
11111513
4253537
4253537
4253537
4253537
4253537
26751178
26751178
26751178
26751178
26751178
4252710
17387942
17412027
4252710
17387942
11112250
11112250
11112250
11112250
11112250
4237592
4237592
4237592
4237592
4237592
14741558
17410228
17411373
14741558
17410228
4238186
4238186
4238186
4238186
4238186
4252535
11112135
11113854
4252535
11112135
26751174
26751174
26751174
26751174
26751174
17407477
17407488
17407477
17407477
17407488
4252701
4253771
4253772
4252701
4253771
4247334
17408653
4247334
4247334
17408653
26751134
26751134
26751134
26751134
26751134
14744698
14744698
14744698
14744698
14744698
14745522
14745522
14745522
14745522
14745522
11111978
17384948
17384992
11111978
17384948
4254061
4254061
4254061
4254061
4254061
26752477
26752477
26752477
26752477
26752477
11113647
11113647
11113647
11113647
11113647
17411238
17411238
17411238
17411238
17411238
11113873
11113873
11113873
11113873
11113873
14726114
14726114
14726114
14726114
14726114
14730208
17402254
14730208
14730208
17402254
26751316
26751334
26751316
26751316
26751334
14741636
17387973
14741636
14741636
17387973
14741052
14741052
14741052
14741052
14741052
11111300
11112765
11111300
11111300
11112765
4252454
4252702
17406762
4252454
4252702
26751101
26751101
26751101
26751101
26751101
26752493
4253104
26752493
26752493
4253104
11111720
11111720
11111720
11111720
11111720
17410287
17410287
17410287
17410287
17410287
4252448
4254355
14740954
14741448
4252448
4248185
11112228
14731071
4248185
11112228
4252480
17409196
4252480
4252480
17409196
4238620
4239208
4240098
4238620
4239208
4252504
4252565
4252504
4252504
4252565
4253919
14724055
4253919
4253919
14724055
4237955
4237955
4237955
4237955
4237955
14735802
14735802
14735802
14735802
14735802
11114154
17406843
17414071
11114154
17406843
4254036
4254036
4254036
4254036
4254036
26750863
26751070
26750863
26750863
26751070
4250342
4250342
4250342
4250342
4250342
11111890
11111890
11111890
11111890
11111890
862488
14743309
862488
862488
14743309
11113309
11113309
11113309
11113309
11113309
17387879
17387986
17403436
17403440
17409100
17407132
17407138
17414785
17414981
17415338
4239279
4239660
4240076
4240345
4239279
26752470
26752484
26752499
26752696
26752710
17411549
17411549
17411549
17411549
17411549
4254417
4254417
4254417
4254417
4254417
17407004
17407343
17409902
17407004
17407343
4243183
14726277
14731296
4243183
14726277
4254134
4254134
4254134
4254134
4254134
4246367
4248247
4246367
4246367
4248247
4254012
17411110
17414162
4254012
17411110
11111567
4253159
11111567
11111567
4253159
17412388
17412388
17412388
17412388
17412388
4254121
4254121
4254121
4254121
4254121
4253594
4253594
4253594
4253594
4253594
11111780
11113762
11111780
11111780
11113762
11114072
11114072
11114072
11114072
11114072
11110950
11110950
11110950
11110950
11110950
4237968
4243086
4237968
4237968
4243086
11111748
11113557
11114147
11111748
11113557
11110878
11110878
11110878
11110878
11110878
11112538
11112538
11112538
11112538
11112538
4254048
4254048
4254048
4254048
4254048
4254291
4254301
4254291
4254291
4254301
846155
846155
846155
846155
846155
11113661
17416039
11113661
11113661
17416039
4251829
4251829
4251829
4251829
4251829
858280
17410280
17415944
858280
17410280
11111765
11111765
11111765
11111765
11111765
17408412
17408412
17408412
17408412
17408412
26751192
26751192
26751192
26751192
26751192
11112673
11112917
11112673
11112673
11112917
4237760
11112231
14743076
4237760
11112231
14741502
14745933
14741502
14741502
14745933
4253519
4253519
4253519
4253519
4253519
860591
14741591
17402038
860591
14741591
26752371
14732900
26752371
26752371
14732900
11113273
11112664
11113273
11113273
11112664
4245973
4245973
4245973
4245973
4245973
17411662
17415299
17415323
17411662
17415299
852944
852944
852944
852944
852944
11113245
11111378
17384891
17384895
17384903
4252486
4252914
4252486
4252486
4252914
11111726
11111726
11111726
11111726
11111726
26750784
26750791
26750794
26750784
26750791
11111838
11111838
11111838
11111838
11111838
11111024
11111024
11111024
11111024
11111024
17407492
17408719
17407492
17407492
17408719
17410309
17410309
17410309
17410309
17410309
26750828
26750828
26750828
26750828
26750828
11110958
11110958
11110958
11110958
11110958
4254418
4254418
4254418
4254418
4254418
14745223
14745223
14745223
14745223
14745223
4252776
11111044
4252776
4252776
11111044
14727254
14742761
14727254
14727254
14742761
4252787
4252803
4253792
11112170
11112211
4252825
7974603
4252825
4252825
7974603
4253278
4254267
11114204
4253278
4254267
4253692
4253692
4253692
4253692
4253692
11111364
11111364
11111364
11111364
11111364
4252664
4253292
4253397
11111470
11113774
11112802
11113758
11112802
11112802
11113758
17387448
17387448
17387448
17387448
17387448
4248553
17402068
4248553
4248553
17402068
11113544
11113544
11113544
11113544
11113544
11112332
11112332
11112332
11112332
11112332
11111881
11112388
11113665
11111881
11112388
17414694
17414694
17414694
17414694
17414694
11111125
11111125
11111125
11111125
11111125
4249856
4249856
4249856
4249856
4249856
4252629
4252629
4252629
4252629
4252629
17408682
17408682
17408682
17408682
17408682
4238162
4238468
4240170
4238162
4238468
4252737
4252737
4252737
4252737
4252737
26751124
26751124
26751124
26751124
26751124
4250919
4250919
4250919
4250919
4250919
4253812
14745477
4253812
4253812
14745477
26752422
11113606
26752422
26752422
11113606
11110960
17413948
11110960
11110960
17413948
3717051
4253987
4254026
17410003
3717051
4249606
4249606
4249606
4249606
4249606
4250268
4254173
4250268
4250268
4254173
14726123
14726123
14726123
14726123
14726123
14745050
17402838
14745050
14745050
17402838
4244903
14741259
4244903
4244903
14741259
14727287
14727287
14727287
14727287
14727287
4252946
4252946
4252946
4252946
4252946
4254143
4254143
4254143
4254143
4254143
14745965
14745965
14745965
14745965
14745965
4253455
11111417
4253455
4253455
11111417
26751131
26751131
26751131
26751131
26751131
11111171
4252576
11112397
11112453
11111171
11112604
11112604
11112604
11112604
11112604
14724110
14742697
14743145
17408891
14724110
3716276
11114101
3716276
3716276
11114101
11113523
11113523
11113523
11113523
11113523
17409857
17409857
17409857
17409857
17409857
11112387
11112387
11112387
11112387
11112387
4242566
4242566
4242566
4242566
4242566
4253017
4253017
4253017
4253017
4253017
11110802
11110802
11110802
11110802
11110802
4252547
11110663
11111760
11112685
4252547
11113252
11113252
11113252
11113252
11113252
4253616
4253616
4253616
4253616
4253616
4254390
17406755
4254390
4254390
17406755
4254145
4254145
4254145
4254145
4254145
11111815
11114150
11111815
11111815
11114150
4254292
4254292
4254292
4254292
4254292
26750866
26751189
26751190
26750866
26751189
4251375
4251375
4251375
4251375
4251375
17385341
17385341
17385341
17385341
17385341
4253258
4253258
4253258
4253258
4253258
11114065
11114065
11114065
11114065
11114065
3715648
4253653
17409114
17409218
17413209
14727304
14730641
14727304
14727304
14730641
17402836
17403228
17402836
17402836
17403228
4245134
4247519
4245134
4245134
4247519
4253009
11111296
4253009
4253009
11111296
11112862
11112862
11112862
11112862
11112862
11110882
11113430
11113507
11110882
11113430
860889
4242935
14722631
860889
4242935
4252826
4252852
11111348
17385036
4252826
849118
4239419
4249173
849118
4239419
4242829
11111333
17410541
17415039
4242829
11112345
11112345
11112345
11112345
11112345
17385016
17385016
17385016
17385016
17385016
26752421
17407235
17407947
26752421
17407235
4252604
4253073
4253702
11112311
11112404
14743555
17415819
14743555
14743555
17415819
11110740
11110740
11110740
11110740
11110740
4237541
4237965
4239352
4237541
4237965
14744341
14744341
14744341
14744341
14744341
4252509
11111302
4252509
4252509
11111302
4252763
4252763
4252763
4252763
4252763
26751111
26751111
26751111
26751111
26751111
11111063
11111264
11111320
4254031
11111115
26750858
26750858
26750858
26750858
26750858
16952805
16952805
16952805
16952805
16952805
4253206
17414517
4253206
4253206
17414517
4252216
4252216
4252216
4252216
4252216
4252747
4252747
4252747
4252747
4252747
849132
17410151
17410152
17416231
849132
4252954
4253200
4253201
4252954
4253200
14739745
14744962
14745084
17402996
17414869
26750733
26750733
26750733
26750733
26750733
14739743
17413125
14739743
14739743
17413125
4253929
11111066
11111330
11111875
4253929
11112201
11112295
11112201
11112201
11112295
11112545
11112545
11112545
11112545
11112545
4238414
11113364
4238414
4238414
11113364
11113158
11112329
11113158
11113158
11112329
17411258
17411461
17411258
17411258
17411461
11112230
11112230
11112230
11112230
11112230
11111763
11112525
11112535
11111763
11112525
17411392
17411392
17411392
17411392
17411392
11111752
11113459
11111752
11111752
11113459
17411058
17411634
17411058
17411058
17411634
14742372
14742372
14742372
14742372
14742372
17402104
17403553
17413835
17402104
17403553
4251968
11111414
4251968
4251968
11111414
4253914
11111863
11112490
4253914
11111863
4244060
4244060
4244060
4244060
4244060
4253566
4253566
4253566
4253566
4253566
26750727
26750922
26750923
26750937
26751044
17385136
17385177
17385136
17385136
17385177
11111885
17413410
11111885
11111885
17413410
4253981
4253981
4253981
4253981
4253981
11112297
11112297
11112297
11112297
11112297
4253436
4253436
4253436
4253436
4253436
4252757
4252757
4252757
4252757
4252757
4253860
11110851
4252516
4252552
4252716
4253142
4253142
4253142
4253142
4253142
4253755
17407654
4253755
4253755
17407654
4252561
4253524
4253538
4254006
11112278
26752346
26752346
26752346
26752346
26752346
4253942
4254065
11112537
4253942
4254065
17388005
17409903
17412063
17388005
17409903
860735
860735
860735
860735
860735
11111415
11111415
11111415
11111415
11111415
11113149
11111193
11113149
11113149
11111193
4240108
4240108
4240108
4240108
4240108
4253920
4253920
4253920
4253920
4253920
14743343
14743343
14743343
14743343
14743343
4252886
11112605
17411696
4252886
11112605
4253228
4253396
11110832
4253228
4253396
4253990
4253990
4253990
4253990
4253990
11113088
11113088
11113088
11113088
11113088
4253748
11112285
4253748
4253748
11112285
11112920
11112920
11112920
11112920
11112920
4252092
17402985
4252092
4252092
17402985
4253858
4253858
4253858
4253858
4253858
17409026
17409026
17409026
17409026
17409026
11111397
11111950
11114009
11111397
11111950
17414103
17414103
17414103
17414103
17414103
11112590
11112590
11112590
11112590
11112590
11112503
11112503
11112503
11112503
11112503
11111457
14740921
17409892
11111457
14740921
14744526
14744526
14744526
14744526
14744526
4237635
4241655
4237635
4237635
4241655
14727223
14727223
14727223
14727223
14727223
4238281
4238281
4238281
4238281
4238281
14722901
14722901
14722901
14722901
14722901
17403332
17403332
17403332
17403332
17403332
11113225
11111016
11113225
11113225
11111016
11110821
11110821
11110821
11110821
11110821
26752543
26752543
26752543
26752543
26752543
4254264
4254264
4254264
4254264
4254264
4254350
4254350
4254350
4254350
4254350
11112493
11112493
11112493
11112493
11112493
7972961
14723166
7972961
7972961
14723166
4253367
4253367
4253367
4253367
4253367
11111438
11114000
11111438
11111438
11114000
17414060
17414060
17414060
17414060
17414060
11111674
11112139
11111674
11111674
11112139
11111069
11111069
11111069
11111069
11111069
11110862
11111692
11112921
11114244
14736933
7975189
7975189
7975189
7975189
7975189
4253838
4253838
4253838
4253838
4253838
17384898
26752506
26752526
17384887
17384897
4253498
17415771
4253498
4253498
17415771
4252785
14743143
17416214
4252785
14743143
11111793
17410977
11111793
11111793
17410977
11111243
17385117
11111243
11111243
17385117
11111098
11114162
11111098
11111098
11114162
11111601
14726095
11111601
11111601
14726095
4252687
7975066
4252687
4252687
7975066
4253462
4253462
4253462
4253462
4253462
4237931
4237987
4240304
4237931
4237987
17402732
17402732
17402732
17402732
17402732
859761
17411818
17412156
859761
17411818
14740846
14740846
14740846
14740846
14740846
4254407
4254407
4254407
4254407
4254407
4238959
4238959
4238959
4238959
4238959
4238971
4250700
14739401
17407811
4238971
3714198
3714198
3714198
3714198
3714198
11113500
11113500
11113500
11113500
11113500
4244265
14745637
4244265
4244265
14745637
11112244
11112244
11112244
11112244
11112244
4253233
4253233
4253233
4253233
4253233
4252577
4252599
4254018
4252577
4252599
26751157
26751157
26751157
26751157
26751157
11113790
11113790
11113790
11113790
11113790
4252835
4253596
17385040
4252835
4253596
4253208
4253350
11111094
4253208
4253350
4253514
17411532
4253514
4253514
17411532
4253670
17408034
17411954
4253670
17408034
4247103
11111823
4247103
4247103
11111823
11110813
11111215
11112431
11112574
11113380
26752722
26752722
26752722
26752722
26752722
4252994
4254219
4252994
4252994
4254219
26751307
26751325
26751352
26751369
26751414
11110886
11111597
11110886
11110886
11111597
11110903
17407083
11110903
11110903
17407083
4243599
4247852
4250629
4243599
4247852
843289
843289
843289
843289
843289
11113152
11113152
11113152
11113152
11113152
11111369
11111384
11111386
11113875
17413788
17385320
17385342
17385320
17385320
17385342
4254270
4254270
4254270
4254270
4254270
4253635
4253635
4253635
4253635
4253635
11111476
11111970
11111476
11111476
11111970
4253450
11113569
4253450
4253450
11113569
26752498
26751062
26752498
26752498
26751062
11112879
11112879
11112879
11112879
11112879
4253991
4253991
4253991
4253991
4253991
14723147
14742144
14723147
14723147
14742144
26751441
26751441
26751441
26751441
26751441
17385068
17385068
17385068
17385068
17385068
4253582
4253582
4253582
4253582
4253582
17410361
17410361
17410361
17410361
17410361
17409327
17409327
17409327
17409327
17409327
11110806
864977
14740938
14743592
11110806
4254064
11112238
4254064
4254064
11112238
17408603
17413003
17413049
17408603
17413003
11111448
11114041
11111448
11111448
11114041
11111869
863043
4254141
4254184
11112661
17385126
17401244
17412040
17413292
17385126
11111539
11113991
11114057
11111539
11113991
4254363
4254363
4254363
4254363
4254363
4253667
17410065
4253667
4253667
17410065
26750738
26750740
26750741
26750765
26750766
26751159
26751159
26751159
26751159
26751159
4253788
4253789
4253788
4253788
4253789
4237747
4239280
4239887
4237747
4239280
4238443
4240110
4252611
4238443
4240110
17410648
17416341
17410648
17410648
17416341
11113741
11113741
11113741
11113741
11113741
11113511
11113511
11113511
11113511
11113511
4253793
4253793
4253793
4253793
4253793
26751244
26751258
26751262
26751244
26751258
4241870
11110976
14723860
14738161
14745128
11111573
11111573
11111573
11111573
11111573
4237699
4237699
4237699
4237699
4237699
11111057
11111057
11111057
11111057
11111057
4252989
4253032
4253355
4252989
4253032
11111891
4251471
11112818
14723187
11111891
17407347
17407347
17407347
17407347
17407347
4238779
4239061
14731569
17409111
4238779
11114187
11114187
11114187
11114187
11114187
4253427
4254353
4253427
4253427
4254353
26750744
26750744
26750744
26750744
26750744
4241538
4241538
4241538
4241538
4241538
11112593
11112593
11112593
11112593
11112593
4253016
4253016
4253016
4253016
4253016
4247422
14721851
4247422
4247422
14721851
14744395
14744395
14744395
14744395
14744395
4253492
4253735
4254337
4253492
4253735
4252981
4252981
4252981
4252981
4252981
4248727
7976748
11112721
11114210
14741608
11111027
11111315
11112578
11114256
11111027
4253557
4253557
4253557
4253557
4253557
4244520
4244520
4244520
4244520
4244520
11112675
11112675
11112675
11112675
11112675
14738666
14738666
14738666
14738666
14738666
4253254
11111944
4253254
4253254
11111944
4237502
4237732
4237986
4238648
4238665
14742784
17402982
14742784
14742784
17402982
11113638
11113638
11113638
11113638
11113638
14722144
14722144
14722144
14722144
14722144
4253671
4253671
4253671
4253671
4253671
4251870
4251870
4251870
4251870
4251870
11111655
11111655
11111655
11111655
11111655
11114232
11114232
11114232
11114232
11114232
860091
4253063
860091
860091
4253063
4253758
4253972
4253758
4253758
4253972
26751137
26751137
26751137
26751137
26751137
26751403
26751405
26751403
26751403
26751405
3715298
17402960
3715298
3715298
17402960
4240240
4240240
4240240
4240240
4240240
4247299
4247959
14745094
4247299
4247959
17385290
17385290
17385290
17385290
17385290
11111423
11111441
11111423
11111423
11111441
4253984
17408751
4253984
4253984
17408751
14724036
14724036
14724036
14724036
14724036
14723961
14723961
14723961
14723961
14723961
4240429
11114257
14740820
4240429
11114257
26752550
26752550
26752550
26752550
26752550
26751099
26751099
26751099
26751099
26751099
4243420
17409424
4243420
4243420
17409424
26751155
26751155
26751155
26751155
26751155
17406838
17407103
17415831
17406838
17407103
11111840
11111137
17411538
11111840
11111137
844932
11110766
844932
844932
11110766
4252709
4253011
11113527
4252709
4253011
11111767
11111767
11111767
11111767
11111767
26751271
26751289
26751271
26751271
26751289
17387520
17387649
17387731
17387520
17387649
17407486
17407486
17407486
17407486
17407486
4240969
4245906
4240969
4240969
4245906
11111202
4252898
11111202
11111202
4252898
17412864
17412864
17412864
17412864
17412864
26750987
26750987
26750987
26750987
26750987
11112144
11112144
11112144
11112144
11112144
17409684
17409684
17409684
17409684
17409684
4253910
17402077
17408372
4253910
17402077
11111747
14726063
14729399
11111747
14726063
11114263
11114263
11114263
11114263
11114263
4239115
4239115
4239115
4239115
4239115
4253202
11113646
4253202
4253202
11113646
11111261
17409512
11111261
11111261
17409512
4254045
4254045
4254045
4254045
4254045
4238198
4238801
4238977
4238198
4238801
11111399
11111690
14740990
11111399
11111690
17402129
17402129
17402129
17402129
17402129
26751156
26751156
26751156
26751156
26751156
4253561
11112891
4253561
4253561
11112891
4253138
4253268
4254115
4254116
4253138
4252405
14727211
4252405
4252405
14727211
17386335
17410901
17386335
17386335
17410901
4253067
11111771
14727209
4253067
11111771
4253622
4253622
4253622
4253622
4253622
4237515
4237535
4237568
4237692
4237694
17409115
17411620
17409115
17409115
17411620
4252904
11111073
11111154
11111323
11111437
7977748
7977748
7977748
7977748
7977748
11110861
4253461
11110861
11110861
4253461
11111583
11111583
11111583
11111583
11111583
4243600
17415153
4243600
4243600
17415153
4240540
4249240
4251587
7978455
14722945
11110941
26750865
11110941
11110941
26750865
4253638
4253638
4253638
4253638
4253638
11112146
11112146
11112146
11112146
11112146
4254395
14742061
4254395
4254395
14742061
11111443
860227
4242309
14727226
11111443
11111731
4253304
11112104
11112698
11112919
11110947
4253897
4254053
11113410
11113447
17402585
17402585
17402585
17402585
17402585
17407189
17407189
17407189
17407189
17407189
26752685
26752685
26752685
26752685
26752685
17408596
17408596
17408596
17408596
17408596
4254007
4254396
4254007
4254007
4254396
4246073
11111258
11111546
11112451
4246073
4252992
11112136
11112264
11112808
4252992
11112821
11113725
11112821
11112821
11113725
11111367
26750736
26751025
26751165
11111367
11112258
11112258
11112258
11112258
11112258
11112218
11113669
11112218
11112218
11113669
4254289
4254289
4254289
4254289
4254289
11112438
11112438
11112438
11112438
11112438
17387815
17387815
17387815
17387815
17387815
26752518
26752518
26752518
26752518
26752518
4254161
4254161
4254161
4254161
4254161
4253001
4253272
4253383
4253523
4253604
17411743
17411743
17411743
17411743
17411743
26751133
26751133
26751133
26751133
26751133
14722102
17408931
14722102
14722102
17408931
17416053
17416053
17416053
17416053
17416053
17411877
17411877
17411877
17411877
17411877
4245747
14744591
4245747
4245747
14744591
17384902
17384930
17385125
17384902
17384930
11112922
11112922
11112922
11112922
11112922
17407213
17413048
17407213
17407213
17413048
4240334
4240334
4240334
4240334
4240334
4244870
4253529
4244870
4244870
4253529
4253609
11111661
11113918
4253609
11111661
845384
4241528
4248329
4249081
4252349
11112338
26750856
26750857
11112338
26750856
14723890
17403320
17411736
14723890
17403320
4238523
11111159
4238523
4238523
11111159
4252597
4252597
4252597
4252597
4252597
4248195
14722887
4248195
4248195
14722887
14745951
14745951
14745951
14745951
14745951
859361
859361
859361
859361
859361
11114177
14742078
11114177
11114177
14742078
17407162
17407162
17407162
17407162
17407162
17385150
17385165
17385296
17385150
17385165
17407348
17414395
17407348
17407348
17414395
4253799
4253799
4253799
4253799
4253799
11113291
4252569
4252916
11113291
4252569
4253259
4253259
4253259
4253259
4253259
26752417
26752417
26752417
26752417
26752417
4254328
4254328
4254328
4254328
4254328
4253613
7972895
4253613
4253613
7972895
4253907
4253907
4253907
4253907
4253907
11111742
11111604
11111742
11111742
11111604
4242776
4242776
4242776
4242776
4242776
4238540
14744690
4238540
4238540
14744690
26751104
26751104
26751104
26751104
26751104
11111062
11111062
11111062
11111062
11111062
4252658
4252658
4252658
4252658
4252658
4252484
4252484
4252484
4252484
4252484
4242554
4242554
4242554
4242554
4242554
11112827
11112827
11112827
11112827
11112827
17411947
17411947
17411947
17411947
17411947
4253137
4253750
4253137
4253137
4253750
17387930
17387930
17387930
17387930
17387930
4247249
4247249
4247249
4247249
4247249
11111213
11111335
11111337
11113383
11113482
4253977
11110841
11111039
14741138
4253977
11110799
11110752
11111068
11112337
11110799
4253176
4253831
4253176
4253176
4253831
17407037
17410933
17407037
17407037
17410933
4246626
4246626
4246626
4246626
4246626
4253595
4253595
4253595
4253595
4253595
4253362
4253362
4253362
4253362
4253362
4252804
4253583
4253986
4254344
11112164
17412426
17412426
17412426
17412426
17412426
4253334
4253334
4253334
4253334
4253334
849510
849510
849510
849510
849510
17416132
17416132
17416132
17416132
17416132
4254398
17385083
4254398
4254398
17385083
4243991
4252590
4252717
4253632
14742360
4252834
4253847
11113552
4252834
4253847
4254388
4254388
4254388
4254388
4254388
4251139
4251139
4251139
4251139
4251139
4238826
4239114
4239542
4238826
4239114
17387882
17413678
17387882
17387882
17413678
11111942
11113905
11111942
11111942
11113905
17387652
17409295
17387652
17387652
17409295
4243002
14741397
4243002
4243002
14741397
14741241
14741241
14741241
14741241
14741241
17388030
17388030
17388030
17388030
17388030
4249657
14739753
14745415
4249657
14739753
848392
861108
14739117
17414306
17414688
4254149
4252503
17411292
4254149
4252503
4254256
4254256
4254256
4254256
4254256
11113382
11113382
11113382
11113382
11113382
11111518
11112227
11111518
11111518
11112227
4253732
4253732
4253732
4253732
4253732
11111381
4254269
11111381
11111381
4254269
3713783
3713783
3713783
3713783
3713783
26752593
26751169
26752593
26752593
26751169
26752525
14731797
17410095
17415328
17416211
4241899
17388009
4241899
4241899
17388009
4254073
4254073
4254073
4254073
4254073
11112253
14737230
17407469
17416121
11112253
4253285
4254213
11112718
4253285
4254213
4239174
4237476
4237505
4237767
4238012
4242507
17387951
4242507
4242507
17387951
26752408
26752531
4253899
26752408
26752531
4239237
4252950
4239237
4239237
4252950
14723934
14723934
14723934
14723934
14723934
11111211
11111211
11111211
11111211
11111211
11111668
11111976
11111668
11111668
11111976
7975101
7975101
7975101
7975101
7975101
4239767
17403212
17416062
4239767
17403212
4241519
4253475
4253685
11111249
4241519
4252966
4253454
11111599
11113444
11113446
11111429
11111429
11111429
11111429
11111429
26750918
26750933
26751132
26750918
26750933
4253757
4253757
4253757
4253757
4253757
11112691
11112691
11112691
11112691
11112691
14724077
14724077
14724077
14724077
14724077
11111128
11111128
11111128
11111128
11111128
3711926
4243647
17406733
17407190
17413644
11114277
4253101
4253908
11114277
4253101
17385203
17385219
17385203
17385203
17385219
4252984
4252984
4252984
4252984
4252984
26750948
26750948
26750948
26750948
26750948
17387785
17387785
17387785
17387785
17387785
4245662
4246166
11111373
4245662
4246166
4254170
4254170
4254170
4254170
4254170
4253733
4253733
4253733
4253733
4253733
11113218
11113218
11113218
11113218
11113218
7973019
11112614
11112790
7973019
11112614
4252811
4252811
4252811
4252811
4252811
11111803
11111803
11111803
11111803
11111803
14741218
17387994
14741218
14741218
17387994
11114097
17401210
11114097
11114097
17401210
4250510
4251084
17411402
4250510
4251084
11111450
11111450
11111450
11111450
11111450
4239410
4237606
4237725
4237762
4237825
4249118
4249118
4249118
4249118
4249118
4254286
4254286
4254286
4254286
4254286
11111177
11112125
11111177
11111177
11112125
11112300
11112300
11112300
11112300
11112300
14732083
14745872
14732083
14732083
14745872
11113254
11113254
11113254
11113254
11113254
11112712
11112712
11112712
11112712
11112712
11112222
11112222
11112222
11112222
11112222
4253509
4254103
4254120
4253509
4254103
4243301
11112860
11114194
4243301
11112860
14741603
14741603
14741603
14741603
14741603
11111217
11111217
11111217
11111217
11111217
11111187
11114197
11111187
11111187
11114197
11110931
11111639
11110931
11110931
11111639
4253494
4253494
4253494
4253494
4253494
11111053
11111053
11111053
11111053
11111053
866042
4254352
17410286
866042
4254352
14724121
17401957
17402019
14724121
17401957
11112123
11113959
11112123
11112123
11113959
11113764
11113764
11113764
11113764
11113764
4253096
4253096
4253096
4253096
4253096
4252729
4252729
4252729
4252729
4252729
4253730
4253730
4253730
4253730
4253730
11114023
11114023
11114023
11114023
11114023
4238347
17411322
4238347
4238347
17411322
4250432
4254406
11111656
4250432
4254406
26750753
26750808
26750753
26750753
26750808
4237691
4238221
4238357
4238492
4238544
4254085
17410718
4254085
4254085
17410718
17410206
17413001
17410206
17410206
17413001
11111776
14744389
11111776
11111776
14744389
26752412
26752412
26752412
26752412
26752412
17411543
17411543
17411543
17411543
17411543
17387786
17387786
17387786
17387786
17387786
4253366
4253366
4253366
4253366
4253366
11111696
11111696
11111696
11111696
11111696
17387657
17387657
17387657
17387657
17387657
4254126
4254126
4254126
4254126
4254126
11112694
17385119
11112694
11112694
17385119
4252890
4252890
4252890
4252890
4252890
4253544
11113690
4253544
4253544
11113690
4248653
4248653
4248653
4248653
4248653
11114235
11114235
11114235
11114235
11114235
14726110
14726110
14726110
14726110
14726110
11111949
11111949
11111949
11111949
11111949
14741100
14741100
14741100
14741100
14741100
11111407
11111407
11111407
11111407
11111407
14741691
17408941
14741691
14741691
17408941
4249678
4249678
4249678
4249678
4249678
11112289
11112289
11112289
11112289
11112289
26752663
17402499
17407809
26752663
17402499
11110822
11110822
11110822
11110822
11110822
4253852
4253852
4253852
4253852
4253852
11110737
11111018
11110737
11110737
11111018
11111753
11111446
11112747
11111753
11111446
17385299
17385299
17385299
17385299
17385299
17402702
17402702
17402702
17402702
17402702
4253299
4253503
4253573
4253299
4253503
4240439
11114085
4240439
4240439
11114085
11111764
14734680
11111764
11111764
14734680
11112433
11112433
11112433
11112433
11112433
4237690
17402718
17410453
4237690
17402718
11113845
11113845
11113845
11113845
11113845
4253997
17413164
4253997
4253997
17413164
17408920
17408920
17408920
17408920
17408920
3711413
3711413
3711413
3711413
3711413
4253388
4254304
4253388
4253388
4254304
4253370
11111848
4253370
4253370
11111848
4253951
4253951
4253951
4253951
4253951
4253598
11111678
4253598
4253598
11111678
26751087
26751087
26751087
26751087
26751087
11112849
11112849
11112849
11112849
11112849
11113462
11113462
11113462
11113462
11113462
4243836
4253488
4243836
4243836
4253488
11114028
17408928
11114028
11114028
17408928
26751428
26751428
26751428
26751428
26751428
4239507
17403004
4239507
4239507
17403004
4253020
14723188
4253020
4253020
14723188
17414032
17414872
17415062
17414032
17414872
17410114
17416209
17410114
17410114
17416209
4251344
4253633
14722644
14722652
4251344
17402141
17402141
17402141
17402141
17402141
17407973
17408666
17407973
17407973
17408666
4253495
4253495
4253495
4253495
4253495
4243684
11113958
4243684
4243684
11113958
4252756
4252756
4252756
4252756
4252756
4254081
11112316
17409067
4254081
11112316
14723197
14723197
14723197
14723197
14723197
4254112
11113783
17401208
4254112
11113783
17387566
17387566
17387566
17387566
17387566
4253281
4253767
4253281
4253281
4253767
4253214
11112636
4253214
4253214
11112636
4251903
4251903
4251903
4251903
4251903
17386992
17386992
17386992
17386992
17386992
14735394
14735394
14735394
14735394
14735394
17412875
17412875
17412875
17412875
17412875
17384967
17384968
17384969
17384967
17384968
11110859
11110859
11110859
11110859
11110859
17409271
17416099
17409271
17409271
17416099
17411420
17411420
17411420
17411420
17411420
26752558
26752558
26752558
26752558
26752558
17410219
17410219
17410219
17410219
17410219
4238684
17406653
4238684
4238684
17406653
14740918
14740918
14740918
14740918
14740918
4243445
4243445
4243445
4243445
4243445
17402251
17402632
17402251
17402251
17402632
14727129
14740128
14727129
14727129
14740128
17403454
17403618
17414390
17403454
17403618
17407466
17407466
17407466
17407466
17407466
4253162
4253798
4253162
4253162
4253798
11110805
11110805
11110805
11110805
11110805
11113682
11113682
11113682
11113682
11113682
26752642
11112569
14741055
17384893
17384924
4252813
14741903
4252813
4252813
14741903
4238158
4238296
4238552
4239572
4253227
4252475
4253151
11111529
4252475
4253151
11110754
11112533
14745167
11110754
11112533
17411819
17411819
17411819
17411819
17411819
4242723
4253895
4242723
4242723
4253895
11112466
11112466
11112466
11112466
11112466
11113730
11113730
11113730
11113730
11113730
11113849
11113850
11113849
11113849
11113850
17411751
17413980
17415441
17415995
17411751
4254037
14735678
17403208
4254037
14735678
17410207
17410207
17410207
17410207
17410207
11111889
11111889
11111889
11111889
11111889
26751186
26751186
26751186
26751186
26751186
4251435
17414538
4251435
4251435
17414538
4252479
4252479
4252479
4252479
4252479
14741638
17414692
14741638
14741638
17414692
846322
846322
846322
846322
846322
14727154
14727154
14727154
14727154
14727154
11110749
4254032
11112394
17415406
11110749
17406563
17409124
17406563
17406563
17409124
11112705
11112705
11112705
11112705
11112705
11113339
16952742
17412407
11113339
16952742
4253553
4253553
4253553
4253553
4253553
4253829
4253829
4253829
4253829
4253829
14734111
17384990
17411416
14734111
17384990
4253235
4253235
4253235
4253235
4253235
11111380
11111380
11111380
11111380
11111380
4252468
4252882
11110820
11111543
11111701
844442
844442
844442
844442
844442
17387966
17412979
17415416
17387966
17412979
4252908
4253290
4252908
4252908
4253290
17411729
17415735
17411729
17411729
17415735
11112435
11112518
11112435
11112435
11112518
14734086
14734086
14734086
14734086
14734086
11110967
11111344
11110967
11110967
11111344
17408267
17410640
17408267
17408267
17410640
11112187
11112187
11112187
11112187
11112187
4238157
4238789
4239962
4238157
4238789
11110998
11110724
11110955
11113548
26751171
4238051
4238201
4239129
4239747
4240087
4243475
11112876
4243475
4243475
11112876
11113546
11113547
11113546
11113546
11113547
11110936
14727291
11110936
11110936
14727291
11111419
14726293
11111419
11111419
14726293
4253289
4253289
4253289
4253289
4253289
11113878
17403117
17411412
11113878
17403117
11112420
11112420
11112420
11112420
11112420
17406813
17406813
17406813
17406813
17406813
11111439
11113242
11112845
11112856
11114123
4252841
4252841
4252841
4252841
4252841
4252566
4252662
4253360
4253810
4252566
4253845
4253845
4253845
4253845
4253845
4252533
4253066
4254212
4252533
4253066
17409856
17409856
17409856
17409856
17409856
4254253
4254253
4254253
4254253
4254253
4252919
4253332
17415434
4252919
4253332
14723958
17385032
14723958
14723958
17385032
14735875
14735875
14735875
14735875
14735875
17401325
17401325
17401325
17401325
17401325
4254279
4254279
4254279
4254279
4254279
17403474
17403474
17403474
17403474
17403474
26751086
26751086
26751086
26751086
26751086
4250228
4250228
4250228
4250228
4250228
4237616
4237989
4238303
4238420
4239880
11112804
11112804
11112804
11112804
11112804
17408473
17408473
17408473
17408473
17408473
11111127
11111127
11111127
11111127
11111127
11112259
11112259
11112259
11112259
11112259
17411141
17411910
17412662
17414868
17411141
4241371
4244600
4248294
17402035
17414536
11112432
11112432
11112432
11112432
11112432
4240797
11110970
4240797
4240797
11110970
11111412
11111847
11112750
11111412
11111847
4253349
11112522
4253349
4253349
11112522
11112214
11112214
11112214
11112214
11112214
26750984
26751150
26750984
26750984
26751150
11111730
11111730
11111730
11111730
11111730
4238463
4239521
4253672
11112126
17403319
17403322
17403322
17403322
17403322
17403322
17407487
17407495
17407487
17407487
17407495
17411776
17411776
17411776
17411776
17411776
26752409
17409905
26751177
26752409
17409905
17402932
17402932
17402932
17402932
17402932
4252976
4252976
4252976
4252976
4252976
4254251
4254251
4254251
4254251
4254251
11114043
11114043
11114043
11114043
11114043
14741500
14741500
14741500
14741500
14741500
4254167
11111831
11112284
4254167
11111831
17403646
17416386
17403646
17403646
17416386
17385028
17385028
17385028
17385028
17385028
17411165
17411165
17411165
17411165
17411165
14743312
14743312
14743312
14743312
14743312
4253372
11112233
4253372
4253372
11112233
11110677
11110677
11110677
11110677
11110677
17385018
17385018
17385018
17385018
17385018
7972790
7972790
7972790
7972790
7972790
4254148
4254148
4254148
4254148
4254148
26751241
26751242
26751259
26751407
26751430
11110935
11112421
11110935
11110935
11112421
17410837
17410837
17410837
17410837
17410837
17407636
17407636
17407636
17407636
17407636
17387856
17387856
17387856
17387856
17387856
4247536
17415616
4247536
4247536
17415616
4238711
4239205
4237509
4237531
4237571
11112855
11112855
11112855
11112855
11112855
26752489
26752494
26752709
26752489
26752494
11111033
11111033
11111033
11111033
11111033
4248487
4248487
4248487
4248487
4248487
11113280
4252578
4252970
4253113
4253517
4241356
4242315
4252609
4253338
4253597
4254252
14740717
17412134
4254252
14740717
4250355
7974811
11112400
4250355
7974811
17401395
17408159
17408670
17408954
17413592
4252470
4254017
11110942
11111553
4252470
4253659
4253713
11111285
4253659
4253713
11110745
4253775
11110780
11110745
4253775
11113510
3713263
11113510
11113510
3713263
4253053
4253053
4253053
4253053
4253053
4252538
4252538
4252538
4252538
4252538
17408863
17408863
17408863
17408863
17408863
14744639
14744910
14744639
14744639
14744910
11111632
11111632
11111632
11111632
11111632
4242516
26751118
4242516
4242516
26751118
14743157
14743157
14743157
14743157
14743157
11111357
11113170
11113176
11111442
11112255
17410781
17410781
17410781
17410781
17410781
11111522
4252957
17384874
17384919
17384933
4252555
4252555
4252555
4252555
4252555
4254194
11112562
4254194
4254194
11112562
11113870
11114030
11113870
11113870
11114030
14741463
17401543
14741463
14741463
17401543
4241185
4247960
11113929
4241185
4247960
11111014
11111014
11111014
11111014
11111014
4254323
4254323
4254323
4254323
4254323
11110734
17385003
11110734
11110734
17385003
26750764
26750769
26750773
26750788
26750797
14741505
14741505
14741505
14741505
14741505
4252682
4252780
4253240
4252682
4252780
4246709
4246709
4246709
4246709
4246709
14742785
14742785
14742785
14742785
14742785
11112753
11112753
11112753
11112753
11112753
4253082
4253082
4253082
4253082
4253082
11112560
11112560
11112560
11112560
11112560
11114159
14735106
17414007
11114159
14735106
11110732
11110852
11113709
11110732
11110852
4254218
4254218
4254218
4254218
4254218
26751127
26751129
26751127
26751127
26751129
17387976
17387976
17387976
17387976
17387976
4239879
4239210
4239879
4239879
4239210
11111356
11111356
11111356
11111356
11111356
3716051
14736473
14739739
17409584
17414892
4253617
4253617
4253617
4253617
4253617
4254423
4254423
4254423
4254423
4254423
11111952
11112688
11112888
11111952
11112688
17409712
17409712
17409712
17409712
17409712
17415215
17415215
17415215
17415215
17415215
17387481
17387481
17387481
17387481
17387481
17410839
17410839
17410839
17410839
17410839
17409426
17409426
17409426
17409426
17409426
11110904
11111876
11111894
11110904
11111876
4240190
4240451
4240190
4240190
4240451
11112271
11112271
11112271
11112271
11112271
4245065
4253499
17385723
17412990
4245065
17410028
17410028
17410028
17410028
17410028
14742762
17410763
14742762
14742762
17410763
4252684
11114040
17387853
17403188
4252684
4237518
4239261
4239876
4240062
4240157
4253870
11112475
4253870
4253870
11112475
17408453
17408453
17408453
17408453
17408453
11112360
17408087
11112360
11112360
17408087
4254169
17409885
4254169
4254169
17409885
14731051
17412985
14731051
14731051
17412985
4252735
4252772
4253474
11112568
4252735
11113640
11113697
11113640
11113640
11113697
11113461
11113461
11113461
11113461
11113461
4252736
7972835
11111581
11112478
11112531
4253872
4253891
4253973
26751122
4253872
4242601
4242601
4242601
4242601
4242601
14741613
14741613
14741613
14741613
14741613
4244335
4254203
11112746
4244335
4254203
4253681
4253681
4253681
4253681
4253681
17415870
17415870
17415870
17415870
17415870
17401965
17407765
17401965
17401965
17407765
17402184
17402184
17402184
17402184
17402184
4253405
17410497
17410731
17413930
17416217
3715610
4241509
14722629
14743774
14745386
11114069
11114069
11114069
11114069
11114069
4253606
11113609
4253606
4253606
11113609
11111236
11111236
11111236
11111236
11111236
14723427
14723427
14723427
14723427
14723427
14741972
14741972
14741972
14741972
14741972
11110772
4252641
4253061
11111532
11112464
14723183
14723183
14723183
14723183
14723183
4253098
4253098
4253098
4253098
4253098
14730508
17406801
17408024
14730508
17406801
17402730
17403337
17408732
17402730
17403337
4239766
11112769
4239766
4239766
11112769
14741009
17413929
14741009
14741009
17413929
4244165
4244165
4244165
4244165
4244165
4239060
4239060
4239060
4239060
4239060
11111948
11111948
11111948
11111948
11111948
4241299
4249537
7977815
11113476
4241299
26752516
4252793
4252955
4253089
4254240
17384959
17384960
17415799
17384959
17384960
4252887
4252887
4252887
4252887
4252887
4250195
4253664
4250195
4250195
4253664
17385071
17385071
17385071
17385071
17385071
4253510
4253510
4253510
4253510
4253510
17415796
17415796
17415796
17415796
17415796
17403384
17408033
17411810
17412023
17413112
4252603
4252603
4252603
4252603
4252603
4252860
4252860
4252860
4252860
4252860
4254249
11112867
4254249
4254249
11112867
4252476
4252582
4252847
4253192
4253571
4253027
4253958
17408612
4253027
4253958
4252699
4252731
4252964
4253901
11113538
4252818
4254082
4252818
4252818
4254082
17410301
17410301
17410301
17410301
17410301
17384985
17384985
17384985
17384985
17384985
14723383
17410196
14723383
14723383
17410196
7973141
7973141
7973141
7973141
7973141
11111808
11111808
11111808
11111808
11111808
26752461
26752461
26752461
26752461
26752461
4252600
4252600
4252600
4252600
4252600
11111317
11111467
4237959
4239041
11113768
17401890
17401890
17401890
17401890
17401890
7976809
11112372
7976809
7976809
11112372
853361
853361
853361
853361
853361
17384885
17384885
17384885
17384885
17384885
11112145
11112145
11112145
11112145
11112145
11113229
11111281
11113229
11113229
11111281
14745707
14745707
14745707
14745707
14745707
11111191
11112788
11111191
11111191
11112788
14740134
14740134
14740134
14740134
14740134
11112403
11113667
11112403
11112403
11113667
11110689
4254092
11110689
11110689
4254092
14742251
14742251
14742251
14742251
14742251
11111392
14729207
11111392
11111392
14729207
14724074
14726707
14724074
14724074
14726707
4253122
4253242
11111721
4253122
4253242
4239102
4237556
4237665
4237769
4237844
17407219
17415574
17407219
17407219
17415574
4254431
11111242
4254431
4254431
11111242
17411902
17413821
17411902
17411902
17413821
11110679
11112585
11112739
11110679
11112585
4241545
4245497
4246838
4241545
4245497
17414044
17414044
17414044
17414044
17414044
4239341
4239341
4239341
4239341
4239341
4253621
4253882
4253621
4253621
4253882
11111192
11111192
11111192
11111192
11111192
4253505
26750868
4253505
4253505
26750868
4237492
4237492
4237492
4237492
4237492
11111464
11111464
11111464
11111464
11111464
4254257
4254257
4254257
4254257
4254257
17411207
17411207
17411207
17411207
17411207
11111857
11110919
17410970
11111857
11110919
26751427
26751429
26751427
26751427
26751429
4237643
4237644
4237805
4237860
4237897
11112410
11112410
11112410
11112410
11112410
14742296
17401198
17415005
17415030
17415872
858428
4240987
4241842
14741666
17403321
11111798
11112113
11111798
11111798
11112113
4254214
17407053
17407084
17409035
4254214
17410283
17410283
17410283
17410283
17410283
4238104
4238227
4238328
4238622
4239525
4237780
4238510
4239254
4239911
4237780
17411486
17411486
17411486
17411486
17411486
4254102
4254102
4254102
4254102
4254102
17414757
17414757
17414757
17414757
17414757
14726102
14726102
14726102
14726102
14726102
26752660
26750871
26751089
26752660
26750871
17401541
17401541
17401541
17401541
17401541
17384881
17384911
17385116
17384881
17384911
14737167
26751112
26751113
14737167
26751112
26751045
26751059
26751060
26751064
26751045
4253044
4253543
4253044
4253044
4253543
14745269
14745269
14745269
14745269
14745269
4253900
14740995
4253900
4253900
14740995
4252540
4252540
4252540
4252540
4252540
11111850
11111850
11111850
11111850
11111850
11112642
14724098
11112642
11112642
14724098
4237570
4237601
4237740
4237945
4238017
11112656
11112656
11112656
11112656
11112656
11110829
11110829
11110829
11110829
11110829
17416241
17416241
17416241
17416241
17416241
4254111
4254111
4254111
4254111
4254111
4253030
4253030
4253030
4253030
4253030
17412891
17412891
17412891
17412891
17412891
11111292
11111292
11111292
11111292
11111292
4237545
4237627
4237639
4238030
4238287
4250552
17408586
4250552
4250552
17408586
11110684
4253117
11113396
11113432
11113922
4253354
4253354
4253354
4253354
4253354
4252821
17388010
17408112
17412080
17412661
11110758
11110758
11110758
11110758
11110758
4254153
4254153
4254153
4254153
4254153
11111336
11112249
11112628
11111336
11112249
14727225
14727225
14727225
14727225
14727225
11111078
17409710
11111078
11111078
17409710
11111471
11111471
11111471
11111471
11111471
14731226
14731226
14731226
14731226
14731226
4237494
4237494
4237494
4237494
4237494
4252638
4252638
4252638
4252638
4252638
11111646
11112467
11111646
11111646
11112467
11112229
11112229
11112229
11112229
11112229
11110880
11110880
11110880
11110880
11110880
17415155
17415155
17415155
17415155
17415155
26752466
14740003
14745909
17384935
26752466
17415585
17415585
17415585
17415585
17415585
17416249
17416249
17416249
17416249
17416249
11112462
11112462
11112462
11112462
11112462
14734710
14734710
14734710
14734710
14734710
11112589
11112589
11112589
11112589
11112589
11111904
11112754
11111904
11111904
11112754
7972958
7972958
7972958
7972958
7972958
26750731
26750731
26750731
26750731
26750731
11111245
11111245
11111245
11111245
11111245
14722890
17411245
14722890
14722890
17411245
4254329
4254329
4254329
4254329
4254329
17412065
17416347
17412065
17412065
17416347
4238729
4238729
4238729
4238729
4238729
4238386
4238819
4238986
4240409
11113789
4250267
7972541
14724154
14734991
4250267
853133
14741554
17384892
17384921
853133
17409682
17409682
17409682
17409682
17409682
4244283
17403469
4244283
4244283
17403469
17384938
17413030
17384938
17384938
17413030
11111254
11111254
11111254
11111254
11111254
