26753175
26753175
26753175
26753175
26753175
26754185
26754185
26754185
26754185
26754185
11110962
11110962
11110962
11110962
11110962
11112744
11112744
11112744
11112744
11112744
4237521
4237730
4237956
4238958
4239018
4249916
4249916
4249916
4249916
4249916
4238546
4239273
4239293
4239309
4239673
11113544
11113544
11113544
11113544
11113544
17389298
17389298
17389298
17389298
17389298
14735336
14735336
14735336
14735336
14735336
17389717
11111859
17389717
17389717
11111859
14722207
17416023
14722207
14722207
17416023
4238468
4238468
4238468
4238468
4238468
7975125
7975125
7975125
7975125
7975125
11113692
11113692
11113692
11113692
11113692
14735008
14735008
14735008
14735008
14735008
4237592
4237592
4237592
4237592
4237592
4238862
4238866
4238862
4238862
4238866
863580
863580
863580
863580
863580
26749866
26754248
26749866
26749866
26754248
11114130
11114131
11114130
11114130
11114131
4239777
4239777
4239777
4239777
4239777
11114251
14741338
11114251
11114251
14741338
14726341
14726341
14726341
14726341
14726341
4237845
4238033
4238509
4239132
4239264
26752709
26752709
26752709
26752709
26752709
26754015
26754015
26754015
26754015
26754015
17389865
17389865
17389865
17389865
17389865
4242608
4242608
4242608
4242608
4242608
4237975
4238625
4240105
4237975
4238625
26752711
26752711
26752711
26752711
26752711
4238124
4238124
4238124
4238124
4238124
855658
26749254
26749305
26749983
11111628
26749456
26749456
26749456
26749456
26749456
14731968
14731968
14731968
14731968
14731968
26753868
26753868
26753868
26753868
26753868
855757
855757
855757
855757
855757
11113982
11113982
11113982
11113982
11113982
26749373
26749374
26749375
26749379
26749384
14740286
14740286
14740286
14740286
14740286
4245749
4249498
4251688
4245749
4249498
4251248
4251248
4251248
4251248
4251248
14727071
14727071
14727071
14727071
14727071
17388663
17389521
26749350
17388663
17389521
4248974
4248974
4248974
4248974
4248974
14731219
17412605
14731219
14731219
17412605
17408775
17408937
17408775
17408775
17408937
26749994
26750053
26752592
26749994
26750053
11114118
11114118
11114118
11114118
11114118
26753854
26753864
26753866
26753874
26753875
4248772
4248772
4248772
4248772
4248772
4239897
4239897
4239897
4239897
4239897
4242299
4242299
4242299
4242299
4242299
4245173
4245173
4245173
4245173
4245173
17389858
17389858
17389858
17389858
17389858
11111312
11111312
11111312
11111312
11111312
4238039
4238315
4238039
4238039
4238315
4237593
4238959
4237593
4237593
4238959
26754354
26754354
26754354
26754354
26754354
11111502
11111502
11111502
11111502
11111502
17389451
26749241
17389451
17389451
26749241
17385379
17385379
17385379
17385379
17385379
4238706
4238718
4239515
4239724
4240241
11114182
11114182
11114182
11114182
11114182
17407349
17407349
17407349
17407349
17407349
4237905
4239220
4237905
4237905
4239220
26753179
4239872
26753179
26753179
4239872
4237506
4238352
4238702
4239334
4237506
7975336
7975336
7975336
7975336
7975336
11113569
11113569
11113569
11113569
11113569
14740837
14740837
14740837
14740837
14740837
4237529
4237812
4238205
4239492
4240366
4237491
4237932
4238418
4238583
4239484
4242934
14740345
4242934
4242934
14740345
11113684
11113699
11113684
11113684
11113699
11111867
11111918
11111867
11111867
11111918
26749562
26749782
11111750
26749562
26749782
4239757
4239757
4239757
4239757
4239757
14743898
14743898
14743898
14743898
14743898
4237487
4237993
4238044
4238121
4238814
4241150
4241150
4241150
4241150
4241150
11111292
11111292
11111292
11111292
11111292
14738820
14738820
14738820
14738820
14738820
26754343
11113347
26754343
26754343
11113347
11114423
11114423
11114423
11114423
11114423
4240609
4240609
4240609
4240609
4240609
862646
862646
862646
862646
862646
4249574
4249574
4249574
4249574
4249574
4238991
4238991
4238991
4238991
4238991
4247361
4247361
4247361
4247361
4247361
17389243
17389243
17389243
17389243
17389243
11114021
11114021
11114021
11114021
11114021
17410028
17410028
17410028
17410028
17410028
11114202
11114202
11114202
11114202
11114202
4251714
4251714
4251714
4251714
4251714
26753552
11113952
11114007
17406915
26753552
26753256
26753546
26753256
26753256
26753546
11114438
11114491
11114438
11114438
11114491
17407130
17407130
17407130
17407130
17407130
17402746
17402992
17402746
17402746
17402992
26754060
26754060
26754060
26754060
26754060
17389219
17389219
17389219
17389219
17389219
14726082
14726082
14726082
14726082
14726082
861468
865820
861468
861468
865820
14738044
17403498
14738044
14738044
17403498
17385033
11111810
17385033
17385033
11111810
11114500
11114508
11114500
11114500
11114508
14741617
14741617
14741617
14741617
14741617
4237780
4237840
4237780
4237780
4237840
17415914
17415914
17415914
17415914
17415914
17385345
17385345
17385345
17385345
17385345
14744336
14744336
14744336
14744336
14744336
17402620
17402620
17402620
17402620
17402620
4237783
4238735
4238884
4239207
4239485
4238064
4238230
4238650
4238810
4238064
4253776
4253776
4253776
4253776
4253776
26749493
26749508
26749514
26749685
26750044
4237915
4239916
4237915
4237915
4239916
26753277
26753277
26753277
26753277
26753277
14741011
14741011
14741011
14741011
14741011
11114146
11114146
11114146
11114146
11114146
26749780
26749780
26749780
26749780
26749780
4237519
4237537
4237559
4237624
4237711
11111727
11111727
11111727
11111727
11111727
4254242
14741471
17406763
4254242
14741471
4238636
4238636
4238636
4238636
4238636
4248726
4248726
4248726
4248726
4248726
14724079
14724079
14724079
14724079
14724079
3715479
3715479
3715479
3715479
3715479
26749367
26749970
26749367
26749367
26749970
4238746
4239406
4239579
17408903
4238746
26753961
26753961
26753961
26753961
26753961
4244564
4244564
4244564
4244564
4244564
14744695
14744695
14744695
14744695
14744695
862915
862915
862915
862915
862915
14741391
14741391
14741391
14741391
14741391
26753848
26753858
26753879
26753848
26753858
4238038
4238439
4238803
4238038
4238439
4237930
4238271
4237930
4237930
4238271
4237702
4238397
4239158
4239446
4237702
4238337
4238971
4238337
4238337
4238971
26753878
26753878
26753878
26753878
26753878
4249088
4249088
4249088
4249088
4249088
14741084
14741084
14741084
14741084
14741084
4240530
4240530
4240530
4240530
4240530
14743075
14743075
14743075
14743075
14743075
3712535
3712535
3712535
3712535
3712535
4238950
4240044
4240049
4238950
4240044
11114065
11114065
11114065
11114065
11114065
11110992
11113487
11110992
11110992
11113487
26753951
26753985
26753951
26753951
26753985
17402670
17402670
17402670
17402670
17402670
4239431
4239960
4239431
4239431
4239960
4254200
4254200
4254200
4254200
4254200
855694
17388746
11111743
855694
17388746
11111364
11111364
11111364
11111364
11111364
3713065
3713065
3713065
3713065
3713065
11111894
11113323
11113600
11111894
11113323
26754055
26754055
26754055
26754055
26754055
4241218
4241218
4241218
4241218
4241218
4247316
4247316
4247316
4247316
4247316
17401454
17401454
17401454
17401454
17401454
14744051
14744051
14744051
14744051
14744051
846772
17413857
846772
846772
17413857
11114437
11114450
11114453
11114437
11114450
11114485
11114485
11114485
11114485
11114485
4237489
4237585
4237589
4237936
4238081
14737255
14737255
14737255
14737255
14737255
26752686
26752686
26752686
26752686
26752686
4248659
4248659
4248659
4248659
4248659
26753623
26753623
26753623
26753623
26753623
4238679
4239901
4240263
4238679
4239901
17410246
17410246
17410246
17410246
17410246
11111041
11111041
11111041
11111041
11111041
11111728
11111774
11111728
11111728
11111774
14735525
14735525
14735525
14735525
14735525
17388888
17388888
17388888
17388888
17388888
11111164
11111164
11111164
11111164
11111164
17385365
17385369
17385365
17385365
17385369
4253263
4253263
4253263
4253263
4253263
17401963
17401963
17401963
17401963
17401963
4237866
4238368
4237866
4237866
4238368
4237687
4237982
4239256
4240119
4237687
11114456
11114456
11114456
11114456
11114456
11111215
11111216
11111215
11111215
11111216
847355
847355
847355
847355
847355
4254307
4254307
4254307
4254307
4254307
4237478
4237716
4238137
4238535
4238844
14724068
14724068
14724068
14724068
14724068
4244784
14727223
17412216
4244784
14727223
4237747
4237747
4237747
4237747
4237747
17384880
17384910
17384934
17384938
17384880
4241094
4241094
4241094
4241094
4241094
17387920
17387920
17387920
17387920
17387920
848762
848762
848762
848762
848762
11113511
11113511
11113511
11113511
11113511
17409841
17409841
17409841
17409841
17409841
14737258
14737258
14737258
14737258
14737258
17412880
17412880
17412880
17412880
17412880
17411450
17411450
17411450
17411450
17411450
4238960
4238960
4238960
4238960
4238960
26753610
26753610
26753610
26753610
26753610
11111948
11111948
11111948
11111948
11111948
26749106
11112869
26749106
26749106
11112869
4238239
4238239
4238239
4238239
4238239
4252146
4252146
4252146
4252146
4252146
17385360
17385360
17385360
17385360
17385360
4240115
4240115
4240115
4240115
4240115
4237892
4238497
4238698
4237892
4238497
4246050
4246050
4246050
4246050
4246050
26748455
11112824
26748455
26748455
11112824
26752624
26752624
26752624
26752624
26752624
4237563
4239130
4237563
4237563
4239130
4238662
4238662
4238662
4238662
4238662
14745177
14745177
14745177
14745177
14745177
14744392
14744392
14744392
14744392
14744392
17389919
11112132
17389919
17389919
11112132
17408416
17408416
17408416
17408416
17408416
26753987
26753987
26753987
26753987
26753987
26752664
26752664
26752664
26752664
26752664
11114049
11114049
11114049
11114049
11114049
26753213
26753213
26753213
26753213
26753213
4237474
4237693
4237726
4238755
4237474
11114107
11114107
11114107
11114107
11114107
4252229
4252229
4252229
4252229
4252229
26750794
26750794
26750794
26750794
26750794
4250513
4250513
4250513
4250513
4250513
17389996
11112338
17389996
17389996
11112338
26748098
11113916
26748098
26748098
11113916
855541
855541
855541
855541
855541
17406870
17406870
17406870
17406870
17406870
26754079
26754079
26754079
26754079
26754079
17388779
17388779
17388779
17388779
17388779
11110934
11110934
11110934
11110934
11110934
4253608
4253608
4253608
4253608
4253608
26753990
26753990
26753990
26753990
26753990
17413720
17413720
17413720
17413720
17413720
26751062
26751062
26751062
26751062
26751062
4246742
4246742
4246742
4246742
4246742
11114398
11114410
11114398
11114398
11114410
17389841
26748944
26754385
11112856
11114123
4248690
4248690
4248690
4248690
4248690
4250068
4250068
4250068
4250068
4250068
866021
866021
866021
866021
866021
14742172
14742172
14742172
14742172
14742172
14730073
14730073
14730073
14730073
14730073
4245312
4245312
4245312
4245312
4245312
17403467
17403467
17403467
17403467
17403467
3714089
3714089
3714089
3714089
3714089
14741578
14741578
14741578
14741578
14741578
4238247
4238895
4240333
4238247
4238895
14744383
14744383
14744383
14744383
14744383
17387758
17387758
17387758
17387758
17387758
4237661
4239984
4237661
4237661
4239984
4237795
4239145
4237795
4237795
4239145
11113996
11113996
11113996
11113996
11113996
4237844
4238584
4239299
4239434
4239990
14743242
14743242
14743242
14743242
14743242
14739743
14739743
14739743
14739743
14739743
3715599
3715599
3715599
3715599
3715599
11111744
11111744
11111744
11111744
11111744
26749709
26749709
26749709
26749709
26749709
4238077
4238503
4239006
4238077
4238503
17385500
17385523
17385541
17385500
17385523
4248818
4248818
4248818
4248818
4248818
14738197
14738197
14738197
14738197
14738197
14732159
14732159
14732159
14732159
14732159
14743252
14743253
14743252
14743252
14743253
11111319
11111319
11111319
11111319
11111319
3714119
3714119
3714119
3714119
3714119
4237666
4239322
4239382
4240243
4237666
4250100
4250100
4250100
4250100
4250100
14726368
14726368
14726368
14726368
14726368
14732883
17411101
14732883
14732883
17411101
846619
846619
846619
846619
846619
14744800
14744800
14744800
14744800
14744800
17409531
17409531
17409531
17409531
17409531
11113904
11113904
11113904
11113904
11113904
4237836
4238223
4238646
4238708
4238830
14735679
14735679
14735679
14735679
14735679
4240786
4240786
4240786
4240786
4240786
11111835
11111835
11111835
11111835
11111835
26749980
11112355
26749980
26749980
11112355
858595
4240369
858595
858595
4240369
7974448
7974448
7974448
7974448
7974448
17409944
17409944
17409944
17409944
17409944
4240150
4240235
4240150
4240150
4240235
4238581
4239170
4238581
4238581
4239170
4250667
4250667
4250667
4250667
4250667
4253176
4253176
4253176
4253176
4253176
4251422
4251422
4251422
4251422
4251422
11114163
11114163
11114163
11114163
11114163
4251197
4251197
4251197
4251197
4251197
852761
852761
852761
852761
852761
17385376
17385377
17385376
17385376
17385377
4239037
4238375
4238404
4239077
4240334
17385398
17385431
17385398
17385398
17385431
26752665
26752665
26752665
26752665
26752665
17385050
17385050
17385050
17385050
17385050
4241952
4241952
4241952
4241952
4241952
17410292
17410292
17410292
17410292
17410292
26754436
26754436
26754436
26754436
26754436
4237804
4237804
4237804
4237804
4237804
845813
17406712
845813
845813
17406712
17389019
17389019
17389019
17389019
17389019
26749478
26749478
26749478
26749478
26749478
14722468
14722468
14722468
14722468
14722468
11111769
26752517
26752553
17413506
11111769
858631
858631
858631
858631
858631
17401374
17401374
17401374
17401374
17401374
11112887
11112887
11112887
11112887
11112887
4237981
4238613
4239790
4237981
4238613
17409707
17409707
17409707
17409707
17409707
4239285
4239285
4239285
4239285
4239285
26747225
26754352
11111321
26747225
26754352
17385056
17385056
17385056
17385056
17385056
11112827
11112827
11112827
11112827
11112827
855643
855643
855643
855643
855643
4253269
4253269
4253269
4253269
4253269
17414298
17414298
17414298
17414298
17414298
14732645
14732645
14732645
14732645
14732645
851770
17407542
17408161
851770
17407542
26749452
26749806
26749452
26749452
26749806
14744996
14744996
14744996
14744996
14744996
17410177
17410177
17410177
17410177
17410177
11114268
11114268
11114268
11114268
11114268
11114551
11114551
11114551
11114551
11114551
26753948
26753964
26753980
26753998
26753948
26753159
26753159
26753159
26753159
26753159
17412628
17412628
17412628
17412628
17412628
14740730
14740730
14740730
14740730
14740730
11114135
17413694
11114135
11114135
17413694
11113386
11113386
11113386
11113386
11113386
26749589
26749591
26749589
26749589
26749591
17385341
17385341
17385341
17385341
17385341
17385370
17385399
17385370
17385370
17385399
14737247
14737247
14737247
14737247
14737247
4247959
4247959
4247959
4247959
4247959
4253705
4253705
4253705
4253705
4253705
3715280
3715280
3715280
3715280
3715280
4237894
4240073
11111220
4237894
4240073
4237974
4238878
4237974
4237974
4238878
17411210
17411210
17411210
17411210
17411210
26749599
26749599
26749599
26749599
26749599
4244810
4244810
4244810
4244810
4244810
11113514
11113514
11113514
11113514
11113514
4240324
4240345
4240324
4240324
4240345
4237985
4238112
4239139
4239401
4237985
11112882
11112882
11112882
11112882
11112882
14745073
14745073
14745073
14745073
14745073
26752699
26752699
26752699
26752699
26752699
14734425
14734425
14734425
14734425
14734425
3713398
17408490
17408679
3713398
17408490
865244
865244
865244
865244
865244
26752331
26752331
26752331
26752331
26752331
11114452
11114458
11114503
11114452
11114458
3711343
3711343
3711343
3711343
3711343
17411477
17411477
17411477
17411477
17411477
4237498
4237580
4239640
4239912
4237498
17410108
17410108
17410108
17410108
17410108
3712357
3712357
3712357
3712357
3712357
11114151
11114151
11114151
11114151
11114151
14723675
14723675
14723675
14723675
14723675
17385352
17385353
17385413
17385418
17385104
4239447
4239447
4239447
4239447
4239447
4243056
4248987
4243056
4243056
4248987
4250462
4250462
4250462
4250462
4250462
17407958
17407958
17407958
17407958
17407958
17401294
17401294
17401294
17401294
17401294
17387581
17413940
17387581
17387581
17413940
17411867
17411867
17411867
17411867
17411867
17414086
17414086
17414086
17414086
17414086
26749363
26749392
26749420
26749424
26749425
864723
864723
864723
864723
864723
4238999
4239306
4239763
4240101
4238999
4246162
4248144
4246162
4246162
4248144
17413199
17413199
17413199
17413199
17413199
4250124
4250124
4250124
4250124
4250124
17385320
17385320
17385320
17385320
17385320
4252558
4252558
4252558
4252558
4252558
11113834
11113834
11113834
11113834
11113834
14742220
14742220
14742220
14742220
14742220
4237540
4237540
4237540
4237540
4237540
4253902
4253902
4253902
4253902
4253902
11112643
11112643
11112643
11112643
11112643
14743091
14743091
14743091
14743091
14743091
17409186
17409186
17409186
17409186
17409186
7972667
7972667
7972667
7972667
7972667
14742578
14742578
14742578
14742578
14742578
26752424
26752424
26752424
26752424
26752424
843293
843293
843293
843293
843293
17385509
17385509
17385509
17385509
17385509
863479
863479
863479
863479
863479
4238806
4240109
4238806
4238806
4240109
14741662
14741662
14741662
14741662
14741662
4242266
4242266
4242266
4242266
4242266
26749914
26749914
26749914
26749914
26749914
861895
3712364
861895
861895
3712364
26748907
11110686
26748907
26748907
11110686
4251336
4251336
4251336
4251336
4251336
14722575
14722575
14722575
14722575
14722575
4242830
4242830
4242830
4242830
4242830
4240078
4240371
4240078
4240078
4240371
14727294
14727294
14727294
14727294
14727294
26747774
26747774
26747774
26747774
26747774
4249488
4249488
4249488
4249488
4249488
4244968
4244968
4244968
4244968
4244968
4237914
4239638
4237914
4237914
4239638
17401357
17401357
17401357
17401357
17401357
17402572
17402572
17402572
17402572
17402572
11114422
11114422
11114422
11114422
11114422
17414451
17414451
17414451
17414451
17414451
11111137
11111137
11111137
11111137
11111137
14722149
14722149
14722149
14722149
14722149
11113485
11113486
11113485
11113485
11113486
26748436
11112247
26748436
26748436
11112247
4237544
4240214
4237544
4237544
4240214
4248584
4248584
4248584
4248584
4248584
17407726
17407726
17407726
17407726
17407726
26750753
26750753
26750753
26750753
26750753
4250708
4250708
4250708
4250708
4250708
17385583
17385583
17385583
17385583
17385583
26750854
26750854
26750854
26750854
26750854
4237709
4240353
4237709
4237709
4240353
4248305
4248305
4248305
4248305
4248305
11112868
11114100
11112868
11112868
11114100
17385416
17385420
17385428
17385416
17385420
17387677
17411978
17387677
17387677
17411978
26751233
26751278
26751296
26751233
26751278
26750922
26750922
26750922
26750922
26750922
3712414
3712414
3712414
3712414
3712414
4245533
4245533
4245533
4245533
4245533
14741663
14741663
14741663
14741663
14741663
14744458
14744458
14744458
14744458
14744458
845706
845706
845706
845706
845706
17414104
17414104
17414104
17414104
17414104
14742146
14742146
14742146
14742146
14742146
17385036
17385036
17385036
17385036
17385036
4238203
4238203
4238203
4238203
4238203
11111374
11111374
11111374
11111374
11111374
14735459
14735459
14735459
14735459
14735459
17410903
17410964
17410903
17410903
17410964
17385542
17385546
17385569
17385542
17385546
4244375
4244375
4244375
4244375
4244375
17389921
17389942
17389921
17389921
17389942
17408944
17408944
17408944
17408944
17408944
17401166
17401166
17401166
17401166
17401166
26754338
26754342
26754426
11112376
11113520
4238622
4240145
4238622
4238622
4240145
26753943
26753977
26754001
26753943
26753977
4238745
4251706
4238745
4238745
4251706
11113576
11113577
11113576
11113576
11113577
17385378
17385378
17385378
17385378
17385378
14744991
14744991
14744991
14744991
14744991
4237704
4238786
4239126
4239944
4237704
14740797
14740797
14740797
14740797
14740797
11111779
11111779
11111779
11111779
11111779
11112408
11112408
11112408
11112408
11112408
852560
852560
852560
852560
852560
17385391
17385391
17385391
17385391
17385391
4237784
4238210
4238363
4239468
4239472
17389825
17389825
17389825
17389825
17389825
861546
861546
861546
861546
861546
4237635
4237773
4238034
4238474
4238480
11111949
11111949
11111949
11111949
11111949
11114433
11114451
11114455
11114472
11114486
26752561
26752607
26752561
26752561
26752607
14745866
14745866
14745866
14745866
14745866
14741012
14741012
14741012
14741012
14741012
14740875
14743381
14740875
14740875
14743381
17408531
17408531
17408531
17408531
17408531
17413019
17413019
17413019
17413019
17413019
14745316
14745316
14745316
14745316
14745316
4252874
4252894
4252874
4252874
4252894
4249967
14724108
4249967
4249967
14724108
17389896
11112635
11113646
17389896
11112635
843298
843298
843298
843298
843298
4240068
4240068
4240068
4240068
4240068
26752706
26752718
26752706
26752706
26752718
14734739
14734739
14734739
14734739
14734739
17385118
17385118
17385118
17385118
17385118
4242019
4242019
4242019
4242019
4242019
26749896
26749896
26749896
26749896
26749896
14745083
14745083
14745083
14745083
14745083
17415707
17415707
17415707
17415707
17415707
4240995
4240995
4240995
4240995
4240995
11114157
11114157
11114157
11114157
11114157
4238954
4238954
4238954
4238954
4238954
14731453
14731453
14731453
14731453
14731453
14739887
14739887
14739887
14739887
14739887
11111308
11111308
11111308
11111308
11111308
17407600
17407600
17407600
17407600
17407600
26750925
26750925
26750925
26750925
26750925
26750828
26750828
26750828
26750828
26750828
11112846
11114262
11112846
11112846
11114262
11112224
11112224
11112224
11112224
11112224
4237475
4238457
4239017
4237475
4238457
14734802
14734802
14734802
14734802
14734802
4251986
4251986
4251986
4251986
4251986
4239915
4239915
4239915
4239915
4239915
4237538
4237579
4238220
4238277
4238318
4238414
4238842
4240157
4238414
4238842
4237673
4237673
4237673
4237673
4237673
17402084
17402084
17402084
17402084
17402084
11114413
11114425
11114413
11114413
11114425
26753293
11114056
26753293
26753293
11114056
17408154
17408154
17408154
17408154
17408154
850865
850865
850865
850865
850865
17413650
17413650
17413650
17413650
17413650
17388783
17388783
17388783
17388783
17388783
17388978
26753587
26754202
11111284
11111560
11113517
11113709
11113517
11113517
11113709
17407730
17407730
17407730
17407730
17407730
14738097
14738097
14738097
14738097
14738097
4242014
17406877
4242014
4242014
17406877
17411643
17411643
17411643
17411643
17411643
4249354
4252157
4249354
4249354
4252157
26753903
26753993
26753903
26753903
26753993
26754438
26754438
26754438
26754438
26754438
14742252
14742252
14742252
14742252
14742252
17385265
17385265
17385265
17385265
17385265
4244479
4248285
4249559
17402021
4244479
4253759
4253759
4253759
4253759
4253759
848576
848576
848576
848576
848576
4238074
4239667
4238074
4238074
4239667
844085
844085
844085
844085
844085
26750849
26750849
26750849
26750849
26750849
17385372
17384895
17385372
17385372
17384895
4238428
4238428
4238428
4238428
4238428
14723715
14723715
14723715
14723715
14723715
26750919
26750919
26750919
26750919
26750919
26752629
26752629
26752629
26752629
26752629
861762
861762
861762
861762
861762
14744434
14744434
14744434
14744434
14744434
17411588
17411588
17411588
17411588
17411588
3712953
3712953
3712953
3712953
3712953
11114219
11114219
11114219
11114219
11114219
14742116
14742116
14742116
14742116
14742116
4239135
4239135
4239135
4239135
4239135
17414208
17414208
17414208
17414208
17414208
4238828
4238828
4238828
4238828
4238828
26752600
26752600
26752600
26752600
26752600
14722657
14722657
14722657
14722657
14722657
17408265
17408265
17408265
17408265
17408265
14735082
14735082
14735082
14735082
14735082
26750990
26750990
26750990
26750990
26750990
17411388
17411388
17411388
17411388
17411388
17387789
17387789
17387789
17387789
17387789
14736170
14736170
14736170
14736170
14736170
843987
4241079
4242719
4250500
843987
4238953
4238953
4238953
4238953
4238953
14727267
14727267
14727267
14727267
14727267
14722628
14722628
14722628
14722628
14722628
14732599
14732599
14732599
14732599
14732599
17408438
17408439
17408438
17408438
17408439
11113783
11113783
11113783
11113783
11113783
17385061
17385061
17385061
17385061
17385061
17415246
17415246
17415246
17415246
17415246
4249017
4249017
4249017
4249017
4249017
17410013
17410013
17410013
17410013
17410013
26753856
26753922
26753856
26753856
26753922
11112859
11114264
11112859
11112859
11114264
14726408
14726408
14726408
14726408
14726408
26752344
26752698
26752344
26752344
26752698
17387540
17387540
17387540
17387540
17387540
17401127
17401127
17401127
17401127
17401127
4246659
4246722
4246659
4246659
4246722
17414881
17414881
17414881
17414881
17414881
3715149
3715149
3715149
3715149
3715149
4238567
4238567
4238567
4238567
4238567
17407100
17407100
17407100
17407100
17407100
14726045
14726045
14726045
14726045
14726045
4252050
4252050
4252050
4252050
4252050
14745314
14745314
14745314
14745314
14745314
14722148
14722148
14722148
14722148
14722148
4245624
4245624
4245624
4245624
4245624
17415898
17415898
17415898
17415898
17415898
26754122
4249561
26754122
26754122
4249561
4238179
4239193
4240181
4238179
4239193
4238528
4238528
4238528
4238528
4238528
17413988
17413988
17413988
17413988
17413988
26752337
26752727
26750888
26752337
26752727
14736725
14741004
14736725
14736725
14741004
17385446
17385446
17385446
17385446
17385446
11114269
11114269
11114269
11114269
11114269
14741018
14741648
14741018
14741018
14741648
17407250
17407250
17407250
17407250
17407250
14743822
14743822
14743822
14743822
14743822
4254203
4254203
4254203
4254203
4254203
17414877
17414877
17414877
17414877
17414877
17414824
17414824
17414824
17414824
17414824
4250079
4250079
4250079
4250079
4250079
17384914
17384914
17384914
17384914
17384914
17408431
17408431
17408431
17408431
17408431
14726321
14726321
14726321
14726321
14726321
17389253
17389253
17389253
17389253
17389253
17407067
17407067
17407067
17407067
17407067
26748904
11110752
26748904
26748904
11110752
14724099
17401467
14724099
14724099
17401467
14732079
14735049
14732079
14732079
14735049
26753917
26753917
26753917
26753917
26753917
14731450
14731450
14731450
14731450
14731450
14730359
14730359
14730359
14730359
14730359
17385511
17385511
17385511
17385511
17385511
17408495
17408495
17408495
17408495
17408495
17402410
17402410
17402410
17402410
17402410
855686
855686
855686
855686
855686
11111206
11111206
11111206
11111206
11111206
17401421
17401421
17401421
17401421
17401421
17385392
17385392
17385392
17385392
17385392
4238061
4238061
4238061
4238061
4238061
14722650
14722650
14722650
14722650
14722650
4247570
4247570
4247570
4247570
4247570
11113873
11113873
11113873
11113873
11113873
16952805
16952805
16952805
16952805
16952805
17387968
17387968
17387968
17387968
17387968
14735239
14735239
14735239
14735239
14735239
14743496
14743496
14743496
14743496
14743496
17407513
17407513
17407513
17407513
17407513
17412925
17415611
17412925
17412925
17415611
11112126
17387853
11112126
11112126
17387853
3711650
3711650
3711650
3711650
3711650
17410718
17410718
17410718
17410718
17410718
4252092
4252092
4252092
4252092
4252092
14726089
14726089
14726089
14726089
14726089
17389357
17389357
17389357
17389357
17389357
4240138
4240448
4240138
4240138
4240448
11112724
11112813
11112724
11112724
11112813
4240700
4241725
4240700
4240700
4241725
17384959
17384959
17384959
17384959
17384959
4245105
14726109
17388000
4245105
14726109
11114153
11114153
11114153
11114153
11114153
4239891
4240005
4239891
4239891
4240005
855764
855764
855764
855764
855764
17407094
17407094
17407094
17407094
17407094
4239590
4239590
4239590
4239590
4239590
26749842
26749842
26749842
26749842
26749842
17414967
17414967
17414967
17414967
17414967
4243302
4243302
4243302
4243302
4243302
4246179
4246179
4246179
4246179
4246179
4245647
4245647
4245647
4245647
4245647
4239149
4239149
4239149
4239149
4239149
4244876
4244876
4244876
4244876
4244876
860758
860758
860758
860758
860758
14742740
14743146
17412861
14742740
14743146
17413567
17413567
17413567
17413567
17413567
4237612
4239545
4237612
4237612
4239545
3712474
3712474
3712474
3712474
3712474
4254358
4254358
4254358
4254358
4254358
4238344
4240064
4238344
4238344
4240064
4242675
4242675
4242675
4242675
4242675
17401531
17401531
17401531
17401531
17401531
17388475
17388475
17388475
17388475
17388475
14745263
14745263
14745263
14745263
14745263
17409999
17409999
17409999
17409999
17409999
11110730
11113469
11113499
11110730
11113469
4253419
4253419
4253419
4253419
4253419
26754435
858319
14723867
26754435
858319
17385133
17385150
17385154
17385173
17385187
14737061
14737061
14737061
14737061
14737061
4249458
14723060
4249458
4249458
14723060
17408410
17408410
17408410
17408410
17408410
14735504
14735504
14735504
14735504
14735504
17414435
17414435
17414435
17414435
17414435
17409013
17409013
17409013
17409013
17409013
17413721
17413721
17413721
17413721
17413721
17385344
17385344
17385344
17385344
17385344
17402000
17402000
17402000
17402000
17402000
4253772
4253772
4253772
4253772
4253772
11111766
11111766
11111766
11111766
11111766
14739939
14739939
14739939
14739939
14739939
17385221
17385221
17385221
17385221
17385221
17413046
17413046
17413046
17413046
17413046
14730036
14737405
14730036
14730036
14737405
14745006
14745006
14745006
14745006
14745006
17385004
17385004
17385004
17385004
17385004
17409447
17411002
17409447
17409447
17411002
17409104
17409104
17409104
17409104
17409104
4245072
4245072
4245072
4245072
4245072
17414540
17414540
17414540
17414540
17414540
26753882
26753905
26753915
26753882
26753905
4238767
4239951
4238767
4238767
4239951
14744869
14744869
14744869
14744869
14744869
14736515
14736515
14736515
14736515
14736515
17412029
17413576
17412029
17412029
17413576
17387449
17387449
17387449
17387449
17387449
855935
855935
855935
855935
855935
11114040
11114040
11114040
11114040
11114040
14741399
14741399
14741399
14741399
14741399
11113531
11113531
11113531
11113531
11113531
14734775
14734775
14734775
14734775
14734775
4251905
4251905
4251905
4251905
4251905
14744005
14744005
14744005
14744005
14744005
17401172
17411793
17401172
17401172
17411793
17407448
17407448
17407448
17407448
17407448
11111849
11114119
11111849
11111849
11114119
11110952
11110952
11110952
11110952
11110952
17406834
17406900
17406834
17406834
17406900
17385051
17385051
17385051
17385051
17385051
14742043
14742043
14742043
14742043
14742043
17410300
17410300
17410300
17410300
17410300
4254210
4254210
4254210
4254210
4254210
17413009
17413009
17413009
17413009
17413009
17402417
17402417
17402417
17402417
17402417
26750037
26750055
26750065
26754439
26754440
3711555
4251837
3711555
3711555
4251837
26754086
26754112
26754086
26754086
26754112
14745389
14745389
14745389
14745389
14745389
4238796
4238796
4238796
4238796
4238796
4253872
4253872
4253872
4253872
4253872
26754041
26754041
26754041
26754041
26754041
14735328
14735328
14735328
14735328
14735328
17387914
17387914
17387914
17387914
17387914
17401693
17401693
17401693
17401693
17401693
11111376
11111376
11111376
11111376
11111376
17414338
17414338
17414338
17414338
17414338
11111547
11112789
11111547
11111547
11112789
17385256
17385274
17385256
17385256
17385274
3714713
3714713
3714713
3714713
3714713
26752464
26752464
26752464
26752464
26752464
4241710
4241710
4241710
4241710
4241710
14736646
14736646
14736646
14736646
14736646
17385157
17385157
17385157
17385157
17385157
14745317
14745317
14745317
14745317
14745317
14741538
14741538
14741538
14741538
14741538
4240129
4240384
4240129
4240129
4240384
14722941
14722941
14722941
14722941
14722941
14745001
14745001
14745001
14745001
14745001
4237918
4238589
4237918
4237918
4238589
17387522
17413904
17387522
17387522
17413904
17402755
17402755
17402755
17402755
17402755
17387731
17387731
17387731
17387731
17387731
17407837
17407837
17407837
17407837
17407837
17412894
17412894
17412894
17412894
17412894
17415927
17415927
17415927
17415927
17415927
26754349
26754349
26754349
26754349
26754349
17406806
17406806
17406806
17406806
17406806
14737450
14737450
14737450
14737450
14737450
4239544
4239544
4239544
4239544
4239544
11111892
11111892
11111892
11111892
11111892
11111370
11111370
11111370
11111370
11111370
17385084
17385128
17385084
17385084
17385128
14741262
14741262
14741262
14741262
14741262
17385310
17385310
17385310
17385310
17385310
17401140
17401468
17401140
17401140
17401468
4254146
4254146
4254146
4254146
4254146
17385101
17385117
17385101
17385101
17385117
4238076
4239521
4239591
4239988
4238076
4247838
4247838
4247838
4247838
4247838
17411529
17411529
17411529
17411529
17411529
26754025
26754025
26754025
26754025
26754025
4248167
4248167
4248167
4248167
4248167
26753605
11114054
26753605
26753605
11114054
11114022
11114022
11114022
11114022
11114022
26754260
26754260
26754260
26754260
26754260
17411893
17411893
17411893
17411893
17411893
26750997
26750997
26750997
26750997
26750997
847676
847676
847676
847676
847676
17411932
17411932
17411932
17411932
17411932
14727318
14727318
14727318
14727318
14727318
17410726
17410726
17410726
17410726
17410726
26751239
26751257
26751239
26751239
26751257
17410552
17410552
17410552
17410552
17410552
14723790
14723790
14723790
14723790
14723790
4237966
4238843
4237966
4237966
4238843
14744552
14744552
14744552
14744552
14744552
26753884
26753884
26753884
26753884
26753884
17413573
17413573
17413573
17413573
17413573
14744173
14744173
14744173
14744173
14744173
4237663
4237663
4237663
4237663
4237663
4249453
14745531
4249453
4249453
14745531
14737451
14737451
14737451
14737451
14737451
4247768
4247768
4247768
4247768
4247768
4243013
14722649
4243013
4243013
14722649
17402346
17402346
17402346
17402346
17402346
14738495
17401845
14738495
14738495
17401845
11110852
11110852
11110852
11110852
11110852
4248194
4248194
4248194
4248194
4248194
17415185
17415185
17415185
17415185
17415185
17403543
17403543
17403543
17403543
17403543
14745074
14745074
14745074
14745074
14745074
4245981
4245981
4245981
4245981
4245981
14740895
14740895
14740895
14740895
14740895
4237567
4238513
4239330
4239372
4239573
26749145
26749145
26749145
26749145
26749145
17403479
17403479
17403479
17403479
17403479
17413208
17413208
17413208
17413208
17413208
14744659
14744659
14744659
14744659
14744659
17416091
17416091
17416091
17416091
17416091
17411059
17411059
17411059
17411059
17411059
4238049
4238049
4238049
4238049
4238049
17414069
17414069
17414069
17414069
17414069
14722081
14722081
14722081
14722081
14722081
17406815
17406815
17406815
17406815
17406815
17410278
17410278
17410278
17410278
17410278
17409007
17409007
17409007
17409007
17409007
11111919
11111919
11111919
11111919
11111919
11111142
11111142
11111142
11111142
11111142
11111322
11111322
11111322
11111322
11111322
4238160
4239222
4240273
4240284
4238160
4238306
4238611
4238748
4239849
4239890
855894
17411147
855894
855894
17411147
4248295
4248295
4248295
4248295
4248295
14745099
14745099
14745099
14745099
14745099
851134
851134
851134
851134
851134
4250265
4250265
4250265
4250265
4250265
17390046
17390046
17390046
17390046
17390046
26748952
26748952
26748952
26748952
26748952
3715559
3715559
3715559
3715559
3715559
14722569
14722619
14722569
14722569
14722619
848731
848731
848731
848731
848731
17385138
17385188
17385192
17385234
17385236
11114080
11114080
11114080
11114080
11114080
17388710
17388710
17388710
17388710
17388710
17415007
17415007
17415007
17415007
17415007
17402285
17402285
17402285
17402285
17402285
14723186
14723186
14723186
14723186
14723186
11111244
11111327
11111244
11111244
11111327
14741127
17409365
14741127
14741127
17409365
17407826
17407826
17407826
17407826
17407826
17406953
17406953
17406953
17406953
17406953
14740813
14740814
14740813
14740813
14740814
11113693
11113693
11113693
11113693
11113693
26752734
26752734
26752734
26752734
26752734
17413746
17413746
17413746
17413746
17413746
14739744
14739744
14739744
14739744
14739744
4239637
4239925
4239637
4239637
4239925
14744642
14745962
14744642
14744642
14745962
26754132
26754132
26754132
26754132
26754132
26753847
26753855
26753859
26753863
26753865
11114161
11114161
11114161
11114161
11114161
14726400
14726400
14726400
14726400
14726400
11111368
11111368
11111368
11111368
11111368
26750983
26750983
26750983
26750983
26750983
17415293
17415293
17415293
17415293
17415293
17409648
17409648
17409648
17409648
17409648
17410001
17410001
17410001
17410001
17410001
4238933
4238933
4238933
4238933
4238933
17412989
17412989
17412989
17412989
17412989
11114027
11114027
11114027
11114027
11114027
14742729
14742729
14742729
14742729
14742729
4239301
4239301
4239301
4239301
4239301
4237877
4239034
4240024
4240153
4240164
4253492
11113607
4253492
4253492
11113607
14745040
14745040
14745040
14745040
14745040
17385547
17385562
17385565
17385547
17385562
4251678
4251678
4251678
4251678
4251678
17408009
17408009
17408009
17408009
17408009
14730624
14730624
14730624
14730624
14730624
11111572
11111572
11111572
11111572
11111572
14722625
14722625
14722625
14722625
14722625
14744976
14744976
14744976
14744976
14744976
14735081
14735081
14735081
14735081
14735081
7973436
7973436
7973436
7973436
7973436
17385141
17385175
17385201
17385220
17385239
17401401
17416239
17401401
17401401
17416239
14727268
14727268
14727268
14727268
14727268
4247569
4247569
4247569
4247569
4247569
847542
847542
847542
847542
847542
4237919
4239224
4239603
4240051
4237919
4248990
4248990
4248990
4248990
4248990
17408673
17408673
17408673
17408673
17408673
17411955
17411955
17411955
17411955
17411955
4239144
17408308
4239144
4239144
17408308
17403356
17413432
17403356
17403356
17413432
17407033
17408547
17407033
17407033
17408547
4240489
4240489
4240489
4240489
4240489
17415114
17415114
17415114
17415114
17415114
4238725
4238871
4238900
4239427
4239807
26754334
11110813
11112362
11113380
26754334
17415821
17415821
17415821
17415821
17415821
14727260
14727260
14727260
14727260
14727260
17414585
17414585
17414585
17414585
17414585
17402394
17402394
17402394
17402394
17402394
14745717
14745717
14745717
14745717
14745717
17407575
17407575
17407575
17407575
17407575
11111173
11111173
11111173
11111173
11111173
4239250
4239808
4239250
4239250
4239808
17406824
17406824
17406824
17406824
17406824
17414272
17414272
17414272
17414272
17414272
17387525
17387525
17387525
17387525
17387525
17412082
17412082
17412082
17412082
17412082
4250804
4250804
4250804
4250804
4250804
17402046
17402046
17402046
17402046
17402046
4241415
4241415
4241415
4241415
4241415
17410012
17410012
17410012
17410012
17410012
4245737
4245737
4245737
4245737
4245737
14744860
14744860
14744860
14744860
14744860
17401249
17401249
17401249
17401249
17401249
14745429
14745429
14745429
14745429
14745429
4245771
4245771
4245771
4245771
4245771
17402424
17402424
17402424
17402424
17402424
4252680
17410838
4252680
4252680
17410838
17408670
17412144
17408670
17408670
17412144
4251136
4251136
4251136
4251136
4251136
17408540
17408540
17408540
17408540
17408540
14734986
14734986
14734986
14734986
14734986
17387703
17387703
17387703
17387703
17387703
17414955
17414955
17414955
17414955
17414955
17401422
17401422
17401422
17401422
17401422
4245127
4245127
4245127
4245127
4245127
26752580
26752580
26752580
26752580
26752580
14744320
14744320
14744320
14744320
14744320
14745191
14745191
14745191
14745191
14745191
17414857
17414857
17414857
17414857
17414857
14741615
14741615
14741615
14741615
14741615
17389824
17389824
17389824
17389824
17389824
847923
4249800
847923
847923
4249800
11114172
11114172
11114172
11114172
11114172
26754117
26754117
26754117
26754117
26754117
4239662
4240468
4239662
4239662
4240468
17407794
17407794
17407794
17407794
17407794
14722641
14722641
14722641
14722641
14722641
14722635
14722635
14722635
14722635
14722635
4245025
4245025
4245025
4245025
4245025
17385179
17385219
17385288
17385179
17385219
842618
842618
842618
842618
842618
17385048
17385048
17385048
17385048
17385048
11113467
11113467
11113467
11113467
11113467
17401211
17401211
17401211
17401211
17401211
26752459
26752459
26752459
26752459
26752459
4237564
4238508
4237564
4237564
4238508
17402591
17409790
17402591
17402591
17409790
17413555
17413555
17413555
17413555
17413555
4245662
4246460
4245662
4245662
4246460
14727147
14727147
14727147
14727147
14727147
17408551
17408551
17408551
17408551
17408551
14726034
14726034
14726034
14726034
14726034
17406910
17407107
17406910
17406910
17407107
14744993
14744993
14744993
14744993
14744993
17416339
17416339
17416339
17416339
17416339
17403234
17403234
17403234
17403234
17403234
17415371
17415371
17415371
17415371
17415371
17408723
17408723
17408723
17408723
17408723
14742667
14742667
14742667
14742667
14742667
4242226
4252151
4242226
4242226
4252151
850038
14722626
850038
850038
14722626
17385099
17385099
17385099
17385099
17385099
4248748
4248748
4248748
4248748
4248748
847691
847691
847691
847691
847691
17415191
17415191
17415191
17415191
17415191
14732937
14732937
14732937
14732937
14732937
17414179
17414503
17414179
17414179
17414503
17415018
17415018
17415018
17415018
17415018
4252714
4252714
4252714
4252714
4252714
4244568
4244568
4244568
4244568
4244568
14745005
17413725
14745005
14745005
17413725
4237684
4237684
4237684
4237684
4237684
4242796
4242796
4242796
4242796
4242796
26753254
26753254
26753254
26753254
26753254
4238713
4240308
4238713
4238713
4240308
14744969
14744969
14744969
14744969
14744969
17413560
17413560
17413560
17413560
17413560
17406707
17406707
17406707
17406707
17406707
17403679
17407819
17403679
17403679
17407819
17385332
17385332
17385332
17385332
17385332
17409390
17409390
17409390
17409390
17409390
14724124
14734961
14724124
14724124
14734961
17412608
17412608
17412608
17412608
17412608
17408574
17408574
17408574
17408574
17408574
14737375
14737375
14737375
14737375
14737375
11111432
11112825
11113589
11113590
11111432
17384941
17384947
17384948
17384955
17384962
17413491
17413491
17413491
17413491
17413491
17385136
17385184
17385189
17385313
17385136
17407576
17407576
17407576
17407576
17407576
4239738
4239738
4239738
4239738
4239738
17407936
17407936
17407936
17407936
17407936
17402131
17402131
17402131
17402131
17402131
4246897
4246897
4246897
4246897
4246897
17408751
17408751
17408751
17408751
17408751
17408805
17408805
17408805
17408805
17408805
17384892
17384917
17384921
17384936
17384892
14722168
14722168
14722168
14722168
14722168
17387651
17387651
17387651
17387651
17387651
14727179
14727179
14727179
14727179
14727179
14722655
14722655
14722655
14722655
14722655
14738196
14738196
14738196
14738196
14738196
14743558
14743558
14743558
14743558
14743558
17413117
17413117
17413117
17413117
17413117
17412013
17415436
17412013
17412013
17415436
11114183
11114183
11114183
11114183
11114183
17412108
17412108
17412108
17412108
17412108
14740425
17412974
14740425
14740425
17412974
17401869
17401869
17401869
17401869
17401869
17410940
17410940
17410940
17410940
17410940
14738334
14738334
14738334
14738334
14738334
17414210
17414210
17414210
17414210
17414210
4238469
4238791
4238922
4239791
4240048
863831
863831
863831
863831
863831
11112729
11114097
11112729
11112729
11114097
17401153
17401153
17401153
17401153
17401153
17409746
17411160
17409746
17409746
17411160
11111820
11113948
11111820
11111820
11113948
17415055
17415055
17415055
17415055
17415055
4248861
4248861
4248861
4248861
4248861
17413113
17413113
17413113
17413113
17413113
4237769
4237809
4239071
4239718
4237769
11114467
11114490
11114502
11114467
11114490
17410364
17410364
17410364
17410364
17410364
17406699
17406699
17406699
17406699
17406699
11113620
11113620
11113620
11113620
11113620
17414880
17414880
17414880
17414880
17414880
4237482
4238079
4238343
4238715
14723719
4242895
4242895
4242895
4242895
4242895
14740859
14740859
14740859
14740859
14740859
11114256
11114256
11114256
11114256
11114256
14741006
14741006
14741006
14741006
14741006
14744742
14744742
14744742
14744742
14744742
17414626
17414626
17414626
17414626
17414626
11114140
11114140
11114140
11114140
11114140
14743378
14743378
14743378
14743378
14743378
4237634
4239320
4239904
4237634
4239320
17413125
17413125
17413125
17413125
17413125
17414365
17414365
17414365
17414365
17414365
4237616
4238544
4238653
4237616
4238544
11113691
11113691
11113691
11113691
11113691
17408845
17408845
17408845
17408845
17408845
17411269
17411504
17411269
17411269
17411504
14743319
14743319
14743319
14743319
14743319
14723683
14723683
14723683
14723683
14723683
14744557
14744557
14744557
14744557
14744557
17402542
17402542
17402542
17402542
17402542
14727249
14727249
14727249
14727249
14727249
17387788
17387788
17387788
17387788
17387788
17402754
17402754
17402754
17402754
17402754
17384902
17384930
17384902
17384902
17384930
17402038
17402038
17402038
17402038
17402038
4247136
4247136
4247136
4247136
4247136
4251191
4251191
4251191
4251191
4251191
14727086
14727086
14727086
14727086
14727086
17409294
17409294
17409294
17409294
17409294
17412059
17412059
17412059
17412059
17412059
14743140
17408457
14743140
14743140
17408457
26747890
4252885
26747890
26747890
4252885
17385131
17385158
17385164
17385171
17385178
17411479
17411479
17411479
17411479
17411479
17410679
17410679
17410679
17410679
17410679
14738950
14738950
14738950
14738950
14738950
4241113
4241113
4241113
4241113
4241113
17408167
17408167
17408167
17408167
17408167
17408890
17408890
17408890
17408890
17408890
26753229
26753229
26753229
26753229
26753229
17416244
17416244
17416244
17416244
17416244
26749476
26749476
26749476
26749476
26749476
11114210
11114210
11114210
11114210
11114210
17412051
17412051
17412051
17412051
17412051
851303
851303
851303
851303
851303
14734490
17411919
14734490
14734490
17411919
14742081
14745093
14742081
14742081
14745093
4249311
4249311
4249311
4249311
4249311
14743165
14743165
14743165
14743165
14743165
17410781
17410781
17410781
17410781
17410781
17411818
17411818
17411818
17411818
17411818
4245045
4249918
4245045
4245045
4249918
14738954
17408724
14738954
14738954
17408724
4248530
4248530
4248530
4248530
4248530
14740175
14740175
14740175
14740175
14740175
17408611
17408611
17408611
17408611
17408611
4246321
4246321
4246321
4246321
4246321
14744594
14744594
14744594
14744594
14744594
17384883
17384928
17384883
17384883
17384928
17387545
17387545
17387545
17387545
17387545
14743412
14743412
14743412
14743412
14743412
4237532
4237532
4237532
4237532
4237532
4240670
4240670
4240670
4240670
4240670
17415514
17415514
17415514
17415514
17415514
11112711
11112711
11112711
11112711
11112711
17413356
17413356
17413356
17413356
17413356
17401408
17401408
17401408
17401408
17401408
17407930
17407930
17407930
17407930
17407930
17411371
17411371
17411371
17411371
17411371
14734081
14734081
14734081
14734081
14734081
14738370
14738370
14738370
14738370
14738370
11114220
17409280
11114220
11114220
17409280
17407485
17407485
17407485
17407485
17407485
17402532
17402532
17402532
17402532
17402532
17387640
17408479
17387640
17387640
17408479
26750002
26754236
26750002
26750002
26754236
17385457
17385457
17385457
17385457
17385457
4238123
4238578
4240329
4238123
4238578
26749590
26749590
26749590
26749590
26749590
17413822
17413822
17413822
17413822
17413822
4238617
4238774
4239249
4238617
4238774
17408677
17408677
17408677
17408677
17408677
14743564
14743564
14743564
14743564
14743564
4238926
4240111
4240419
4238926
4240111
14726715
14726715
14726715
14726715
14726715
14745850
14745850
14745850
14745850
14745850
4245288
4248182
4245288
4245288
4248182
17385574
17385574
17385574
17385574
17385574
26753192
26753192
26753192
26753192
26753192
17413960
17413960
17413960
17413960
17413960
14741144
14741144
14741144
14741144
14741144
17416337
17416337
17416337
17416337
17416337
17406654
17406654
17406654
17406654
17406654
14729949
14729949
14729949
14729949
14729949
4238684
4238882
4239266
4238684
4238882
17406970
17406970
17406970
17406970
17406970
17413646
17413646
17413646
17413646
17413646
17409271
17409271
17409271
17409271
17409271
17409947
17409947
17409947
17409947
17409947
26751175
26751175
26751175
26751175
26751175
17412856
17412856
17412856
17412856
17412856
17410572
17410572
17410572
17410572
17410572
14740860
14740860
14740860
14740860
14740860
4251736
4251736
4251736
4251736
4251736
17411347
17411347
17411347
17411347
17411347
17406569
17406569
17406569
17406569
17406569
17416367
17416367
17416367
17416367
17416367
4248214
4251093
17401961
4248214
4251093
17413952
17413952
17413952
17413952
17413952
17385135
17385155
17385289
17385135
17385155
17406681
17406681
17406681
17406681
17406681
4240531
4240531
4240531
4240531
4240531
4240589
4240589
4240589
4240589
4240589
4242953
4242953
4242953
4242953
4242953
11111107
11111107
11111107
11111107
11111107
17408254
17408254
17408254
17408254
17408254
26750982
26750982
26750982
26750982
26750982
17415149
17415329
17415149
17415149
17415329
17415077
17415077
17415077
17415077
17415077
14727164
14727164
14727164
14727164
14727164
17401852
17401852
17401852
17401852
17401852
17402362
17402362
17402362
17402362
17402362
17387498
17387498
17387498
17387498
17387498
17411421
17411421
17411421
17411421
17411421
17407632
17407632
17407632
17407632
17407632
26752675
26752675
26752675
26752675
26752675
4248304
4248304
4248304
4248304
4248304
4248944
11114063
4248944
4248944
11114063
26754121
17402359
26754121
26754121
17402359
17415896
17415896
17415896
17415896
17415896
11114005
11114005
11114005
11114005
11114005
17408960
17408960
17408960
17408960
17408960
14742110
14742110
14742110
14742110
14742110
11114194
11114194
11114194
11114194
11114194
14745786
14745786
14745786
14745786
14745786
26751059
26751059
26751059
26751059
26751059
26749216
26749216
26749216
26749216
26749216
7973357
7973357
7973357
7973357
7973357
17413948
17413948
17413948
17413948
17413948
17407509
17407509
17407509
17407509
17407509
17412632
17412632
17412632
17412632
17412632
4246203
4246203
4246203
4246203
4246203
17408644
17408644
17408644
17408644
17408644
17408901
17408901
17408901
17408901
17408901
17384952
17384953
17384989
17384990
17384952
4242702
4242702
4242702
4242702
4242702
860207
14744854
860207
860207
14744854
17387855
17387855
17387855
17387855
17387855
17408728
17408728
17408728
17408728
17408728
17403046
17403046
17403046
17403046
17403046
17385041
17385041
17385041
17385041
17385041
14724135
14724135
14724135
14724135
14724135
4248128
4248128
4248128
4248128
4248128
11114152
17408654
11114152
11114152
17408654
17387488
17387488
17387488
17387488
17387488
17401876
17401876
17401876
17401876
17401876
17388829
26748322
17388829
17388829
26748322
17409084
17409084
17409084
17409084
17409084
11113832
11113832
11113832
11113832
11113832
17407707
17407707
17407707
17407707
17407707
14742392
14742392
14742392
14742392
14742392
14745801
14745801
14745801
14745801
14745801
14742269
14742269
14742269
14742269
14742269
4237753
14744477
4237753
4237753
14744477
14722171
14722171
14722171
14722171
14722171
14731049
14731049
14731049
14731049
14731049
17384950
17384951
17384950
17384950
17384951
14742683
14742683
14742683
14742683
14742683
17385078
17385078
17385078
17385078
17385078
4249697
4249697
4249697
4249697
4249697
4237841
4237841
4237841
4237841
4237841
14731969
14731969
14731969
14731969
14731969
3712157
3712157
3712157
3712157
3712157
4254289
4254289
4254289
4254289
4254289
17387759
17387759
17387759
17387759
17387759
7976196
7976196
7976196
7976196
7976196
17412881
17412881
17412881
17412881
17412881
4238592
4238829
4238877
4240439
4238592
14742296
14742296
14742296
14742296
14742296
17401311
17401311
17401311
17401311
17401311
17411476
17411476
17411476
17411476
17411476
4245496
4245496
4245496
4245496
4245496
17413092
17413092
17413092
17413092
17413092
17384873
17384903
17384906
17384873
17384903
17413115
17413115
17413115
17413115
17413115
17411005
17411005
17411005
17411005
17411005
26749950
26749950
26749950
26749950
26749950
17387872
17387872
17387872
17387872
17387872
14744658
14744658
14744658
14744658
14744658
14723744
14723744
14723744
14723744
14723744
17390045
17390045
17390045
17390045
17390045
14732562
14732562
14732562
14732562
14732562
17413528
17413528
17413528
17413528
17413528
17410729
17410729
17410729
17410729
17410729
856019
856019
856019
856019
856019
4242931
17414483
4242931
4242931
17414483
17402531
17402531
17402531
17402531
17402531
26749552
26749552
26749552
26749552
26749552
11111076
11111076
11111076
11111076
11111076
4243252
17410529
4243252
4243252
17410529
11113564
11113564
11113564
11113564
11113564
861921
861921
861921
861921
861921
17415775
17415775
17415775
17415775
17415775
14726036
14726036
14726036
14726036
14726036
17385142
17385153
17385266
17385325
17385142
17389478
17389478
17389478
17389478
17389478
17406893
17406893
17406893
17406893
17406893
4239551
4239793
4239551
4239551
4239793
14745894
14745894
14745894
14745894
14745894
17407471
17407471
17407471
17407471
17407471
4239908
4239908
4239908
4239908
4239908
861899
861899
861899
861899
861899
17387655
17387655
17387655
17387655
17387655
4253432
4253432
4253432
4253432
4253432
26751142
26751142
26751142
26751142
26751142
4248196
4248196
4248196
4248196
4248196
14726064
14726064
14726064
14726064
14726064
17384870
17384872
17384890
17384894
17384926
17402119
17402119
17402119
17402119
17402119
26754372
26754372
26754372
26754372
26754372
17385060
17385129
17385060
17385060
17385129
17413699
17413699
17413699
17413699
17413699
17403580
17403580
17403580
17403580
17403580
11111687
11111687
11111687
11111687
11111687
4252684
14727076
4252684
4252684
14727076
11113752
11113752
11113752
11113752
11113752
17385540
17385540
17385540
17385540
17385540
4239646
4240236
4239646
4239646
4240236
26752692
26752692
26752692
26752692
26752692
14740471
14744640
14745309
14740471
14744640
17384969
17384978
17384992
17384969
17384978
17409316
17409316
17409316
17409316
17409316
17412143
17412143
17412143
17412143
17412143
17385134
17385308
17385330
17385134
17385308
17411641
17411641
17411641
17411641
17411641
17401912
17401912
17401912
17401912
17401912
4241718
4241718
4241718
4241718
4241718
17412023
17412023
17412023
17412023
17412023
26751197
26751197
26751197
26751197
26751197
4248885
4248885
4248885
4248885
4248885
17413223
17413638
17414505
17413223
17413638
14737475
14737475
14737475
14737475
14737475
14744673
14744673
14744673
14744673
14744673
17411779
17411779
17411779
17411779
17411779
17401972
17401972
17401972
17401972
17401972
14723726
14740359
14723726
14723726
14740359
17401936
17401936
17401936
17401936
17401936
17407817
17407817
17407817
17407817
17407817
14723731
14723731
14723731
14723731
14723731
17385333
17385333
17385333
17385333
17385333
4237869
4238390
4238451
4238891
4237869
11111311
11114091
11114225
11111311
11114091
17385130
17385143
17385147
17385161
17385162
4238227
4238392
4239619
4238227
4238392
14745303
14745303
14745303
14745303
14745303
26752669
26752681
26752669
26752669
26752681
17415374
17415374
17415374
17415374
17415374
17385342
17385342
17385342
17385342
17385342
4239134
4240323
4239134
4239134
4240323
14745522
14745522
14745522
14745522
14745522
17414902
17414902
17414902
17414902
17414902
17410504
17410504
17410504
17410504
17410504
4248417
4248417
4248417
4248417
4248417
17384868
17384939
17384868
17384868
17384939
11111058
11111058
11111058
11111058
11111058
4240286
4240286
4240286
4240286
4240286
14735735
14735735
14735735
14735735
14735735
17385564
11111621
17385564
17385564
11111621
17413625
17413625
17413625
17413625
17413625
860968
860968
860968
860968
860968
17412200
17412200
17412200
17412200
17412200
17412197
17415612
17412197
17412197
17415612
14745166
17406908
14745166
14745166
17406908
4237772
4240420
4237772
4237772
4240420
4237686
11113504
4237686
4237686
11113504
14724088
14724088
14724088
14724088
14724088
26752442
26752442
26752442
26752442
26752442
17384887
17384891
17384920
17384887
17384891
17413093
17413093
17413093
17413093
17413093
17409848
17409848
17409848
17409848
17409848
11113698
17413228
11113698
11113698
17413228
17410895
17410895
17410895
17410895
17410895
14745347
14745347
14745347
14745347
14745347
11111623
11111623
11111623
11111623
11111623
17407522
17407522
17407522
17407522
17407522
14745131
14745131
14745131
14745131
14745131
14741041
14741041
14741041
14741041
14741041
4238007
4238183
4238329
4238707
4240279
17409689
17409689
17409689
17409689
17409689
14723734
14723734
14723734
14723734
14723734
4252268
4252268
4252268
4252268
4252268
26750975
26750975
26750975
26750975
26750975
17412035
17412145
17412035
17412035
17412145
4250954
4250954
4250954
4250954
4250954
17412858
17412858
17412858
17412858
17412858
17402789
17402789
17402789
17402789
17402789
14725999
14725999
14725999
14725999
14725999
14735677
14735677
14735677
14735677
14735677
4246835
4246835
4246835
4246835
4246835
17385170
17385170
17385170
17385170
17385170
4251352
4251352
4251352
4251352
4251352
11113872
11113872
11113872
11113872
11113872
17387770
17387770
17387770
17387770
17387770
14738200
14738200
14738200
14738200
14738200
17414998
17414998
17414998
17414998
17414998
4243588
14724121
4243588
4243588
14724121
17384884
17384922
17384884
17384884
17384922
17388810
17388810
17388810
17388810
17388810
14723770
14723770
14723770
14723770
14723770
17408784
17408784
17408784
17408784
17408784
17410600
17410600
17410600
17410600
17410600
14745998
14745998
14745998
14745998
14745998
3717932
3717932
3717932
3717932
3717932
17413899
17413899
17413899
17413899
17413899
26751240
26751241
26751242
26751259
26751260
17408652
17408652
17408652
17408652
17408652
14734880
14734880
14734880
14734880
14734880
17410640
17410640
17410640
17410640
17410640
14745330
14745937
14745330
14745330
14745937
26750795
26750795
26750795
26750795
26750795
17387919
17387919
17387919
17387919
17387919
4254170
4254170
4254170
4254170
4254170
17385105
17385105
17385105
17385105
17385105
17415930
17415930
17415930
17415930
17415930
26752507
26752507
26752507
26752507
26752507
4237868
4237868
4237868
4237868
4237868
11112840
11112840
11112840
11112840
11112840
17406571
17406571
17406571
17406571
17406571
11110832
17387610
11110832
11110832
17387610
17402434
17402434
17402434
17402434
17402434
4242540
4249823
4242540
4242540
4249823
17402440
17415918
17402440
17402440
17415918
845245
845245
845245
845245
845245
17413077
17413077
17413077
17413077
17413077
11111098
11111098
11111098
11111098
11111098
14726407
14726407
14726407
14726407
14726407
7977783
7977783
7977783
7977783
7977783
14742693
14742693
14742693
14742693
14742693
17385132
17385144
17385145
17385146
17385148
14744761
14745221
14744761
14744761
14745221
4242281
4242281
4242281
4242281
4242281
4238377
4240182
4238377
4238377
4240182
17408936
17408936
17408936
17408936
17408936
17408904
17408904
17408904
17408904
17408904
17408938
17409268
17408938
17408938
17409268
17402297
17402297
17402297
17402297
17402297
17385301
17385339
17385301
17385301
17385339
17407112
17407112
17407112
17407112
17407112
17415943
17415943
17415943
17415943
17415943
17410102
17410102
17410102
17410102
17410102
17385080
17385080
17385080
17385080
17385080
17406793
17406793
17406793
17406793
17406793
847058
861833
4251657
847058
861833
11112721
11112721
11112721
11112721
11112721
17401212
17401212
17401212
17401212
17401212
17403634
17403634
17403634
17403634
17403634
17406785
17414969
17406785
17406785
17414969
14741109
14741109
14741109
14741109
14741109
17408440
17408440
17408440
17408440
17408440
26754368
26754369
26754368
26754368
26754369
17387621
17387621
17387621
17387621
17387621
17408211
17408211
17408211
17408211
17408211
4245472
4245472
4245472
4245472
4245472
4243385
4243385
4243385
4243385
4243385
17410914
17410914
17410914
17410914
17410914
14742346
14742346
14742346
14742346
14742346
4240963
4240963
4240963
4240963
4240963
17412992
17412992
17412992
17412992
17412992
17409715
17409715
17409715
17409715
17409715
14741624
14741624
14741624
14741624
14741624
17385122
17385122
17385122
17385122
17385122
17409914
17409914
17409914
17409914
17409914
11114047
11114047
11114047
11114047
11114047
17415921
17415921
17415921
17415921
17415921
4240392
4240392
4240392
4240392
4240392
17407949
17407949
17407949
17407949
17407949
14745129
14745129
14745129
14745129
14745129
17410614
17416145
17410614
17410614
17416145
4243278
4243278
4243278
4243278
4243278
17402526
17402526
17402526
17402526
17402526
17408994
17408994
17408994
17408994
17408994
17402652
17402652
17402652
17402652
17402652
11111002
11111002
11111002
11111002
11111002
17413221
17413221
17413221
17413221
17413221
14737416
14737416
14737416
14737416
14737416
17410015
17410015
17410015
17410015
17410015
4248739
4248739
4248739
4248739
4248739
17406779
17406779
17406779
17406779
17406779
17415751
17415751
17415751
17415751
17415751
17385312
17385312
17385312
17385312
17385312
4238259
4240127
4238259
4238259
4240127
17403177
17403177
17403177
17403177
17403177
7974907
7974907
7974907
7974907
7974907
17412032
17412032
17412032
17412032
17412032
861640
861640
861640
861640
861640
17387896
17387896
17387896
17387896
17387896
14734085
14734085
14734085
14734085
14734085
4238483
4239032
4239392
4240288
4238483
11112695
11112695
11112695
11112695
11112695
17410570
17410570
17410570
17410570
17410570
17414436
17414436
17414436
17414436
17414436
4243337
4243337
4243337
4243337
4243337
17385504
17385513
17385544
17385571
3714832
14737570
14737570
14737570
14737570
14737570
14742112
14742112
14742112
14742112
14742112
4237893
4237893
4237893
4237893
4237893
17410010
17410172
17410010
17410010
17410172
11110831
11110831
11110831
11110831
11110831
4237629
4237629
4237629
4237629
4237629
17416180
17416180
17416180
17416180
17416180
17401149
17401149
17401149
17401149
17401149
26752365
26752365
26752365
26752365
26752365
4239352
4239352
4239352
4239352
4239352
4242971
4242971
4242971
4242971
4242971
17413386
17413386
17413386
17413386
17413386
11112680
11112680
11112680
11112680
11112680
14743665
14743665
14743665
14743665
14743665
4244144
4244144
4244144
4244144
4244144
17416251
17416251
17416251
17416251
17416251
17384944
17384945
17384944
17384944
17384945
26752733
26752733
26752733
26752733
26752733
17414907
17414907
17414907
17414907
17414907
17388606
17388606
17388606
17388606
17388606
14733826
14733826
14733826
14733826
14733826
14723925
14723925
14723925
14723925
14723925
4240063
4240291
4240428
4240063
4240291
4238498
4239645
4238498
4238498
4239645
14726111
14726111
14726111
14726111
14726111
17402384
17402384
17402384
17402384
17402384
14741821
17401148
14741821
14741821
17401148
17413165
17413165
17413165
17413165
17413165
4250103
4250103
4250103
4250103
4250103
26752697
26752697
26752697
26752697
26752697
14741366
14741366
14741366
14741366
14741366
17403206
17408638
17403206
17403206
17408638
4238069
4238864
4240134
4240360
4238069
14743344
14743344
14743344
14743344
14743344
11113820
11113820
11113820
11113820
11113820
14743492
14743492
14743492
14743492
14743492
4238834
4238931
4238834
4238834
4238931
17410563
17410563
17410563
17410563
17410563
17406650
17406650
17406650
17406650
17406650
14741616
14741616
14741616
14741616
14741616
14744987
14744987
14744987
14744987
14744987
17385257
17385257
17385257
17385257
17385257
17411743
17411743
17411743
17411743
17411743
848129
848129
848129
848129
848129
14744397
14744397
14744397
14744397
14744397
17401870
17401870
17401870
17401870
17401870
26751245
26751263
26751245
26751245
26751263
17409191
17409191
17409191
17409191
17409191
17389076
17389076
17389076
17389076
17389076
26751193
26751193
26751193
26751193
26751193
17406659
17406659
17406659
17406659
17406659
17409351
17409351
17409351
17409351
17409351
17387667
17387667
17387667
17387667
17387667
17407395
17407395
17407395
17407395
17407395
11113641
14742830
11113641
11113641
14742830
4242577
17408104
4242577
4242577
17408104
17408406
17408406
17408406
17408406
17408406
17402257
17402257
17402257
17402257
17402257
17414631
17414631
17414631
17414631
17414631
17413693
17413693
17413693
17413693
17413693
17415332
17415332
17415332
17415332
17415332
14745128
14745128
14745128
14745128
14745128
4249223
4249223
4249223
4249223
4249223
17385355
17385375
17384885
17384893
17385355
17387755
17416136
17387755
17387755
17416136
17413600
17413600
17413600
17413600
17413600
17415854
17415854
17415854
17415854
17415854
17408914
17413131
17408914
17408914
17413131
17414357
17414357
17414357
17414357
17414357
4238875
4239677
4240053
14741129
4238875
14722903
14722903
14722903
14722903
14722903
11111845
11111845
11111845
11111845
11111845
11114454
11114454
11114454
11114454
11114454
14724169
14724169
14724169
14724169
14724169
11111843
11111843
11111843
11111843
11111843
4244593
4244593
4244593
4244593
4244593
17385588
17385588
17385588
17385588
17385588
17389232
17389232
17389232
17389232
17389232
11111964
11111964
11111964
11111964
11111964
17389944
17389944
17389944
17389944
17389944
4240592
4240592
4240592
4240592
4240592
17414607
17414607
17414607
17414607
17414607
4238356
4238714
4239270
4238356
4238714
17385300
17385300
17385300
17385300
17385300
17407358
17407358
17407358
17407358
17407358
4241126
17408236
17408550
17413142
4241126
4238703
4238703
4238703
4238703
4238703
4238090
4238219
4238090
4238090
4238219
17415066
17415066
17415066
17415066
17415066
26753597
4241369
26753597
26753597
4241369
14743565
14743565
14743565
14743565
14743565
17384998
17412984
17384998
17384998
17412984
4245285
4245285
4245285
4245285
4245285
4241903
4241903
4241903
4241903
4241903
4253251
11112300
4253251
4253251
11112300
4237609
4237631
4238099
4238122
4238602
14742054
14742054
14742054
14742054
14742054
17406594
17406594
17406594
17406594
17406594
14732083
14732083
14732083
14732083
14732083
4250052
4250052
4250052
4250052
4250052
4240883
4240883
4240883
4240883
4240883
14727198
14727198
14727198
14727198
14727198
4246238
4246238
4246238
4246238
4246238
14743586
14743586
14743586
14743586
14743586
4242733
4246287
4242733
4242733
4246287
17410657
17410657
17410657
17410657
17410657
4239751
4239751
4239751
4239751
4239751
4247459
4247459
4247459
4247459
4247459
26752695
26752723
26752725
26752695
26752723
17408985
17408985
17408985
17408985
17408985
4238852
4238852
4238852
4238852
4238852
17408461
17413937
17408461
17408461
17413937
4238118
4240204
4238118
4238118
4240204
14726080
14726080
14726080
14726080
14726080
14734251
14742564
14734251
14734251
14742564
17410585
17415893
17410585
17410585
17415893
4246970
4246970
4246970
4246970
4246970
17414486
17414486
17414486
17414486
17414486
4253409
4253409
4253409
4253409
4253409
17387584
17416121
17387584
17387584
17416121
17413562
17413562
17413562
17413562
17413562
14724018
14724018
14724018
14724018
14724018
17402116
17402116
17402116
17402116
17402116
17412887
17412887
17412887
17412887
17412887
4238946
4239155
4239161
4238946
4239155
17408929
17408929
17408929
17408929
17408929
17401471
17409072
17401471
17401471
17409072
17413883
17413883
17413883
17413883
17413883
849465
849465
849465
849465
849465
14723800
14723800
14723800
14723800
14723800
26750869
26750869
26750869
26750869
26750869
14745853
14745853
14745853
14745853
14745853
4243362
4243362
4243362
4243362
4243362
11112389
11112389
11112389
11112389
11112389
4239806
4239806
4239806
4239806
4239806
17402124
17402124
17402124
17402124
17402124
14731458
17407618
17415036
14731458
17407618
4253693
4253693
4253693
4253693
4253693
17414252
17414252
17414252
17414252
17414252
26753282
26753282
26753282
26753282
26753282
17411110
17411110
17411110
17411110
17411110
14723746
14723746
14723746
14723746
14723746
17388318
17388318
17388318
17388318
17388318
17402077
17410568
17402077
17402077
17410568
4247785
4247785
4247785
4247785
4247785
11112690
11112690
11112690
11112690
11112690
17414839
17414839
17414839
17414839
17414839
17408514
17408514
17408514
17408514
17408514
4243335
4243335
4243335
4243335
4243335
3712461
3712461
3712461
3712461
3712461
3715068
16953913
3715068
3715068
16953913
3717861
3717861
3717861
3717861
3717861
26749468
26749468
26749468
26749468
26749468
4242495
4242495
4242495
4242495
4242495
4246428
4246428
4246428
4246428
4246428
4238966
4238966
4238966
4238966
4238966
14745011
14745011
14745011
14745011
14745011
14735331
14735331
14735331
14735331
14735331
11114259
11114259
11114259
11114259
11114259
17385052
17385052
17385052
17385052
17385052
14722666
14722666
14722666
14722666
14722666
14743069
14743069
14743069
14743069
14743069
17409421
17409421
17409421
17409421
17409421
17408180
17408180
17408180
17408180
17408180
17411797
17411797
17411797
17411797
17411797
11114028
17403382
11114028
11114028
17403382
17414642
17414642
17414642
17414642
17414642
17415121
17415121
17415121
17415121
17415121
17409787
17409939
17409970
17409787
17409939
17410437
17410437
17410437
17410437
17410437
4242640
4242640
4242640
4242640
4242640
17414111
17414111
17414111
17414111
17414111
4254144
4254144
4254144
4254144
4254144
17385077
17385077
17385077
17385077
17385077
11111297
11114144
11111297
11111297
11114144
17409555
17409555
17409555
17409555
17409555
17413309
17413530
17413309
17413309
17413530
17413370
17413370
17413370
17413370
17413370
17415847
17415847
17415847
17415847
17415847
17414924
17414924
17414924
17414924
17414924
17387898
17411966
17415139
17387898
17411966
17408288
17408288
17408288
17408288
17408288
17414339
17414339
17414339
17414339
17414339
17408317
17408317
17408317
17408317
17408317
860472
860472
860472
860472
860472
14724096
14724096
14724096
14724096
14724096
11113601
11113601
11113601
11113601
11113601
17415955
17415955
17415955
17415955
17415955
17412218
17412218
17412218
17412218
17412218
4254036
4254036
4254036
4254036
4254036
17406706
17406706
17406706
17406706
17406706
4248573
4248573
4248573
4248573
4248573
17385070
17385070
17385070
17385070
17385070
4253803
4253803
4253803
4253803
4253803
17410723
17410723
17410723
17410723
17410723
17408542
17415358
17408542
17408542
17415358
17407331
17407331
17407331
17407331
17407331
17415249
17415249
17415249
17415249
17415249
4241630
4241630
4241630
4241630
4241630
17387443
17387443
17387443
17387443
17387443
17389044
14741046
17389044
17389044
14741046
17408806
17408806
17408806
17408806
17408806
26754357
26754357
26754357
26754357
26754357
4238440
4239238
4239540
4239632
4239701
14741693
14741693
14741693
14741693
14741693
17414429
17414429
17414429
17414429
17414429
4237633
4239488
4237633
4237633
4239488
26753893
26753893
26753893
26753893
26753893
4242606
4242606
4242606
4242606
4242606
17403082
17403082
17403082
17403082
17403082
4251450
4251450
4251450
4251450
4251450
14744868
14744868
14744868
14744868
14744868
14743508
14745425
14743508
14743508
14745425
14724134
14724134
14724134
14724134
14724134
17407725
17407725
17407725
17407725
17407725
14744614
14744614
14744614
14744614
14744614
14740121
14740121
14740121
14740121
14740121
17385001
17385001
17385001
17385001
17385001
17402067
17402067
17402067
17402067
17402067
17389826
17389826
17389826
17389826
17389826
17410448
17410448
17410448
17410448
17410448
4237802
4238972
4239178
4239313
4239559
17406895
17406895
17406895
17406895
17406895
26750034
17415174
17415877
26750034
17415174
11110916
11110916
11110916
11110916
11110916
26749544
26749544
26749544
26749544
26749544
4251889
4251889
4251889
4251889
4251889
17411650
17411650
17411650
17411650
17411650
4240389
4240389
4240389
4240389
4240389
17408020
17410509
17408020
17408020
17410509
14745114
14745114
14745114
14745114
14745114
4237971
4238421
17409810
17410350
4237971
11113366
11113366
11113366
11113366
11113366
17401342
17401342
17401342
17401342
17401342
14741009
17407739
17413436
14741009
17407739
11111776
11111776
11111776
11111776
11111776
17413821
17413821
17413821
17413821
17413821
4246248
4246248
4246248
4246248
4246248
17414845
17414845
17414845
17414845
17414845
4252438
4252438
4252438
4252438
4252438
4253234
4253234
4253234
4253234
4253234
4238923
4239965
4238923
4238923
4239965
17409972
17409972
17409972
17409972
17409972
4244229
4244229
4244229
4244229
4244229
11113967
11113967
11113967
11113967
11113967
17414556
17414556
17414556
17414556
17414556
4242076
4242076
4242076
4242076
4242076
14733929
14733929
14733929
14733929
14733929
17386655
17411708
26751140
17386655
17411708
4254288
4254288
4254288
4254288
4254288
3713022
3713022
3713022
3713022
3713022
4239380
4239671
4240467
4239380
4239671
4244940
4244940
4244940
4244940
4244940
17413671
17413671
17413671
17413671
17413671
17413250
17413250
17413250
17413250
17413250
26754113
26754113
26754113
26754113
26754113
4238996
4239095
4238996
4238996
4239095
11110760
11110760
11110760
11110760
11110760
17410274
17410274
17410274
17410274
17410274
17414896
17414896
17414896
17414896
17414896
17402213
17402213
17402213
17402213
17402213
4239983
17407009
4239983
4239983
17407009
4248260
7972985
4248260
4248260
7972985
14723702
14723702
14723702
14723702
14723702
4241688
4241688
4241688
4241688
4241688
4241555
4241555
4241555
4241555
4241555
4237749
4237899
4239773
4237749
4237899
11114106
11114106
11114106
11114106
11114106
4252619
4252619
4252619
4252619
4252619
14727064
14727064
14727064
14727064
14727064
14734842
14734842
14734842
14734842
14734842
17411543
17411543
17411543
17411543
17411543
3713415
3713415
3713415
3713415
3713415
17409778
17410402
17409778
17409778
17410402
4241509
4252239
4241509
4241509
4252239
17402076
17402076
17402076
17402076
17402076
14722620
14722620
14722620
14722620
14722620
17410086
17410086
17410086
17410086
17410086
17401896
17401896
17401896
17401896
17401896
17387766
17387766
17387766
17387766
17387766
855954
855954
855954
855954
855954
4238319
4239856
4238319
4238319
4239856
17411022
17411022
17411022
17411022
17411022
4238853
4238853
4238853
4238853
4238853
17411151
17411151
17411151
17411151
17411151
4239564
4239917
4239564
4239564
4239917
17414020
17414020
17414020
17414020
17414020
14745067
14745067
14745067
14745067
14745067
4241754
4249121
4241754
4241754
4249121
14743550
14743550
14743550
14743550
14743550
17413769
17413769
17413769
17413769
17413769
17413542
17413542
17413542
17413542
17413542
17402316
17402316
17402316
17402316
17402316
17416017
17416017
17416017
17416017
17416017
17413738
17414685
17413738
17413738
17414685
17384973
17384973
17384973
17384973
17384973
17413714
17413714
17413714
17413714
17413714
4240086
4240086
4240086
4240086
4240086
4252359
4252359
4252359
4252359
4252359
4237931
4238147
4238347
4237931
4238147
11111349
11111349
11111349
11111349
11111349
17406713
17406713
17406713
17406713
17406713
4239296
4239296
4239296
4239296
4239296
4254154
4254154
4254154
4254154
4254154
14743213
14743213
14743213
14743213
14743213
17413778
17413778
17413778
17413778
17413778
17410310
17410310
17410310
17410310
17410310
16953101
16953101
16953101
16953101
16953101
14737064
14737064
14737064
14737064
14737064
17385545
17385563
17385566
17385545
17385563
861075
4247554
4250334
861075
4247554
17410087
17410089
17410087
17410087
17410089
4241857
4241857
4241857
4241857
4241857
14723724
17414869
14723724
14723724
17414869
17402336
17402336
17402336
17402336
17402336
11111733
11113929
11111733
11111733
11113929
11111434
11111434
11111434
11111434
11111434
14745230
14745230
14745230
14745230
14745230
11113671
11113671
11113671
11113671
11113671
17415378
17415378
17415378
17415378
17415378
17403132
17403132
17403132
17403132
17403132
14727305
14727305
14727305
14727305
14727305
14740296
14740296
14740296
14740296
14740296
4250303
14726726
4250303
4250303
14726726
11111890
11111890
11111890
11111890
11111890
4238487
4238487
4238487
4238487
4238487
17403585
17403585
17403585
17403585
17403585
17387510
17387510
17387510
17387510
17387510
17410029
17410029
17410029
17410029
17410029
7974447
7974447
7974447
7974447
7974447
17416322
17416322
17416322
17416322
17416322
4245908
4245908
4245908
4245908
4245908
26753158
26753158
26753158
26753158
26753158
17410027
17410027
17410027
17410027
17410027
14727157
14727157
14727157
14727157
14727157
4249447
4249447
4249447
4249447
4249447
4249854
14726106
14741962
4249854
14726106
26753276
26753276
26753276
26753276
26753276
17387742
17387742
17387742
17387742
17387742
17416103
17416103
17416103
17416103
17416103
4241521
4241521
4241521
4241521
4241521
17414300
17414300
17414300
17414300
17414300
17411770
17411770
17411770
17411770
17411770
4238172
4239073
4239147
4240297
4238172
17414894
17414894
17414894
17414894
17414894
17384984
17385063
17384984
17384984
17385063
14732942
14732942
14732942
14732942
14732942
17415677
17415677
17415677
17415677
17415677
17413156
17413156
17413156
17413156
17413156
14745696
14745696
14745696
14745696
14745696
11114067
11114067
11114067
11114067
11114067
14744590
14744590
14744590
14744590
14744590
4237903
4237903
4237903
4237903
4237903
4249467
4249467
4249467
4249467
4249467
4249803
4249803
4249803
4249803
4249803
17408977
17408977
17408977
17408977
17408977
17384905
17384905
17384905
17384905
17384905
17410491
17411277
17410491
17410491
17411277
14722190
14722190
14722190
14722190
14722190
4238569
4238990
4239957
4238569
4238990
17402301
17402301
17402301
17402301
17402301
4241373
4245292
17414304
4241373
4245292
4238784
4238909
4238784
4238784
4238909
4237940
4240008
4237940
4237940
4240008
17413858
17413858
17413858
17413858
17413858
4237847
4238263
4238690
4239636
4239978
4239469
4240388
17416110
4239469
4240388
17389693
17413915
17389693
17389693
17413915
17385438
17385438
17385438
17385438
17385438
17410395
17410395
17410395
17410395
17410395
845652
845652
845652
845652
845652
859703
859703
859703
859703
859703
17414754
17414754
17414754
17414754
17414754
17412139
17412139
17412139
17412139
17412139
17411666
17411666
17411666
17411666
17411666
14744777
14744777
14744777
14744777
14744777
4239507
4239507
4239507
4239507
4239507
17413076
17413076
17413076
17413076
17413076
4238349
4238349
4238349
4238349
4238349
17408878
17408878
17408878
17408878
17408878
17413642
17413642
17413642
17413642
17413642
17387641
17387641
17387641
17387641
17387641
3712355
14744404
3712355
3712355
14744404
14735678
14735678
14735678
14735678
14735678
17414591
17414591
17414591
17414591
17414591
17403551
17410913
17403551
17403551
17410913
17413178
17413178
17413178
17413178
17413178
14745116
14745116
14745116
14745116
14745116
17414371
17414371
17414371
17414371
17414371
14737407
14737407
14737407
14737407
14737407
4238136
4238865
4239052
4239323
4239794
861425
4246827
26751139
861425
4246827
14739437
14739437
14739437
14739437
14739437
26753297
26753297
26753297
26753297
26753297
4246504
11113552
4246504
4246504
11113552
17413128
17413128
17413128
17413128
17413128
14727063
17406653
14727063
14727063
17406653
17408592
17408592
17408592
17408592
17408592
14724155
14724155
14724155
14724155
14724155
17406609
17406609
17406609
17406609
17406609
17410413
17414940
17410413
17410413
17414940
7977391
7977391
7977391
7977391
7977391
17408933
17409267
17408933
17408933
17409267
17408630
17408630
17408630
17408630
17408630
14738549
14738549
14738549
14738549
14738549
4245204
4245204
4245204
4245204
4245204
17403050
17403050
17403050
17403050
17403050
7973139
7973139
7973139
7973139
7973139
26753532
26753532
26753532
26753532
26753532
17411108
17411183
17411449
17411484
17411108
14726316
14726316
14726316
14726316
14726316
11113572
11113572
11113572
11113572
11113572
17410883
17410883
17410883
17410883
17410883
4251983
4251983
4251983
4251983
4251983
17414787
17414787
17414787
17414787
17414787
17413692
17413692
17413692
17413692
17413692
17413490
17413490
17413490
17413490
17413490
17385072
17385081
17385072
17385072
17385081
17409931
17409931
17409931
17409931
17409931
17413005
17413005
17413005
17413005
17413005
17412428
17412428
17412428
17412428
17412428
14724043
17412975
14724043
14724043
17412975
17414702
17414702
17414702
17414702
17414702
14742483
14742483
14742483
14742483
14742483
4239567
4239935
11113789
4239567
4239935
4250895
4250895
4250895
4250895
4250895
14727323
14727323
14727323
14727323
14727323
17414736
17415841
17414736
17414736
17415841
17401377
17401377
17401377
17401377
17401377
17407765
17407765
17407765
17407765
17407765
26753956
26753956
26753956
26753956
26753956
17414140
17414140
17414140
17414140
17414140
17402488
17402488
17402488
17402488
17402488
14745996
14745996
14745996
14745996
14745996
17403413
17403413
17403413
17403413
17403413
17388853
17388853
17388853
17388853
17388853
17402677
17402677
17402677
17402677
17402677
26749630
26749630
26749630
26749630
26749630
7977747
7977747
7977747
7977747
7977747
17403429
17414341
17403429
17403429
17414341
17409788
17409788
17409788
17409788
17409788
7973909
17415002
7973909
7973909
17415002
4238402
4238845
4239021
4239201
4238402
4246588
4246588
4246588
4246588
4246588
17401417
17401417
17401417
17401417
17401417
4240266
4240266
4240266
4240266
4240266
861918
861918
861918
861918
861918
14742019
17414051
14742019
14742019
17414051
4246879
4246879
4246879
4246879
4246879
4241023
4241023
4241023
4241023
4241023
11110796
11110796
11110796
11110796
11110796
17415577
17415577
17415577
17415577
17415577
11111895
11111895
11111895
11111895
11111895
17408178
17408178
17408178
17408178
17408178
14726294
14726294
14726294
14726294
14726294
4249966
4249966
4249966
4249966
4249966
17416236
17416236
17416236
17416236
17416236
4240587
4240587
4240587
4240587
4240587
17385085
17385115
17385085
17385085
17385115
14741458
14741458
14741458
14741458
14741458
17415638
17415638
17415638
17415638
17415638
4240069
4240069
4240069
4240069
4240069
17401262
17412042
17415915
17401262
17412042
17408692
17408692
17408692
17408692
17408692
14737474
14737474
14737474
14737474
14737474
850283
850283
850283
850283
850283
14744365
14744365
14744365
14744365
14744365
17387577
17387577
17387577
17387577
17387577
17402807
17402807
17402807
17402807
17402807
4246015
4246015
4246015
4246015
4246015
17408886
17408886
17408886
17408886
17408886
17407999
17407999
17407999
17407999
17407999
3717960
3717960
3717960
3717960
3717960
14742630
14742630
14742630
14742630
14742630
14727247
17408560
17408561
17409323
14727247
17402099
17402100
17402099
17402099
17402100
17415836
17415836
17415836
17415836
17415836
14745294
14745294
14745294
14745294
14745294
26753272
17408559
17411881
26753272
17408559
14726324
14726324
14726324
14726324
14726324
14723179
17409192
17411836
14723179
17409192
4238925
4239404
4238925
4238925
4239404
4252460
4252460
4252460
4252460
4252460
17385127
17385127
17385127
17385127
17385127
7973987
14744639
7973987
7973987
14744639
7976966
7976966
7976966
7976966
7976966
4239251
4239524
4240338
4239251
4239524
17401281
17407199
17401281
17401281
17407199
17416301
17416301
17416301
17416301
17416301
17407697
17407697
17407697
17407697
17407697
4237928
4238785
4239528
4237928
4238785
17406720
17406720
17406720
17406720
17406720
17412099
17412099
17412099
17412099
17412099
17403264
17403264
17403264
17403264
17403264
11111977
11111977
11111977
11111977
11111977
4238757
4238757
4238757
4238757
4238757
26751262
26751262
26751262
26751262
26751262
17390047
11114260
17390047
17390047
11114260
11111675
17413909
11111675
11111675
17413909
17402151
17402164
17402151
17402151
17402164
4240162
4240162
4240162
4240162
4240162
4243947
4243947
4243947
4243947
4243947
11114050
17387994
11114050
11114050
17387994
26750011
26750011
26750011
26750011
26750011
17387707
17387707
17387707
17387707
17387707
14744641
14744641
14744641
14744641
14744641
14744119
17406839
14744119
14744119
17406839
4238040
4239166
4238040
4238040
4239166
17411909
17416106
17416137
17411909
17416106
17414097
17414097
17414097
17414097
17414097
862310
862310
862310
862310
862310
17414956
17414956
17414956
17414956
17414956
26754351
26751144
26754351
26754351
26751144
17403420
17403420
17403420
17403420
17403420
17385064
17385064
17385064
17385064
17385064
4240006
4240006
4240006
4240006
4240006
4239881
4239881
4239881
4239881
4239881
11111666
11111666
11111666
11111666
11111666
11113852
11113852
11113852
11113852
11113852
11114240
11114240
11114240
11114240
11114240
17407457
17407459
17415352
17407457
17407459
17385108
17385108
17385108
17385108
17385108
4249316
4249316
4249316
4249316
4249316
17385124
17385124
17385124
17385124
17385124
4237821
4237821
4237821
4237821
4237821
11114060
11114060
11114060
11114060
11114060
14726414
14726414
14726414
14726414
14726414
17411914
17411914
17411914
17411914
17411914
4238560
4238560
4238560
4238560
4238560
17402429
17402429
17402429
17402429
17402429
4243770
4243770
4243770
4243770
4243770
17403017
17403017
17403017
17403017
17403017
4237782
4238642
4238672
4239049
4239362
17387900
17387900
17387900
17387900
17387900
4245211
17403579
4245211
4245211
17403579
17407857
17407857
17407857
17407857
17407857
4237604
4238531
4238614
4238647
4238709
17412981
17412981
17412981
17412981
17412981
17409227
26751246
17409227
17409227
26751246
7973477
17414810
7973477
7973477
17414810
4240540
4240540
4240540
4240540
4240540
4239348
17415725
4239348
4239348
17415725
17388904
17401322
17388904
17388904
17401322
17387829
17387829
17387829
17387829
17387829
4253518
14744085
17408556
4253518
14744085
17385388
11113746
17385388
17385388
11113746
4246497
4246497
4246497
4246497
4246497
4237497
4237807
4238143
4238146
4237497
17385044
17385044
17385044
17385044
17385044
17408396
17408396
17408396
17408396
17408396
4240828
4240828
4240828
4240828
4240828
17385035
17385035
17385035
17385035
17385035
17414726
17414726
17414726
17414726
17414726
17409139
17409139
17409139
17409139
17409139
4248274
4248274
4248274
4248274
4248274
17387903
17387903
17387903
17387903
17387903
17385582
17385582
17385582
17385582
17385582
17387542
17387542
17387542
17387542
17387542
17412872
17412872
17412872
17412872
17412872
17384957
17384958
17384957
17384957
17384958
17412954
17412954
17412954
17412954
17412954
4242070
4242070
4242070
4242070
4242070
14722637
14727211
14722637
14722637
14727211
17408182
17410593
17408182
17408182
17410593
14743560
14743560
14743560
14743560
14743560
26749944
26749944
26749944
26749944
26749944
14726033
14726033
14726033
14726033
14726033
4249581
4249581
4249581
4249581
4249581
17387515
17387515
17387515
17387515
17387515
17410247
17410247
17410247
17410247
17410247
4238995
4239157
4238995
4238995
4239157
17414691
17414691
17414691
17414691
17414691
17412179
26751146
17412179
17412179
26751146
14724146
14724146
14724146
14724146
14724146
26752501
26750871
26752501
26752501
26750871
4252834
4252834
4252834
4252834
4252834
14744595
14744595
14744595
14744595
14744595
17414771
17414771
17414771
17414771
17414771
4238704
4238704
4238704
4238704
4238704
17415041
17415041
17415041
17415041
17415041
11113999
11113999
11113999
11113999
11113999
17408602
17408980
17408602
17408602
17408980
4249708
17416338
4249708
4249708
17416338
14744655
14744655
14744655
14744655
14744655
26754078
26754078
26754078
26754078
26754078
17413863
17413863
17413863
17413863
17413863
17408974
17408974
17408974
17408974
17408974
4243198
4243198
4243198
4243198
4243198
4238570
4239928
4239941
4238570
4239928
4238334
4238334
4238334
4238334
4238334
4237562
4239332
4239800
4237562
4239332
3712241
3712241
3712241
3712241
3712241
4237964
4239112
4239327
4237964
4239112
4237799
4237799
4237799
4237799
4237799
17409327
17409327
17409327
17409327
17409327
26749560
26749560
26749560
26749560
26749560
17411527
17411527
17411527
17411527
17411527
17402029
17402029
17402029
17402029
17402029
4237570
4238680
4239442
4239585
4237570
17408599
17408599
17408599
17408599
17408599
4243002
17407230
4243002
4243002
17407230
862116
17407755
862116
862116
17407755
4240057
4240057
4240057
4240057
4240057
859914
859914
859914
859914
859914
17409107
17409107
17409107
17409107
17409107
17415906
17416256
17415906
17415906
17416256
4239689
4239689
4239689
4239689
4239689
14727135
17407973
26751145
14727135
17407973
14723910
14723910
14723910
14723910
14723910
4237859
4237876
4238730
4239655
4239927
4237965
4240408
4237965
4237965
4240408
4237632
4237705
4238276
4238378
4238403
4245567
4245567
4245567
4245567
4245567
4239734
4239734
4239734
4239734
4239734
4237486
4237823
4237858
4237968
4238734
17385407
17385407
17385407
17385407
17385407
17409085
17409085
17409085
17409085
17409085
14744859
14744859
14744859
14744859
14744859
17385095
17385095
17385095
17385095
17385095
855800
855800
855800
855800
855800
17412853
17412853
17412853
17412853
17412853
17411599
17411599
17411599
17411599
17411599
4239722
4239919
4240304
4239722
4239919
4247044
4248549
4250031
11112737
4247044
17409940
17409940
17409940
17409940
17409940
4237846
4238489
4238780
4239696
4240093
4252862
4252896
11110835
4252862
4252896
14742364
14742364
14742364
14742364
14742364
17388674
17388674
17388674
17388674
17388674
17385368
17384869
17384871
17384878
17384879
17409754
17409754
17409754
17409754
17409754
17413794
17414146
17413794
17413794
17414146
17415641
17415641
17415641
17415641
17415641
4237571
4240400
4237571
4237571
4240400
4252115
4252115
4252115
4252115
4252115
17384896
17384896
17384896
17384896
17384896
17410863
17410863
17410863
17410863
17410863
17407291
17407291
17407291
17407291
17407291
4238201
4238766
4238948
4238201
4238766
26752523
26752523
26752523
26752523
26752523
17407092
17407092
17407092
17407092
17407092
17407146
17407146
17407146
17407146
17407146
4246819
4246819
4246819
4246819
4246819
17409058
17409058
17409058
17409058
17409058
17414752
17415741
17414752
17414752
17415741
14722911
14744391
14722911
14722911
14744391
14742978
14742978
14742978
14742978
14742978
4237791
4237791
4237791
4237791
4237791
17416263
17416263
17416263
17416263
17416263
11114235
11114235
11114235
11114235
11114235
3712493
17409081
3712493
3712493
17409081
17389809
17389809
17389809
17389809
17389809
17410628
17410628
17410628
17410628
17410628
17410096
17410096
17410096
17410096
17410096
17414784
17414784
17414784
17414784
17414784
17411744
17411744
17411744
17411744
17411744
7976787
7976787
7976787
7976787
7976787
17413321
17413321
17413321
17413321
17413321
26754437
26754437
26754437
26754437
26754437
17407203
17407203
17407203
17407203
17407203
17413713
17413713
17413713
17413713
17413713
4238462
4239326
4239828
4239981
4238462
11111193
11114148
11111193
11111193
11114148
17387536
17387536
17387536
17387536
17387536
4240779
4240779
4240779
4240779
4240779
17406662
17406662
17406662
17406662
17406662
4242948
14727206
14745947
17408842
17414722
17401450
17401450
17401450
17401450
17401450
4246905
4246905
4246905
4246905
4246905
17414491
17414491
17414491
17414491
17414491
17413572
17413572
17413572
17413572
17413572
4240382
4240423
4240382
4240382
4240423
4239896
4239896
4239896
4239896
4239896
14745864
14745864
14745864
14745864
14745864
859949
859949
859949
859949
859949
17401478
17413463
17414513
17401478
17413463
17412039
17412039
17412039
17412039
17412039
4248986
4250705
4248986
4248986
4250705
4237758
4240309
4240425
4237758
4240309
17387505
17387902
17387505
17387505
17387902
17414557
17414557
17414557
17414557
17414557
17413194
17413194
17413194
17413194
17413194
7972896
7972896
7972896
7972896
7972896
4243237
4243237
4243237
4243237
4243237
17412863
17412863
17412863
17412863
17412863
17401183
17401472
17401183
17401183
17401472
4239451
4239451
4239451
4239451
4239451
4254102
4254102
4254102
4254102
4254102
17402060
17402060
17402060
17402060
17402060
14722202
14722202
14722202
14722202
14722202
4237937
4238176
4239461
4239888
4240343
11114276
11114276
11114276
11114276
11114276
17385456
17385456
17385456
17385456
17385456
26749372
26749376
26749381
26749403
26749423
17409044
17409044
17409044
17409044
17409044
4237829
4238114
4239705
4239706
4239760
4242585
4242585
4242585
4242585
4242585
17388362
17388362
17388362
17388362
17388362
4238638
4239770
4239966
4240091
4238638
843632
843632
843632
843632
843632
4237699
4239979
4240045
4240096
4240160
4238150
4238372
4238912
4239115
4239357
14744490
14744490
14744490
14744490
14744490
17390052
17390052
17390052
17390052
17390052
17401241
17401241
17401241
17401241
17401241
14723915
14744528
14723915
14723915
14744528
4237735
4237735
4237735
4237735
4237735
4239968
4240018
4239968
4239968
4240018
4248419
4251141
4248419
4248419
4251141
4238102
4238130
4238668
4238747
4238921
17385110
17385110
17385110
17385110
17385110
17412464
17412464
17412464
17412464
17412464
4238000
4238116
4239175
4239218
4239457
14740674
14740674
14740674
14740674
14740674
4238594
4239490
4238594
4238594
4239490
14745240
14745240
14745240
14745240
14745240
4249123
4249123
4249123
4249123
4249123
26752731
26752731
26752731
26752731
26752731
17413433
17413433
17413433
17413433
17413433
17408772
17408772
17408772
17408772
17408772
17403456
17403456
17403456
17403456
17403456
