4238370
4238711
4238982
4239102
4239174
26752509
26752557
26752658
26752661
26752687
4252906
4254093
11111288
4252906
4254093
4253119
4253120
4253820
4253119
4253120
11113217
11113272
4253691
11113217
11113272
4254361
11110755
4254361
4254361
11110755
11113088
11113141
11112357
11113088
11113141
4254005
4254005
4254005
4254005
4254005
26752644
4244721
4253019
4254409
11112569
26752485
26752648
26752695
26752485
26752648
4252457
4252539
4253231
4253734
4254434
11113143
11113301
4253005
11112358
11112491
4243684
4252448
4253105
4253164
4254432
11110687
11110747
11111542
11111607
863141
4252783
11113910
14727284
4252783
11113910
4252458
4252931
4253098
4253647
11112106
4253248
11113328
4253248
4253248
11113328
11113273
4253104
11112664
11113273
4253104
26752723
26752729
4245025
4251352
26751441
4254090
4254090
4254090
4254090
4254090
11111114
11114003
11114004
11111114
11114003
4253065
4253065
4253065
4253065
4253065
11111698
4243337
4252229
4252451
4253622
26752361
26752361
26752361
26752361
26752361
858418
4253537
4253951
11111714
11111760
11110998
4253121
11110780
11111039
11110998
4252075
4252075
4252075
4252075
4252075
4254421
14735103
4254421
4254421
14735103
11111009
11112439
11112566
11112893
11111009
11112567
11112567
11112567
11112567
11112567
11112237
11112237
11112237
11112237
11112237
11110774
4244568
4249666
4252507
4252549
4252730
4254217
4252730
4252730
4254217
11111439
11113282
4252890
11112185
26751303
4254193
4254193
4254193
4254193
4254193
11113354
11113354
11113354
11113354
11113354
4251030
4252901
4252905
4253046
11111563
4252976
4252976
4252976
4252976
4252976
860250
4241369
4254293
14724077
17387497
11110950
845912
4252622
4252878
4253268
4237551
4237932
4252497
4252569
4252570
4253401
4253401
4253401
4253401
4253401
4237812
4238562
4239369
4242829
4248659
848749
4247708
4251498
4253934
17387899
11110860
11113149
4252456
4253173
4253421
4253226
4253668
4253756
7975189
4253226
4252846
4252566
11111285
11111493
14744526
852016
4253690
14723168
14723186
14723188
26752677
4252946
26752677
26752677
4252946
4242566
4246626
4247852
4252724
4252895
11110761
11110808
11111768
11113425
11113430
847473
4253514
4253823
4253844
4254243
4253670
7977466
17384869
17384878
4253670
4253047
4253533
11113268
4246417
4248726
859874
4247510
4248185
4252197
11112585
4252490
3716536
4253992
4252490
3716536
4253336
14741366
17415866
17416111
4253336
11111467
26752331
26752484
26752696
4239219
4244802
4253830
4254367
14741650
14742030
4252666
4253205
4253553
4253698
11112170
11113229
4245064
4252455
4252466
4252632
4243599
4248824
4252501
4253166
4254148
4241519
4247859
4252656
4252793
4252897
11110989
11111156
11113829
11110989
11111156
856953
4238203
4239380
4253291
4254215
11111012
11111012
11111012
11111012
11111012
11111822
4241082
4252775
4253861
14743546
11113290
843859
3711319
4253786
4253851
4248335
4253517
4254381
4248335
4253517
11113261
4253595
17386002
11113261
4253595
860207
3711783
4242117
4249865
14742444
11110789
11110789
11110789
11110789
11110789
11111773
11111773
11111773
11111773
11111773
14722654
14740757
17387448
17387505
17402251
14724129
14744555
14724129
14724129
14744555
14737246
14737246
14737246
14737246
14737246
4254104
11112646
17411536
17411542
4254104
14729810
14740788
14729810
14729810
14740788
11111840
4242338
11112343
14722127
14723880
11111580
11111580
11111580
11111580
11111580
11111803
4245285
4245695
4249667
4252745
4253333
4253362
4253567
14724023
14724031
4253461
11113582
4253461
4253461
11113582
843289
4252702
4253680
4254426
11112564
4252510
11112666
4252510
4252510
11112666
4248825
14745190
4248825
4248825
14745190
4252493
11111255
4252493
4252493
11111255
4252645
4252742
4253066
4253067
4253133
850433
14723942
17410878
850433
14723942
4253107
11112668
26751268
4253107
11112668
17408170
17413793
17408170
17408170
17413793
11111414
14726085
14726350
14740921
11111414
4253611
4253611
4253611
4253611
4253611
4241898
4247846
4241898
4241898
4247846
4253681
11112186
11112684
11113536
17401215
4238091
4239136
4248188
14731683
4238091
4252685
14735802
14743560
17408645
17413003
3716063
4254245
11112277
11112301
11112438
14732607
14742077
17385999
17408113
14732607
859761
14726339
859761
859761
14726339
3713968
3713968
3713968
3713968
3713968
11113194
11113194
11113194
11113194
11113194
11114232
11114232
11114232
11114232
11114232
11113185
11113275
11112322
11113185
11113275
14727328
14744849
14727328
14727328
14744849
11111585
11113280
853202
4252777
11111128
26752518
26752530
11110724
11110955
11113992
11111269
11112295
11111269
11111269
11112295
848874
851595
864330
4244400
14741100
4252608
4252998
4253621
4253997
11112231
11111063
11111264
11111290
11111307
11111336
11111932
11111932
11111932
11111932
11111932
4237968
4238086
4238421
4239280
4239887
4237789
4238574
7974511
4237789
4238574
26752337
26752402
26752471
26752473
26752476
26752432
26752492
26752494
860968
17415471
843808
852148
4238324
4252939
4252971
26752517
4244528
4251152
4251896
11114128
4238469
4238910
4239818
4240178
4245059
849510
4237918
4238076
4238344
4239544
26752585
4250100
17402353
17415836
26752585
11111684
11113858
11111684
11111684
11113858
857679
860091
4240408
4252517
4252947
4245191
4246359
4253625
17402424
17410342
11111882
26752616
4253957
4253995
4254051
11111138
11112323
17385340
11111138
11112323
11113162
11111015
11111192
11112753
11113162
11113213
11113252
4241678
4253304
4253692
11113225
4253427
4254353
11113225
4253427
11113215
4253202
11111241
11112199
11112321
11113092
4240700
4245229
4246493
4248297
11111161
26752493
4252682
4252683
11111479
11113249
26752722
4239603
4253659
11110917
11113277
11111038
11111750
11112689
11114094
26752626
4252756
14742819
17387745
17401220
11113291
4253113
4253125
4253287
4253800
4241949
4246203
4250334
4252849
4253859
862353
4240995
4241498
4242281
4242404
4253490
11110821
14743138
4253490
11110821
4249197
4253290
4253564
11111104
11111473
4253554
14743428
26751240
26751258
4253554
11113233
11112147
11112333
26750726
11113233
14737452
26750845
14737452
14737452
26750845
4253809
4253809
4253809
4253809
4253809
4253264
4253241
14727112
4253264
4253241
851235
861767
861918
14731067
14731753
4240802
4252452
4252547
11110663
11110751
26752558
26750745
26750772
26750779
26752558
4239237
4253582
11112392
4239237
4253582
11110772
4252929
4253091
11112464
11113774
4253391
11114027
14745938
4253391
11114027
4253512
14729662
4253512
4253512
14729662
4243705
4244205
4247262
4247320
4247469
859990
3715298
4245246
4253994
11112094
11113242
26752479
11112146
11112845
11112856
859689
4253281
859689
859689
4253281
14724049
14731451
14741167
17385805
17402975
26752641
26751104
26752641
26752641
26751104
4254340
11113897
4254340
4254340
11113897
4253265
11111413
11111897
14740918
4253265
11111878
857842
3717423
4237699
4238909
4240561
4252981
14724161
17415191
4240561
26752369
4252644
17402436
26752369
4252644
865245
4239337
14722957
14726080
14740902
4253742
14727107
14742462
4253742
14727107
11111496
11112446
11111496
11111496
11112446
859001
3713783
4251689
4254203
14741024
4252470
4252882
4253168
4254115
11113467
11111239
4252900
4252999
11110999
11113817
17387622
17387622
17387622
17387622
17387622
3711919
4248553
4249400
14741397
14741691
26752477
26752573
26752614
14734810
26752477
4252904
4252904
4252904
4252904
4252904
11110865
26752347
11112625
14740815
26751106
11111268
11113135
11113160
11113227
4252559
11110906
11111864
11112162
11110906
11111864
14724094
14727222
14745610
14724094
14727222
26752401
17385341
17387860
26752401
17385341
4254014
11112712
11112779
14744336
17406799
26752594
11114072
26752594
26752594
11114072
859900
859900
859900
859900
859900
843987
864407
4243819
4251475
14744710
4254067
17387987
17407603
17413125
4254067
17402907
17409196
17410020
17402907
17409196
4253594
14721971
17408821
4253594
14721971
4248555
11114023
14742721
14742783
4248555
4254403
11113191
11112641
26750739
26750748
26752328
26752645
4252754
11113548
14742252
11113238
11113247
11112621
11114166
26750742
11111539
4252515
4252722
4252727
4252898
11112765
14742111
11112765
11112765
14742111
4248413
4253965
4248413
4248413
4253965
26752666
843611
864189
11111097
11111129
11111171
26752536
26752561
26752663
26752680
858812
4243356
4253618
11112212
14742786
4245524
4253213
4245524
4245524
4253213
26752556
26752556
26752556
26752556
26752556
864964
4250129
14736216
26751157
864964
4253222
4253222
4253222
4253222
4253222
26752358
26752368
4252747
26752358
26752368
11110799
11111162
4252911
4253312
4253378
26752543
4252546
4252989
4253160
4253313
11113200
4253545
11111618
11112560
11112592
11113235
4253430
11110797
11112160
11113944
851909
4253831
11112623
851909
4253831
4254089
4254283
4254089
4254089
4254283
4253998
4254278
4253998
4253998
4254278
4252542
4252542
4252542
4252542
4252542
4252540
4253616
17401325
4252540
4253616
860508
4237589
4238334
4238349
4247014
14738197
14738197
14738197
14738197
14738197
26752714
11111053
11114187
26752714
11111053
11113150
4253689
4253710
11112579
11113150
11110939
26752547
4247644
4250317
4250618
4237795
4237820
4237965
4238172
4238923
4252812
11110720
11110745
4244738
4253775
17406976
17408813
17406976
17406976
17408813
17387558
17387558
17387558
17387558
17387558
11110834
4241356
11113878
14729731
14731141
845813
846035
4238536
4252759
4253097
11114261
14731040
11114261
11114261
14731040
846109
14742207
16952412
17402806
846109
4253728
11113697
4253728
4253728
11113697
4253297
11111306
4253297
4253297
11111306
14737075
17387456
17403082
17414356
17414810
4253156
4253156
4253156
4253156
4253156
11111862
26751190
26751191
11111862
26751190
11111362
26752422
861552
4241556
4253433
4253586
17402254
17411814
4253586
17402254
14722936
17413751
14722936
14722936
17413751
14741057
17415675
14741057
14741057
17415675
4253793
4253793
4253793
4253793
4253793
865820
4253102
4254256
17402522
865820
14737260
14737260
14737260
14737260
14737260
4237671
4251421
14737573
17402298
17406602
4253801
4254124
4253801
4253801
4254124
11110933
11111636
11111729
11111903
11113132
4254362
14725997
14726322
4254362
14725997
26752436
26752654
17387536
26752436
26752654
4247364
4252621
4252839
17401190
4247364
3717951
4237628
4238113
4238250
4238759
3714198
4252811
4253076
4253114
4253195
11110737
11111538
11112686
11114071
11110737
11111735
26752475
4253139
4254007
4254161
3713065
3713065
3713065
3713065
3713065
11111850
11111850
11111850
11111850
11111850
4252798
4252798
4252798
4252798
4252798
26752417
26752425
26752709
26752726
26752417
17385813
17409967
17414334
17385813
17409967
11110888
26752415
4243142
11112214
17401483
14723173
17386133
14723173
14723173
17386133
847836
4242011
17411366
17411475
17411776
17408816
17408816
17408816
17408816
17408816
4238509
4240712
4253865
11113952
14735104
4238745
4239594
4239671
17406577
4238745
4252867
4254352
4252867
4252867
4254352
7973151
14741373
14743178
17387902
17411594
11113644
11113644
11113644
11113644
11113644
4253295
14722171
14727164
14727262
17384983
866042
4238729
4247480
4248944
4253206
11113305
4243300
4253806
14738666
17408316
863343
4246418
4251514
4252349
14745418
4240492
11111356
11113856
11114258
14727244
11111382
4242719
4243422
4248195
4248861
851085
11114190
14726066
14738667
17387617
852628
4252494
4252538
4253529
4253840
4241640
4246300
4247276
4249823
4252577
4244730
4248304
4252565
4252912
4253069
4242971
11110966
14741123
17412875
17415320
11110740
861630
17387986
11110740
861630
863479
4248385
4252893
11111728
17402124
843170
4237575
4237680
4238322
4242076
4245335
11110715
11112515
4245335
11110715
843293
4243086
4243836
4249107
4252511
26752657
11111499
11112762
26752657
11111499
26752497
26752686
14742441
26751177
26752497
11110988
11113357
17413861
11110988
11113357
11113239
4251856
4252453
11111354
11112375
14742810
14742810
14742810
14742810
14742810
14744580
17406803
17413957
14744580
17406803
4253684
4253414
4253612
4253907
11112157
14735464
17412166
14735464
14735464
17412166
4252734
11110756
11110843
4241152
4251949
11110910
11111805
11111871
17402551
17415215
4238476
4253863
4254145
17406688
4238476
11111007
11113260
26752531
850571
852560
4253335
11112173
4253335
4253335
11112173
4252491
4252830
4252866
4253467
4253473
14726114
14745448
14726114
14726114
14745448
4238470
14742100
17401531
17409283
4238470
863214
4254061
863214
863214
4254061
4239135
4239187
4239135
4239135
4239187
11110684
11110876
11111218
11111346
4252642
14741241
14744867
17401400
17408101
17410012
26752419
17406955
26752419
26752419
17406955
4237829
4239975
4241996
4252675
4254304
26752552
26752623
14726301
14730501
17388438
4242925
11111445
11111783
14726357
14741577
4249014
4249014
4249014
4249014
4249014
4253443
4254417
17406895
4253443
4254417
851466
858640
4237862
4238656
4239062
11114062
11114069
17402368
17402854
11114062
4254222
4254363
26751164
26751165
26751277
11111846
842319
4254324
11113674
14723907
11112808
17387755
17401289
17410010
11112808
4252892
17408852
4252892
4252892
17408852
17402767
17402767
17402767
17402767
17402767
4247854
14726445
4247854
4247854
14726445
11111722
4240013
4252454
4253561
14729201
849814
4240527
4245173
4248895
11111434
4240240
4253531
11112222
11112387
17410242
11111934
26752372
26752374
26752642
844622
11111124
26752570
3717701
4248694
4252654
11113205
863009
4250268
4254170
14741476
858440
4244521
4245417
4254236
858440
26752338
4250321
4252788
11111578
11112314
11111699
11111699
11111699
11111699
11111699
4253209
4252562
4252699
4252886
4252964
4253914
17411703
4253914
4253914
17411703
860223
3714876
4240477
4241437
4242326
11110980
26752670
4239873
4250102
11113982
4252725
4252725
4252725
4252725
4252725
4253096
4253096
4253096
4253096
4253096
4244122
4247453
11114129
14740846
4244122
4253669
11110851
11110947
4252525
4252629
3717913
4240553
4252718
11113699
14741011
4244259
4246836
4250391
14724040
14724103
4253469
4253469
4253469
4253469
4253469
4253838
7972294
14726040
14726349
14727189
852985
864212
4245443
4247905
4252607
11111317
850189
861256
865913
3713399
4237955
4240108
4244578
4237955
4240108
4249467
4254015
11111062
11111694
14726094
26752503
4252821
4253498
11110923
14732354
11111032
4252496
4253530
4253646
4253713
11111501
11112427
14743381
17411608
11111501
4251910
4253702
4254094
4254162
11111323
4253436
17387786
17408161
4253436
17387786
17407331
17408550
17408777
17409274
17411978
11111555
4253735
4253736
17407246
17415373
4237920
4239789
4239959
4240439
4251954
17387707
17387889
17403282
17403339
17410731
26752466
26752631
4252980
17407077
17408974
4253405
4253645
4254003
4254300
11112757
26752586
26752646
4252526
4254192
11114017
17408252
17408252
17408252
17408252
17408252
11111121
11111500
4237492
4238532
4254033
850739
17387848
850739
850739
17387848
4253103
26750927
26750942
4253103
26750927
14743835
14745456
14743835
14743835
14745456
11111181
4250228
11110971
11111911
11112328
857056
4239657
4244532
4244600
4245747
26752514
4239896
14724088
17402223
17416029
848009
857531
4238742
4241857
4249041
851674
862672
3716276
4240531
4243346
7977073
11111774
11113339
14745934
17407045
4239296
4239296
4239296
4239296
4239296
26752627
26752706
4246782
11114243
14730455
4242675
4248610
4252387
7974741
17387735
4253791
11113984
14729233
17402146
17402403
14732936
14745389
14745799
17402225
17402400
858435
11112827
14722128
14723723
14726034
4254087
4254175
17387932
17410434
17411190
3715632
17410843
3715632
3715632
17410843
26750993
26750999
26751000
26751003
26751006
4248127
11111448
14724068
14739420
4248127
14731430
14741821
14731430
14731430
14741821
11111740
17410156
11111740
11111740
17410156
11110749
4245308
4252879
7976994
11112394
11113461
14724072
11113461
11113461
14724072
844455
4238398
4239095
4239322
4239379
4253964
14734157
17402336
17403046
17409513
17402372
17410964
17402372
17402372
17410964
4239466
4239466
4239466
4239466
4239466
11110890
4254232
11112165
14723793
14735727
4254303
11113799
4254303
4254303
11113799
852799
4241854
4242659
4248461
14733418
4238953
11113688
14737245
14740135
14742134
863043
4240921
4243562
4244149
4244817
4247934
4252917
4253094
4253274
4253275
26752553
4244283
14732934
14744969
14745755
4247110
4253968
11112215
4247110
4253968
4250629
4252576
4252641
4253292
4253888
4251174
7977873
17401876
17402191
26751126
11111807
4238451
4243975
4245131
4245701
4252741
11111861
4252741
4252741
11111861
11111484
11111484
11111484
11111484
11111484
11111753
4254030
4254226
11111573
11112747
4253193
11112902
14735717
14743144
14743145
7975886
11112628
11113746
14732472
14744507
26752333
26752344
26752513
853133
3714062
11113171
11113979
26750753
11113171
11113979
4253342
11111849
11111892
11111918
11111921
26752624
4241034
14730920
14741538
17406752
4252726
4253008
4253371
4253879
17402928
860163
4254198
11114137
860163
4254198
4244398
4252657
14742483
14745216
17401870
11112374
14726356
14737424
14744040
17410563
4254279
11112636
17408031
17412992
17413720
4243772
4252555
4252993
4253036
4253379
4246294
11111020
11111794
14742195
4246294
11110665
11113076
11113157
3712414
4253140
26752559
860350
26752559
26752559
860350
17387488
17387989
17401265
17402636
17387488
4252863
4253007
4253358
11113606
14740880
17412337
17412337
17412337
17412337
17412337
4242702
4253737
11113496
11114153
14742868
3714911
4249453
14740975
14741608
17402772
4253882
17410837
17415821
4253882
17410837
4241122
4252844
14737375
4241122
4252844
26750847
26751410
26750847
26750847
26751410
4248748
4248748
4248748
4248748
4248748
26752421
26752596
4242385
4246421
4249336
11110903
4237518
4237529
4237706
4238372
4237747
4238042
4240057
14741133
14741575
4240592
4249088
14726746
14732083
17407067
14723707
14723958
14739266
17388020
14723707
11111377
4238095
4238797
4253043
4253435
26752505
4253187
4253251
4253500
4253679
26752340
26752500
26751195
26751213
26751276
4252921
4252921
4252921
4252921
4252921
26752512
3715280
3717418
17411815
26751166
4254153
4254188
4254282
14733073
14739976
4254122
14744478
14745919
4254122
14744478
14723964
14723964
14723964
14723964
14723964
4252996
11111352
866054
3713259
4242315
14730426
17409236
17413006
14730426
17409236
11111433
4252469
4254091
11110872
11110873
14721914
14724027
17387973
17402576
14721914
858280
14740343
14742136
858280
14740343
4252484
26751197
26751215
26751302
26751320
11110973
14722158
17412175
11110973
14722158
4253172
11110703
11110765
11112671
26750954
4249742
7972958
11112677
14735491
14745632
4244493
14723699
14723726
14727326
14737577
4246476
4253903
4254056
11110696
11111139
11111443
4238525
4248751
4251968
4254218
4239051
4240334
14740941
14742818
4239051
11113289
11112376
17385329
11113289
11112376
4238055
4238281
4238707
4239772
4240054
4251829
4251829
4251829
4251829
4251829
4240087
11114140
17410729
26751052
26751064
846056
848129
4241198
4242623
4244165
3715599
4242723
4252822
11111030
11111296
4238179
4238771
4239330
4239848
4240468
862459
14742645
17406891
862459
14742645
861945
4237794
4238695
4238744
4240176
26750744
26750808
26750744
26750744
26750808
4253009
7973923
14731071
26751414
4253009
11110739
11110739
11110739
11110739
11110739
4239850
14723747
4239850
4239850
14723747
4254321
11111100
11113807
17402334
17402366
852502
7972131
26750735
852502
7972131
26752383
26752393
26752395
26752437
26752444
26752638
26752712
860507
4248302
4252806
26752701
26752703
7976256
11113917
14722637
4246167
4247580
4253751
14724038
17384887
26752404
26752470
26752691
26752699
26752704
4246998
4253593
17402168
17410207
4246998
4252115
14741897
26750937
26751131
4252115
4253077
4253207
4253588
14743170
17413110
4238353
4239239
4253387
4253511
4254119
11114082
14732032
14733895
17387552
17408731
11110918
4241007
4244436
4252833
4253576
11110861
11113154
26752534
4246248
11111628
850684
4251628
4253293
7972595
14723197
7973242
11112729
11114097
14726076
14726365
4254398
4253676
4253711
17401274
17415434
11113207
11113223
4253355
11112493
11113207
11113237
11112571
11113237
11113237
11112571
4252486
11112166
14727129
17411532
4252486
11112877
11112877
11112877
11112877
11112877
11111520
11111857
4241092
4244265
4248398
11111551
4252449
4252450
4252476
4252533
3711343
4253087
4254143
11111446
14724079
17406915
17411818
17412156
17406915
17411818
7974256
11113500
14745522
17403168
7974256
4249175
11112198
17411412
4249175
11112198
11110819
845164
863062
14737060
14737259
11113294
4252868
4253279
4253969
11111284
26752619
4241688
4242789
4244958
4248636
11110941
14723955
17387834
11110941
14723955
4251781
4251781
4251781
4251781
4251781
11111797
11113925
11114051
14734950
14743494
4250496
14726031
17401953
17406725
17411245
17402965
17402965
17402965
17402965
17402965
4244715
4254146
11111314
11113555
14726044
11111659
11111674
11111876
4246297
4253258
4253186
4254057
11111236
11112378
4253186
17385808
17385808
17385808
17385808
17385808
14722635
17401166
17407107
17409518
14722635
4253518
11114054
11114164
11114230
14740972
17387772
17410263
17414366
17416135
17387772
26752491
26752731
26752491
26752491
26752731
4252479
11111792
14726308
4252479
11111792
26752675
26752702
14745767
17384932
17402585
17406629
17406653
17409316
17413131
17415931
4237526
17409235
17416234
4237526
17409235
4253942
11112604
4253942
4253942
11112604
4239806
4240265
4243381
4246720
4248715
11113304
7977748
14726090
14731797
14740943
11112741
11114048
14735493
14737474
14745236
4253403
14726431
14726440
14745761
17401342
11113687
11113687
11113687
11113687
11113687
4242304
4243588
4253990
11112297
14740954
17401760
17402758
17411028
17413040
17416116
14737061
14737063
14738820
17403371
14737061
4252899
4253048
4253196
14723383
4252899
11113633
14738522
14742294
17401266
17407263
4253546
11111592
11113086
4252481
4252527
4239091
4239735
14734436
14742112
14742169
4238077
4239720
4252994
4253382
4253412
11111596
4254227
17407869
17410813
11111596
4252928
11111896
11113208
26752408
26752426
4252691
4254415
11111054
14727287
4252691
14723731
14745094
14723731
14723731
14745094
17408495
17408495
17408495
17408495
17408495
858515
4252556
4253228
4253389
4254248
844782
853296
4245895
4252850
4253070
11111397
11113128
847691
4241593
4242394
4247458
11113905
14724090
4247458
11113905
850283
851940
4246453
4248948
14726036
846322
3713415
4248277
7974048
14727223
26752516
14738529
26751231
26751249
26752516
11112232
11112232
11112232
11112232
11112232
4242618
17406728
4242618
4242618
17406728
11110948
4242258
4245646
4250184
14741392
4248739
4248772
17402652
17407476
17414736
859751
861468
4254075
14742091
14745147
3711413
4245237
4247519
4253727
11112731
14722656
14734509
14742331
14744470
17402000
11114148
11114148
11114148
11114148
11114148
4246365
4247459
14730896
17415105
4246365
4251855
14722569
14741585
14745067
14745164
26752488
4240398
4252961
14723183
17406967
4239973
14723841
14731586
17384948
17387619
4253074
11113870
17385302
17401424
4253074
3717861
4237832
4238674
4253536
4253547
848253
4247577
11111315
11111529
17385323
14743157
17387700
17408957
14743157
17387700
4253236
4254306
4253236
4253236
4254306
862116
4254395
11113834
14723987
14731963
26752664
11110679
11111437
11113998
26752664
4237572
4238838
4251668
4252737
4252782
4242935
4245658
4247506
4247705
7977391
4239942
14724662
14734578
14745263
17414790
4252795
4253004
14736646
14743319
14745588
861833
4239202
4244157
4244546
4247856
4253314
26751089
4253314
4253314
26751089
4243380
11111374
11111692
14726055
14740003
4252638
4254383
14727226
14727267
14741776
11112545
14744472
17413238
17415899
11112545
4253656
11111403
11112418
11112420
11112850
26750729
26751312
26751330
26750729
26751312
4246498
4252509
4253852
4254230
17412940
26752582
4237629
4238339
4239147
4245452
26752673
861781
4254026
11112451
17401116
11111747
14741062
26751154
26751170
11111747
4254311
11112211
14739050
14745968
17411029
4240786
4242554
4243993
4244876
4248621
4248923
11114269
14741026
14741027
4248923
4252888
4254103
11112593
11114104
17407631
3713645
11112609
3713645
3713645
11112609
14726321
14741628
17410548
14726321
14741628
4250026
14744595
17411738
17415944
17416232
26752414
26751176
26751178
26751317
26751335
858482
4238443
4238494
4238867
4241055
846155
865579
11112462
11113739
14744039
4239686
4238518
4238767
4238807
4239080
4253522
4253772
11113665
14723867
14745177
11111561
11111561
11111561
11111561
11111561
11111536
11111430
17408698
11111536
11111430
3714825
4246850
4248345
4250895
4253920
4253587
11110712
4253587
4253587
11110712
7974448
14722704
17406912
7974448
14722704
4237988
4253688
4254134
11113711
11114276
4253635
4253695
4253725
4253770
17402019
4239653
14744945
17411924
4239653
14744945
26752589
858164
4254405
14742739
17408111
11110926
26752453
26752581
4253425
11110926
856905
4238032
4238510
4238589
4240038
14732667
17406716
17409684
14732667
17406716
4238877
4239017
4239167
4239628
4240251
4253991
17402269
17411051
4253991
17402269
4245261
4253703
26751232
4245261
4253703
861506
17409879
861506
861506
17409879
26751111
26751242
26751111
26751111
26751242
11112916
11112916
11112916
11112916
11112916
4241809
4251655
14727159
14741336
17406932
11111587
4245512
4254092
11110936
11113997
17407212
17409825
17414435
17407212
17409825
26752483
11112283
14722644
14735190
17385084
4237745
4239553
4252298
4254106
14731001
4245632
4253917
11112651
14734700
14741260
11111641
11111817
860782
861742
4238803
4253589
4253780
4253782
11112193
11112302
848062
4244369
4253278
11114057
14723770
26750760
26750775
26750830
26750838
26750841
4240523
14740840
14745871
17409966
17415155
4253590
11111407
16952742
17410366
4253590
26752605
11112249
14726065
17402262
26752605
4254349
11110859
26750732
26751418
26751431
26752600
4238926
4241371
14722575
14723910
14724142
14737247
17401401
17409885
14724142
11111130
4252708
14722626
14724045
14739939
7973019
14742139
14743964
17387601
17401172
4254289
11113968
14738528
4254289
11113968
11112204
11112204
11112204
11112204
11112204
11110904
11113158
26752515
4241094
4252721
11111809
4238414
4241412
4248720
4252965
26752360
26752363
26752365
11113685
26752360
861598
4239451
4239930
4240197
4254323
856259
4247564
4252720
4252829
4253257
14730036
14730036
14730036
14730036
14730036
11111133
846760
4241900
4247163
4252693
11110660
11110660
11110660
11110660
11110660
11111427
4241683
4242247
4242577
4244889
4253640
17402405
17406647
17410096
17411740
3711926
4244148
4244619
4245574
4249174
26752577
26752604
862310
4241927
4242051
857689
859883
4238948
4249360
4253413
4254064
4254194
11112201
11114237
14726295
859796
4248294
7974603
14723745
14726032
26752429
26752434
26752456
26750784
26750791
11110776
11112208
11110776
11110776
11112208
26752519
26752598
26752682
846555
14738073
4252630
4253402
4254168
4252630
4253402
26752381
3715858
4241252
4249762
14724144
4237578
4238986
4239179
4239308
4239797
11111110
864048
11110714
14741663
17409961
26752674
4251945
11114192
26752674
4251945
14723709
14724116
14736953
17401310
17411706
26750945
26750945
26750945
26750945
26750945
7976204
26750924
26750939
26751061
7976204
11111229
4252790
4253014
4253015
4253016
26752467
26752520
4245095
4252938
11112846
3715068
14723734
14744569
17384883
17384928
14723852
14740999
14723852
14723852
14740999
11111353
26752575
866021
4253766
4253767
11111923
14732877
14744383
14744392
17401329
11114141
14741771
11114141
11114141
14741771
4252970
14722901
4252970
4252970
14722901
4241545
4241802
4243194
4245497
4253259
4245875
14742384
14745093
14745122
17385801
11111320
11113257
4252550
4252716
4252934
14739117
17407584
14739117
14739117
17407584
11111622
4254407
11111267
11112891
11113762
3712359
7974951
11114213
3712359
7974951
11111966
11112859
11113980
11114264
11111966
11110701
4253079
4254179
4254251
11110701
17408078
17413001
17413166
26751156
17408078
4253757
11113474
4253757
4253757
11113474
4252664
4252799
4252903
4252945
4253022
4252599
4252600
14735007
17411805
17411974
26752345
26752474
26752498
26752705
26752708
26752527
26752563
26752607
846376
857973
17401420
17406764
17416347
17401420
17406764
4238930
4249983
4251986
11110832
14741574
11111910
4253520
11111908
17402346
17409250
4249856
17402392
17408996
4249856
17402392
14724147
14745324
14724147
14724147
14745324
14738044
17407523
17415474
14738044
17407523
26752635
862330
4241131
4252791
4253210
11111010
26751271
26751272
26751289
26751290
862611
863427
4248573
14732159
14741568
11110814
11111202
11111462
11111877
859984
860146
4246073
17409175
860146
4246073
4237827
4238655
4240694
4246613
4247099
4243099
4252503
4252512
4252516
4252552
26752569
4240670
4241718
14722468
14726209
846659
14721877
14740669
14742697
14744360
11112525
11112535
17414007
17416092
11112525
11112920
17401191
11112920
11112920
17401191
11113981
26750843
26751196
26751199
26751214
11110880
11113436
14723427
14723934
14740749
26752370
26752371
4253359
4254249
11112639
26752341
26752343
26752346
26752571
26752692
4240885
4245444
4253641
4254231
14742110
863828
4252951
4253137
4253343
4254059
3712307
3713263
3715648
4242809
4250068
4254157
11112213
11112840
14741009
17406896
4253073
11112264
4253073
4253073
11112264
11110969
4252948
4253508
4253923
11110879
11114106
11114106
11114106
11114106
11114106
26752685
4254214
11114055
14742667
14744947
4243298
4252865
4252914
4253010
4253086
4253028
4253242
11111604
4253028
4253242
14741593
14742376
17406673
14741593
14742376
4238293
4251016
11114039
14744655
17402397
11113771
11113771
11113771
11113771
11113771
17385317
17385317
17385317
17385317
17385317
4239301
4254308
4254309
11111744
4239301
14731718
14743177
17387679
17412536
14731718
847251
4245422
7976365
14726103
14727293
17387660
17406708
17387660
17387660
17406708
17402673
17410781
17414543
17402673
17410781
4249606
11112890
11114117
4249606
11112890
4238671
4238989
4239352
11112435
14742392
4253617
17412982
26750736
4253617
17412982
4254084
4254084
4254084
4254084
4254084
26750856
26750857
26750858
26750866
26750867
11111231
844275
860227
4241511
4244502
11111417
17406828
17412069
11111417
17406828
14743076
17386560
17386591
14743076
17386560
14743013
17387482
14743013
14743013
17387482
4245151
4246313
4249017
14738334
14740719
848623
4237592
4237987
4238463
4239521
3715479
3717051
4240177
4240627
4240800
4254012
4254378
7976298
14733574
17402973
853696
3712042
4243788
4247275
14722117
860043
4238008
4238973
4241831
4242749
844042
851503
4241779
4246050
4250696
14740836
17385320
17385327
14740836
17385320
4239302
4245588
14722183
14726047
14734267
4238157
4238204
4238410
4239919
4239952
11111214
843295
4242585
4248255
14739477
4239641
4240589
4241324
4250552
14722623
845859
3713267
4241528
4242309
4243097
11111279
4248463
4251889
4253812
4253819
861108
4243208
4248144
4251917
14735687
858593
4238118
4246510
4246994
4251870
4243412
11112876
14726067
4243412
11112876
859703
4244086
4244969
4249484
14726409
859865
4250079
4254373
14722887
14723822
4238789
17402730
17403651
17406657
17408416
11110882
11111328
11111408
850151
4239358
4254149
861546
4239809
4239911
4244296
4237541
4238540
4239760
4240229
14724050
4244188
11110744
11112809
26751159
4244188
851833
4252681
4252797
4253783
14727114
26752334
11112696
26750903
26752334
11112696
4254431
17403298
17413117
4254431
17403298
26751353
26751370
26751433
26751434
26751353
14743550
14743550
14743550
14743550
14743550
4245941
4253249
14726110
14732661
14744868
4241218
14727237
14739769
14739948
17403543
11111392
11111885
3714430
4254125
11113576
4252962
4254325
7972563
14737255
14743316
4254195
14726368
14742220
17387747
17406709
26752511
14734251
14735069
14736435
14741578
11110894
4254050
4254386
4254387
11111366
11113692
14723718
14726072
14735501
14741536
26752378
26752443
11112833
14732563
14734431
11113130
4252508
11113352
14743143
17415827
4249963
11112144
14724036
14745915
17409755
4253142
4253142
4253142
4253142
4253142
4253693
14742354
4253693
4253693
14742354
14744465
14744465
14744465
14744465
14744465
4241391
11110796
17411819
17411903
17412134
4243957
4244377
4247264
11113733
14724019
4237498
4245211
4247167
14724041
14726347
4245670
14723798
17410523
4245670
14723798
3712474
14722650
14737477
26751037
3712474
11111340
11111477
11111800
4252480
4253716
26752407
4244729
4245436
4246879
4254406
4254246
4254264
4254424
4254246
4254264
11112602
11112647
26750730
11112602
11112647
4243328
11111209
11113427
11113862
14727253
26752411
26752681
26752730
4252659
4252823
4252578
11110954
4252578
4252578
11110954
11111902
11111909
11111913
14741693
11111902
26752464
860103
4252986
4253372
4253654
4253493
17385045
17401127
26751102
4253493
4253163
4253223
14732878
4253163
4253223
4254123
4254123
4254123
4254123
4254123
14724120
14739742
14740296
17403183
17408551
11110800
11112790
17402540
11110800
11112790
11112895
11112895
11112895
11112895
11112895
4252061
4252705
4252968
4254291
14726057
4254391
11111069
11112311
17387746
4254391
4253396
4254017
17407053
17409604
17412214
4245901
11111752
4245901
4245901
11111752
17408845
17409042
17408845
17408845
17409042
4248854
14745226
17401462
4248854
14745226
11111852
859957
4240295
4244606
4249123
17403332
17408560
17403332
17403332
17408560
4241848
4242570
4247641
4254394
14724105
4237760
14727086
14745084
14745191
17408980
17387599
17407003
17387599
17387599
17407003
17409421
17412882
17409421
17409421
17412882
3712355
4243302
14723961
14727309
14745112
11111818
11113077
845632
861145
3712241
