11113253
11113253
11113253
11113253
11113253
4253052
4253052
4253052
4253052
4253052
4237536
4239723
4237536
4237536
4239723
11113770
11113770
11113770
11113770
11113770
26752587
26752587
26752587
26752587
26752587
4237556
4238215
4237556
4237556
4238215
4238318
4238318
4238318
4238318
4238318
4253277
4253277
4253277
4253277
4253277
11113129
11113129
11113129
11113129
11113129
11113511
11113511
11113511
11113511
11113511
858595
858595
858595
858595
858595
26752734
26752734
26752734
26752734
26752734
11113297
11113298
11113299
11113297
11113298
4238950
4238950
4238950
4238950
4238950
4238628
4238628
4238628
4238628
4238628
4237773
4237773
4237773
4237773
4237773
11111082
11113759
11111082
11111082
11113759
4238512
4238512
4238512
4238512
4238512
844085
844085
844085
844085
844085
11114281
11114281
11114281
11114281
11114281
3712461
3712461
3712461
3712461
3712461
4238121
4239620
4238121
4238121
4239620
849137
849137
849137
849137
849137
11111273
11111273
11111273
11111273
11111273
11110870
11110870
11110870
11110870
11110870
11113831
11113831
11113831
11113831
11113831
4237563
4237563
4237563
4237563
4237563
14738954
14738954
14738954
14738954
14738954
4237705
4237705
4237705
4237705
4237705
4238428
4238428
4238428
4238428
4238428
11111526
11111526
11111526
11111526
11111526
4254205
4254205
4254205
4254205
4254205
4252978
4252978
4252978
4252978
4252978
861899
861899
861899
861899
861899
11111298
11111298
11111298
11111298
11111298
11112197
11112197
11112197
11112197
11112197
4237609
4237609
4237609
4237609
4237609
17412206
17412206
17412206
17412206
17412206
11113285
11113285
11113285
11113285
11113285
14726715
14726715
14726715
14726715
14726715
847355
847355
847355
847355
847355
11111105
11111105
11111105
11111105
11111105
11113236
11112903
11113236
11113236
11112903
4237944
4237944
4237944
4237944
4237944
4239695
4239695
4239695
4239695
4239695
4244564
4244564
4244564
4244564
4244564
11112123
11112123
11112123
11112123
11112123
11111733
11111733
11111733
11111733
11111733
11111388
11111388
11111388
11111388
11111388
11111914
11111914
11111914
11111914
11111914
4242891
4242891
4242891
4242891
4242891
11112600
11112600
11112600
11112600
11112600
848536
848536
848536
848536
848536
853614
853614
853614
853614
853614
4237758
4237758
4237758
4237758
4237758
4252845
4252845
4252845
4252845
4252845
4238049
4238049
4238049
4238049
4238049
4237964
4237964
4237964
4237964
4237964
4237487
4240367
4237487
4237487
4240367
4253651
4253651
4253651
4253651
4253651
4247533
4247533
4247533
4247533
4247533
11112492
11112492
11112492
11112492
11112492
11114116
11114116
11114116
11114116
11114116
4253708
4253708
4253708
4253708
4253708
4250101
4250101
4250101
4250101
4250101
4252855
4252855
4252855
4252855
4252855
11111357
11113176
11111442
11112255
11112643
11113224
4252707
11113224
11113224
4252707
14738123
14738123
14738123
14738123
14738123
14740797
14740797
14740797
14740797
14740797
4240411
4240411
4240411
4240411
4240411
849116
849116
849116
849116
849116
11113686
11113686
11113686
11113686
11113686
4237474
4239161
4237474
4237474
4239161
14745414
14745414
14745414
14745414
14745414
4252557
4252557
4252557
4252557
4252557
4254331
4254331
4254331
4254331
4254331
4239347
4239347
4239347
4239347
4239347
4239238
4239238
4239238
4239238
4239238
4240324
4240324
4240324
4240324
4240324
4237711
4237711
4237711
4237711
4237711
11112860
11112860
11112860
11112860
11112860
4254420
4254420
4254420
4254420
4254420
3715149
3715149
3715149
3715149
3715149
11111364
11113947
11111364
11111364
11113947
4237598
4237598
4237598
4237598
4237598
11113147
11113147
11113147
11113147
11113147
11113928
11113928
11113928
11113928
11113928
17402029
17402029
17402029
17402029
17402029
4238564
4239936
4238564
4238564
4239936
14744987
14744987
14744987
14744987
14744987
11111058
11111058
11111058
11111058
11111058
4243013
4243013
4243013
4243013
4243013
11111779
11111779
11111779
11111779
11111779
4254171
4254171
4254171
4254171
4254171
11112691
11112691
11112691
11112691
11112691
26751332
26751332
26751332
26751332
26751332
4252598
4252598
4252598
4252598
4252598
11113886
11113886
11113886
11113886
11113886
4238934
4238934
4238934
4238934
4238934
17401374
17401374
17401374
17401374
17401374
4253753
4253753
4253753
4253753
4253753
17409821
17409821
17409821
17409821
17409821
11111389
11111389
11111389
11111389
11111389
4238682
4238992
4238682
4238682
4238992
26752733
26752733
26752733
26752733
26752733
4239392
4239392
4239392
4239392
4239392
4244463
4244463
4244463
4244463
4244463
4237491
4237491
4237491
4237491
4237491
17407674
17408453
17407674
17407674
17408453
4237737
4237962
4237737
4237737
4237962
17407468
17407468
17407468
17407468
17407468
14726102
14726102
14726102
14726102
14726102
11112813
11112813
11112813
11112813
11112813
17413732
17413732
17413732
17413732
17413732
11111838
11111838
11111838
11111838
11111838
4251114
4251114
4251114
4251114
4251114
852761
852761
852761
852761
852761
11112142
11112142
11112142
11112142
11112142
14743673
14743673
14743673
14743673
14743673
4249445
4249445
4249445
4249445
4249445
11114175
11114175
11114175
11114175
11114175
11114267
11114267
11114267
11114267
11114267
4253988
4253988
4253988
4253988
4253988
11113556
11113556
11113556
11113556
11113556
14725960
14725960
14725960
14725960
14725960
4253054
4253054
4253054
4253054
4253054
17410108
17410108
17410108
17410108
17410108
11110694
11110694
11110694
11110694
11110694
4253263
4253263
4253263
4253263
4253263
11113179
11113179
11113179
11113179
11113179
4239571
4239571
4239571
4239571
4239571
17407638
17407638
17407638
17407638
17407638
4237868
4237868
4237868
4237868
4237868
11111373
11111373
11111373
11111373
11111373
17385007
17385007
17385007
17385007
17385007
17401249
17401249
17401249
17401249
17401249
26752410
26752410
26752410
26752410
26752410
4238529
4239321
4238529
4238529
4239321
4253030
4253030
4253030
4253030
4253030
17406953
17406953
17406953
17406953
17406953
4239881
4239881
4239881
4239881
4239881
4238704
4238704
4238704
4238704
4238704
11113131
11111707
11113131
11113131
11111707
11112410
11112410
11112410
11112410
11112410
17385812
17385812
17385812
17385812
17385812
4238343
4238343
4238343
4238343
4238343
11111319
11111319
11111319
11111319
11111319
14723163
14723163
14723163
14723163
14723163
850010
850010
850010
850010
850010
4248990
4248990
4248990
4248990
4248990
860967
860967
860967
860967
860967
14735451
14735451
14735451
14735451
14735451
17412608
17412608
17412608
17412608
17412608
26752560
26752560
26752560
26752560
26752560
11114162
11114162
11114162
11114162
11114162
4253324
4253324
4253324
4253324
4253324
4238154
4238154
4238154
4238154
4238154
11110673
11110673
11110673
11110673
11110673
11114275
11114275
11114275
11114275
11114275
11111321
11111321
11111321
11111321
11111321
4248738
4248738
4248738
4248738
4248738
11112655
11112655
11112655
11112655
11112655
857377
857377
857377
857377
857377
11111567
11111567
11111567
11111567
11111567
11113990
11113990
11113990
11113990
11113990
11114228
11114228
11114228
11114228
11114228
11111059
11111059
11111059
11111059
11111059
862506
862506
862506
862506
862506
4238893
4238893
4238893
4238893
4238893
11111308
11111308
11111308
11111308
11111308
26752601
26752601
26752601
26752601
26752601
11111146
11111146
11111146
11111146
11111146
4253130
11110921
4253130
4253130
11110921
4238165
4239689
4238165
4238165
4239689
4252359
4252359
4252359
4252359
4252359
11112513
11112513
11112513
11112513
11112513
11113551
11113551
11113551
11113551
11113551
14727156
14727156
14727156
14727156
14727156
11113701
11113701
11113701
11113701
11113701
11113303
11113303
11113303
11113303
11113303
11113544
11113544
11113544
11113544
11113544
4239891
4239891
4239891
4239891
4239891
11114146
11114146
11114146
11114146
11114146
14743984
14743984
14743984
14743984
14743984
4253946
4253946
4253946
4253946
4253946
11112768
11112768
11112768
11112768
11112768
17412632
17412632
17412632
17412632
17412632
4238102
4238102
4238102
4238102
4238102
860735
860735
860735
860735
860735
11112116
11112116
11112116
11112116
11112116
14741262
14741262
14741262
14741262
14741262
11112284
11112284
11112284
11112284
11112284
14724056
14724056
14724056
14724056
14724056
11111741
11111741
11111741
11111741
11111741
11113691
11113691
11113691
11113691
11113691
14735758
14735758
14735758
14735758
14735758
17385128
17385128
17385128
17385128
17385128
17415249
17415249
17415249
17415249
17415249
11113333
11113333
11113333
11113333
11113333
11112724
11112724
11112724
11112724
11112724
14745942
14745942
14745942
14745942
14745942
14745040
14745040
14745040
14745040
14745040
11113726
11113726
11113726
11113726
11113726
4253146
4253146
4253146
4253146
4253146
11111572
11111572
11111572
11111572
11111572
11114100
11114100
11114100
11114100
11114100
17410300
17410300
17410300
17410300
17410300
4254286
4254286
4254286
4254286
4254286
17408478
17408478
17408478
17408478
17408478
11111057
11111415
11111057
11111057
11111415
17387799
17387799
17387799
17387799
17387799
11111159
11111159
11111159
11111159
11111159
14721879
14721879
14721879
14721879
14721879
17384999
17384999
17384999
17384999
17384999
11113306
11113306
11113306
11113306
11113306
14745947
14745947
14745947
14745947
14745947
4237751
4237751
4237751
4237751
4237751
11110867
11110867
11110867
11110867
11110867
4253846
4253846
4253846
4253846
4253846
17411695
17411695
17411695
17411695
17411695
11113514
11113514
11113514
11113514
11113514
11113569
11113569
11113569
11113569
11113569
17410815
17410815
17410815
17410815
17410815
17411925
17411925
17411925
17411925
17411925
4243713
4243713
4243713
4243713
4243713
4253174
4253174
4253174
4253174
4253174
11113881
11113881
11113881
11113881
11113881
11114086
11114086
11114086
11114086
11114086
14741085
14741085
14741085
14741085
14741085
4239279
4239279
4239279
4239279
4239279
11114135
11114135
11114135
11114135
11114135
14743342
14743342
14743342
14743342
14743342
4247636
4247636
4247636
4247636
4247636
4239960
4239960
4239960
4239960
4239960
17385122
17385122
17385122
17385122
17385122
17409906
17409906
17409906
17409906
17409906
17406699
17406699
17406699
17406699
17406699
17385056
17385056
17385056
17385056
17385056
17409999
17409999
17409999
17409999
17409999
11111504
11111504
11111504
11111504
11111504
26751124
26751124
26751124
26751124
26751124
11113469
11113469
11113469
11113469
11113469
17415461
17415461
17415461
17415461
17415461
26752554
26752554
26752554
26752554
26752554
4245122
4245122
4245122
4245122
4245122
17406910
17406910
17406910
17406910
17406910
4237579
4237579
4237579
4237579
4237579
17403208
17403208
17403208
17403208
17403208
4238668
4238668
4238668
4238668
4238668
11114266
11114266
11114266
11114266
11114266
11111380
11111380
11111380
11111380
11111380
4237935
4237935
4237935
4237935
4237935
4252601
4252601
4252601
4252601
4252601
14740976
14740976
14740976
14740976
14740976
11113539
11113539
11113539
11113539
11113539
14745998
14745998
14745998
14745998
14745998
14742785
14742785
14742785
14742785
14742785
11111547
11112789
11111547
11111547
11112789
4242520
17401900
4242520
4242520
17401900
17385061
17385061
17385061
17385061
17385061
11113788
11113788
11113788
11113788
11113788
11111814
11114007
11111814
11111814
11114007
11113640
11113640
11113640
11113640
11113640
11112431
11112431
11112431
11112431
11112431
17410600
17410600
17410600
17410600
17410600
11111927
11113617
11111927
11111927
11113617
11113083
11113083
11113083
11113083
11113083
14739846
14739846
14739846
14739846
14739846
4243523
4243523
4243523
4243523
4243523
14732864
14732864
14732864
14732864
14732864
11112554
11112554
11112554
11112554
11112554
11113152
11113155
11113212
11112260
11113152
11112586
11112586
11112586
11112586
11112586
4253550
4253550
4253550
4253550
4253550
4237735
4237735
4237735
4237735
4237735
4254126
4254126
4254126
4254126
4254126
17409746
17409746
17409746
17409746
17409746
4237776
4240350
4237776
4237776
4240350
4237726
4237726
4237726
4237726
4237726
14726376
14726376
14726376
14726376
14726376
14741648
14741648
14741648
14741648
14741648
11113995
11113995
11113995
11113995
11113995
11114219
11114219
11114219
11114219
11114219
17384962
17384962
17384962
17384962
17384962
14734107
14734107
14734107
14734107
14734107
17407230
17407230
17407230
17407230
17407230
11112704
11112704
11112704
11112704
11112704
14743379
14743379
14743379
14743379
14743379
11113142
11113142
11113142
11113142
11113142
4243198
4243198
4243198
4243198
4243198
4253033
4253033
4253033
4253033
4253033
11112372
11112372
11112372
11112372
11112372
14724169
14724169
14724169
14724169
14724169
4248728
4248728
4248728
4248728
4248728
17408439
17408439
17408439
17408439
17408439
4237869
4239394
4240094
4237869
4239394
4240170
4240170
4240170
4240170
4240170
4240223
4240223
4240223
4240223
4240223
11112540
11112540
11112540
11112540
11112540
4254288
4254288
4254288
4254288
4254288
11113718
11113718
11113718
11113718
11113718
4252990
4252990
4252990
4252990
4252990
11111295
11111295
11111295
11111295
11111295
4246125
4246125
4246125
4246125
4246125
4237803
4237803
4237803
4237803
4237803
17409843
17409843
17409843
17409843
17409843
17408514
17408514
17408514
17408514
17408514
17384941
17384975
17384941
17384941
17384975
17410087
17410087
17410087
17410087
17410087
11114037
11114037
11114037
11114037
11114037
14741914
14741914
14741914
14741914
14741914
11111829
11111829
11111829
11111829
11111829
17414752
17414752
17414752
17414752
17414752
17411179
17411179
17411179
17411179
17411179
14735114
14735114
14735114
14735114
14735114
17414631
17414631
17414631
17414631
17414631
11110810
11110810
11110810
11110810
11110810
4251657
4251657
4251657
4251657
4251657
4239333
4239333
4239333
4239333
4239333
14744434
14744434
14744434
14744434
14744434
4252558
4252558
4252558
4252558
4252558
4247524
4247524
4247524
4247524
4247524
4237537
4238727
4238764
4239968
4237537
11111297
11111297
11111297
11111297
11111297
11114041
11114041
11114041
11114041
11114041
17414146
17414146
17414146
17414146
17414146
4240530
4240530
4240530
4240530
4240530
7976966
7976966
7976966
7976966
7976966
17414179
17414179
17414179
17414179
17414179
4237605
4237605
4237605
4237605
4237605
17413227
17413227
17413227
17413227
17413227
17407951
17407951
17407951
17407951
17407951
14745294
14745294
14745294
14745294
14745294
14722641
14722641
14722641
14722641
14722641
4240204
4240204
4240204
4240204
4240204
11113494
11113494
11113494
11113494
11113494
4241531
4241531
4241531
4241531
4241531
11113245
11111378
11113245
11113245
11111378
11112918
11112918
11112918
11112918
11112918
4252781
4252781
4252781
4252781
4252781
7977971
7977971
7977971
7977971
7977971
11113286
11112425
11113286
11113286
11112425
14726438
14726438
14726438
14726438
14726438
17415906
17415906
17415906
17415906
17415906
11111355
11111355
11111355
11111355
11111355
17414503
17414503
17414503
17414503
17414503
14741962
14741962
14741962
14741962
14741962
17411605
17411605
17411605
17411605
17411605
11111370
11111370
11111370
11111370
11111370
17403429
17403429
17403429
17403429
17403429
17414585
17414585
17414585
17414585
17414585
11113510
11113510
11113510
11113510
11113510
17401262
17401262
17401262
17401262
17401262
17385250
17385250
17385250
17385250
17385250
11111757
11111757
11111757
11111757
11111757
11111359
11111359
11111359
11111359
11111359
17414694
17414694
17414694
17414694
17414694
4238780
4238780
4238780
4238780
4238780
17416035
17416035
17416035
17416035
17416035
4238908
4238908
4238908
4238908
4238908
11112786
11112786
11112786
11112786
11112786
17402063
17402063
17402063
17402063
17402063
11111509
11111509
11111509
11111509
11111509
11111952
11112888
11111952
11111952
11112888
11114209
11114209
11114209
11114209
11114209
17402543
17402543
17402543
17402543
17402543
11113632
11113632
11113632
11113632
11113632
17384934
17384934
17384934
17384934
17384934
11111583
11111583
11111583
11111583
11111583
852933
852933
852933
852933
852933
11111873
11111873
11111873
11111873
11111873
11111372
11111372
11111372
11111372
11111372
11112319
11112319
11112319
11112319
11112319
17388475
17388475
17388475
17388475
17388475
11111303
11111303
11111303
11111303
11111303
4237792
4237792
4237792
4237792
4237792
17384899
17384917
17384936
17384899
17384917
11111250
11111250
11111250
11111250
11111250
17403017
17403017
17403017
17403017
17403017
17414626
17414626
17414626
17414626
17414626
14727147
14727147
14727147
14727147
14727147
11113571
11113571
11113571
11113571
11113571
17414252
17414252
17414252
17414252
17414252
17411747
17411747
17411747
17411747
17411747
4238356
4238594
4238356
4238356
4238594
17407569
17407569
17407569
17407569
17407569
4254107
4254107
4254107
4254107
4254107
17411881
17411881
17411881
17411881
17411881
843526
843526
843526
843526
843526
7977334
7977334
7977334
7977334
7977334
11113848
11113848
11113848
11113848
11113848
4242014
4242014
4242014
4242014
4242014
14745717
14745717
14745717
14745717
14745717
4238158
4238158
4238158
4238158
4238158
17403413
17403413
17403413
17403413
17403413
4249223
4249223
4249223
4249223
4249223
4237482
4237482
4237482
4237482
4237482
17409356
17409356
17409356
17409356
17409356
4244291
4244291
4244291
4244291
4244291
17401315
17401315
17401315
17401315
17401315
4241892
4241892
4241892
4241892
4241892
14741503
14741503
14741503
14741503
14741503
4253031
4253031
4253031
4253031
4253031
17412200
17412200
17412200
17412200
17412200
11113951
11113951
11113951
11113951
11113951
17387528
17387528
17387528
17387528
17387528
17385266
17385266
17385266
17385266
17385266
14726726
14726726
14726726
14726726
14726726
14744481
14744846
14744481
14744481
14744846
14738507
14738507
14738507
14738507
14738507
17416256
17416256
17416256
17416256
17416256
11113266
11113266
11113266
11113266
11113266
17415529
17415529
17415529
17415529
17415529
17408826
17408826
17408826
17408826
17408826
11113954
11113954
11113954
11113954
11113954
11113794
11113794
11113794
11113794
11113794
17415114
17415114
17415114
17415114
17415114
17413199
17413199
17413199
17413199
17413199
4253488
4253488
4253488
4253488
4253488
17415378
17415378
17415378
17415378
17415378
11112408
11112408
11112408
11112408
11112408
4238702
4238832
4238702
4238702
4238832
4245847
4245847
4245847
4245847
4245847
4254197
4254197
4254197
4254197
4254197
17408559
17408559
17408559
17408559
17408559
4239368
4239368
4239368
4239368
4239368
14741399
14741399
14741399
14741399
14741399
17416088
17416088
17416088
17416088
17416088
4238044
4238223
4238708
4239117
4239566
17407125
17407125
17407125
17407125
17407125
17408438
17408438
17408438
17408438
17408438
17402794
17402794
17402794
17402794
17402794
4253866
4253866
4253866
4253866
4253866
4252711
4252711
4252711
4252711
4252711
14721893
14721893
14721893
14721893
14721893
14731252
14731252
14731252
14731252
14731252
11113956
11113956
11113956
11113956
11113956
14744859
14744859
14744859
14744859
14744859
17406637
17406637
17406637
17406637
17406637
17414748
17414748
17414748
17414748
17414748
11111816
11111816
11111816
11111816
11111816
14740837
14740837
14740837
14740837
14740837
17408977
17408977
17408977
17408977
17408977
4237883
4238814
4238816
4239248
4239593
11111712
11111712
11111712
11111712
11111712
14743497
14743497
14743497
14743497
14743497
4239982
4239982
4239982
4239982
4239982
4253544
4253544
4253544
4253544
4253544
11111339
11111339
11111339
11111339
11111339
14723808
14723808
14723808
14723808
14723808
11114277
11114277
11114277
11114277
11114277
4253034
4253034
4253034
4253034
4253034
11110964
11112606
11110964
11110964
11112606
17402151
17402164
17402151
17402151
17402164
11112388
11112388
11112388
11112388
11112388
17413845
17413845
17413845
17413845
17413845
4244903
4244903
4244903
4244903
4244903
4238074
4238074
4238074
4238074
4238074
11112578
11112578
11112578
11112578
11112578
11114274
11114274
11114274
11114274
11114274
4239981
4239981
4239981
4239981
4239981
17402218
17402218
17402218
17402218
17402218
17409390
17409390
17409390
17409390
17409390
17409372
17409372
17409372
17409372
17409372
17410914
17410914
17410914
17410914
17410914
17410027
17410027
17410027
17410027
17410027
11111832
11111832
11111832
11111832
11111832
17409896
17409896
17409896
17409896
17409896
14743916
14743916
14743916
14743916
14743916
4252841
4252841
4252841
4252841
4252841
11112642
11112642
11112642
11112642
11112642
4253974
4253974
4253974
4253974
4253974
17415949
17415949
17415949
17415949
17415949
11112519
11112519
11112519
11112519
11112519
861921
861921
861921
861921
861921
14739051
14739051
14739051
14739051
14739051
4253789
4253789
4253789
4253789
4253789
17415978
17415978
17415978
17415978
17415978
4246446
4246446
4246446
4246446
4246446
4253385
4253385
4253385
4253385
4253385
14740127
14740127
14740127
14740127
14740127
4253055
4253055
4253055
4253055
4253055
11110805
11110805
11110805
11110805
11110805
11114079
11114079
11114079
11114079
11114079
11112788
11112788
11112788
11112788
11112788
11114047
11114047
11114047
11114047
11114047
11112863
11112863
11112863
11112863
11112863
17402417
17402417
17402417
17402417
17402417
11113702
11113702
11113702
11113702
11113702
7972667
7972667
7972667
7972667
7972667
11111041
11111041
11111041
11111041
11111041
17407594
17407594
17407594
17407594
17407594
4238160
4238882
4238160
4238160
4238882
4237753
4239149
4237753
4237753
4239149
17407936
17407936
17407936
17407936
17407936
14744761
14744761
14744761
14744761
14744761
11114282
11114282
11114282
11114282
11114282
11113837
11113837
11113837
11113837
11113837
4244413
4244413
4244413
4244413
4244413
17414691
17414691
17414691
17414691
17414691
17416344
17416344
17416344
17416344
17416344
4253931
4253931
4253931
4253931
4253931
4252680
4252714
4252680
4252680
4252714
11114240
11114240
11114240
11114240
11114240
14723845
14723845
14723845
14723845
14723845
14723762
14723762
14723762
14723762
14723762
11113682
11113682
11113682
11113682
11113682
14727160
14727160
14727160
14727160
14727160
17411327
17411327
17411327
17411327
17411327
4254238
4254238
4254238
4254238
4254238
4238730
4238730
4238730
4238730
4238730
4238137
4238137
4238137
4238137
4238137
17401693
17401693
17401693
17401693
17401693
17402189
17402189
17402189
17402189
17402189
7973909
7973909
7973909
7973909
7973909
17384952
17384952
17384952
17384952
17384952
17387855
17387855
17387855
17387855
17387855
11113364
11113364
11113364
11113364
11113364
4239561
4239561
4239561
4239561
4239561
4238550
4238550
4238550
4238550
4238550
14722192
14722192
14722192
14722192
14722192
17411744
17411744
17411744
17411744
17411744
17414944
17414944
17414944
17414944
17414944
17402391
17402391
17402391
17402391
17402391
17412280
17412280
17412280
17412280
17412280
14732561
14732561
14732561
14732561
14732561
14734961
14734961
14734961
14734961
14734961
11113663
11113663
11113663
11113663
11113663
17407728
17407728
17407728
17407728
17407728
11111420
11111420
11111420
11111420
11111420
14746025
14746025
14746025
14746025
14746025
17413642
17413642
17413642
17413642
17413642
11111451
11112640
11111451
11111451
11112640
846619
846619
846619
846619
846619
4238136
4239323
4238136
4238136
4239323
4237493
4237493
4237493
4237493
4237493
17402789
17402789
17402789
17402789
17402789
11113966
11113966
11113966
11113966
11113966
11112524
11112524
11112524
11112524
11112524
4238005
4238357
4240104
4238005
4238357
17416244
17416244
17416244
17416244
17416244
14743253
14743253
14743253
14743253
14743253
14740889
14740889
14740889
14740889
14740889
4239743
4239743
4239743
4239743
4239743
4253853
4253853
4253853
4253853
4253853
11111781
11111781
11111781
11111781
11111781
11114143
11114143
11114143
11114143
11114143
17408925
17408925
17408925
17408925
17408925
4244229
4244229
4244229
4244229
4244229
3712252
3712252
3712252
3712252
3712252
4243316
4243316
4243316
4243316
4243316
17412856
17412856
17412856
17412856
17412856
4242089
4244375
4242089
4242089
4244375
4238315
4238315
4238315
4238315
4238315
4238227
4238227
4238227
4238227
4238227
4237840
4237899
4237840
4237840
4237899
11113138
11113138
11113138
11113138
11113138
17409970
17409970
17409970
17409970
17409970
17412869
17412869
17412869
17412869
17412869
4253064
4253064
4253064
4253064
4253064
14744625
14744625
14744625
14744625
14744625
11111796
11111796
11111796
11111796
11111796
14745870
14745870
14745870
14745870
14745870
14741037
14741037
14741037
14741037
14741037
14722164
14722164
14722164
14722164
14722164
17414515
17414515
17414515
17414515
17414515
14738640
14738640
14738640
14738640
14738640
17403295
17403295
17403295
17403295
17403295
11113167
11113167
11113167
11113167
11113167
11111754
11111754
11111754
11111754
11111754
17409280
17409280
17409280
17409280
17409280
17402609
17402609
17402609
17402609
17402609
17403488
17403488
17403488
17403488
17403488
4239773
4239773
4239773
4239773
4239773
14741792
14741792
14741792
14741792
14741792
17407725
17407725
17407725
17407725
17407725
14724126
14724126
14724126
14724126
14724126
11112695
11112695
11112695
11112695
11112695
17408805
17408805
17408805
17408805
17408805
11112417
11112417
11112417
11112417
11112417
11113710
11113710
11113710
11113710
11113710
17411692
17411692
17411692
17411692
17411692
11114193
11114193
11114193
11114193
11114193
17406597
17406597
17406597
17406597
17406597
17409918
17409918
17409918
17409918
17409918
11110822
11110822
11110822
11110822
11110822
14732937
14732937
14732937
14732937
14732937
11110990
11110990
11110990
11110990
11110990
17415251
17415251
17415251
17415251
17415251
11111562
11111562
11111562
11111562
11111562
4254144
4254144
4254144
4254144
4254144
17406974
17406974
17406974
17406974
17406974
4240329
4240329
4240329
4240329
4240329
11112233
11112233
11112233
11112233
11112233
17387788
17387788
17387788
17387788
17387788
17415927
17415927
17415927
17415927
17415927
14734801
14734801
14734801
14734801
14734801
4238449
4239146
4239224
4240231
4238449
14744642
14744642
14744642
14744642
14744642
11111318
11111318
11111318
11111318
11111318
17403592
17403592
17403592
17403592
17403592
17413221
17413221
17413221
17413221
17413221
11111142
11111142
11111142
11111142
11111142
17415741
17415741
17415741
17415741
17415741
4238382
4238382
4238382
4238382
4238382
4242495
4242495
4242495
4242495
4242495
17416085
17416085
17416085
17416085
17416085
17414304
17414304
17414304
17414304
17414304
7972835
7972835
7972835
7972835
7972835
11112549
11112549
11112549
11112549
11112549
17387581
17387581
17387581
17387581
17387581
14723715
14723715
14723715
14723715
14723715
4245726
4245726
4245726
4245726
4245726
17407999
17407999
17407999
17407999
17407999
17402106
17402106
17402106
17402106
17402106
17385138
17385138
17385138
17385138
17385138
11112478
11112478
11112478
11112478
11112478
11113703
11113703
11113703
11113703
11113703
17415246
17415246
17415246
17415246
17415246
11112882
11112882
11112882
11112882
11112882
4245567
4245567
4245567
4245567
4245567
17407600
17407600
17407600
17407600
17407600
11113620
11113620
11113620
11113620
11113620
11111391
11111391
11111391
11111391
11111391
14730359
14730359
14730359
14730359
14730359
17411994
17411994
17411994
17411994
17411994
4238352
4238352
4238352
4238352
4238352
17413027
17413027
17413027
17413027
17413027
17412858
17412858
17412858
17412858
17412858
17413319
17413319
17413319
17413319
17413319
4253975
4253975
4253975
4253975
4253975
14727157
14727157
14727157
14727157
14727157
14723925
14723925
14723925
14723925
14723925
11111098
11111098
11111098
11111098
11111098
17385033
17385033
17385033
17385033
17385033
11113619
11113619
11113619
11113619
11113619
863506
863506
863506
863506
863506
17416263
17416263
17416263
17416263
17416263
11111940
11111940
11111940
11111940
11111940
17414518
17414518
17414518
17414518
17414518
17410013
17410278
17410013
17410013
17410278
11111664
11111664
11111664
11111664
11111664
11111240
11111240
11111240
11111240
11111240
17388000
17388000
17388000
17388000
17388000
11111651
11111651
11111651
11111651
11111651
11112654
11112654
11112654
11112654
11112654
4253254
4253254
4253254
4253254
4253254
11114009
11114009
11114009
11114009
11114009
17401248
17401248
17401248
17401248
17401248
4239155
4239155
4239155
4239155
4239155
14745962
14745962
14745962
14745962
14745962
4253960
4253960
4253960
4253960
4253960
11111312
11111312
11111312
11111312
11111312
11114044
11114044
11114044
11114044
11114044
17410350
17410350
17410350
17410350
17410350
4252706
4252706
4252706
4252706
4252706
11113683
11113683
11113683
11113683
11113683
4239006
4239006
4239006
4239006
4239006
11113989
11113989
11113989
11113989
11113989
17413432
17413432
17413432
17413432
17413432
11113845
11113845
11113845
11113845
11113845
11110852
11110852
11110852
11110852
11110852
4238572
4238572
4238572
4238572
4238572
14743593
14743593
14743593
14743593
14743593
14740471
14740471
14740471
14740471
14740471
14721854
14721854
14721854
14721854
14721854
11114222
11114222
11114222
11114222
11114222
11114248
11114248
11114248
11114248
11114248
11111983
11111983
11111983
11111983
11111983
11110892
11110892
11110892
11110892
11110892
861762
861762
861762
861762
861762
11110952
14741376
11110952
11110952
14741376
17385054
17385054
17385054
17385054
17385054
11111023
11111023
11111023
11111023
11111023
11111954
11111954
11111954
11111954
11111954
11111845
11111845
11111845
11111845
11111845
4253776
4253776
4253776
4253776
4253776
4238802
4238812
4238802
4238802
4238812
4252840
4252840
4252840
4252840
4252840
4239130
4239130
4239130
4239130
4239130
17412145
17412145
17412145
17412145
17412145
17415403
17415403
17415403
17415403
17415403
14744673
14744673
14744673
14744673
14744673
4240129
4240129
4240129
4240129
4240129
11113082
11113082
11113082
11113082
11113082
11113808
11113808
11113808
11113808
11113808
14735328
14735328
14735328
14735328
14735328
4250497
4250497
4250497
4250497
4250497
17387742
17387742
17387742
17387742
17387742
4253932
4253932
4253932
4253932
4253932
11111944
11111944
11111944
11111944
11111944
11111808
11111808
11111808
11111808
11111808
14725999
14725999
14725999
14725999
14725999
4244593
4244593
4244593
4244593
4244593
4237719
4240028
4237719
4237719
4240028
17415295
17415295
17415295
17415295
17415295
3712493
3712493
3712493
3712493
3712493
11110760
11110760
11110760
11110760
11110760
11111157
11111157
11111157
11111157
11111157
4241842
4241842
4241842
4241842
4241842
4252697
4252698
4252697
4252697
4252698
11112582
11112582
11112582
11112582
11112582
11113652
11113652
11113652
11113652
11113652
11112271
11112271
11112271
11112271
11112271
11113887
11113887
11113887
11113887
11113887
17415293
17415293
17415293
17415293
17415293
7973380
7973380
7973380
7973380
7973380
14743956
14743956
14743956
14743956
14743956
11114070
11114095
11114070
11114070
11114095
11111310
11111310
11111310
11111310
11111310
4238047
4238047
4238047
4238047
4238047
14743378
14743378
14743378
14743378
14743378
14742019
14742019
14742019
14742019
14742019
17384978
17384978
17384978
17384978
17384978
17415892
17415892
17415892
17415892
17415892
4239042
4239042
4239042
4239042
4239042
4265494
4265494
4265494
4265494
4265494
14736725
14741004
14736725
14736725
14741004
4243362
4243362
4243362
4243362
4243362
4239069
4239638
4239069
4239069
4239638
17406934
17406934
17406934
17406934
17406934
26751189
26751189
26751189
26751189
26751189
14745891
14745891
14745891
14745891
14745891
14745129
14745129
14745129
14745129
14745129
11114235
11114235
11114235
11114235
11114235
17407618
17407618
17407618
17407618
17407618
4238303
4238303
4238303
4238303
4238303
11113698
11113698
11113698
11113698
11113698
17416026
17416026
17416026
17416026
17416026
4238724
4239856
4238724
4238724
4239856
14732471
14732471
14732471
14732471
14732471
4253063
4253063
4253063
4253063
4253063
17408549
17408549
17408549
17408549
17408549
3712600
3712600
3712600
3712600
3712600
11111002
11111002
11111002
11111002
11111002
17402100
17402100
17402100
17402100
17402100
17384944
17384982
17384989
17384944
17384982
17384922
17384922
17384922
17384922
17384922
17415641
17415641
17415641
17415641
17415641
4239348
4239348
4239348
4239348
4239348
11112754
11112754
11112754
11112754
11112754
4253709
11112389
4253709
4253709
11112389
17412855
17412855
17412855
17412855
17412855
11113089
11113089
11113089
11113089
11113089
17408225
17408225
17408225
17408225
17408225
11112611
11112611
11112611
11112611
11112611
4250265
4250265
4250265
4250265
4250265
4249561
4249561
4249561
4249561
4249561
11111820
11111820
11111820
11111820
11111820
11112405
11112405
11112405
11112405
11112405
4238134
4238134
4238134
4238134
4238134
14734086
14734086
14734086
14734086
14734086
17414561
17414561
17414561
17414561
17414561
14722190
14722190
14722190
14722190
14722190
11111163
11113547
11111163
11111163
11113547
4238839
4238839
4238839
4238839
4238839
4242611
4242611
4242611
4242611
4242611
26752659
26752659
26752659
26752659
26752659
4252655
4252655
4252655
4252655
4252655
4252926
4252926
4252926
4252926
4252926
17413562
17413562
17413562
17413562
17413562
853124
853124
853124
853124
853124
4253610
4253610
4253610
4253610
4253610
17415412
17415412
17415412
17415412
17415412
4238586
4238586
4238586
4238586
4238586
17413433
17413433
17413433
17413433
17413433
11111198
11111198
11111198
11111198
11111198
17413550
17413550
17413550
17413550
17413550
17414902
17414902
17414902
17414902
17414902
17414163
17414163
17414163
17414163
17414163
11112580
11112580
11112580
11112580
11112580
17415877
17415877
17415877
17415877
17415877
17410364
17410364
17410364
17410364
17410364
17409227
17409227
17409227
17409227
17409227
17416133
17416133
17416133
17416133
17416133
17408942
17408942
17408942
17408942
17408942
4238040
4239150
4238040
4238040
4239150
11113700
11113700
11113700
11113700
11113700
17407730
17407730
17407730
17407730
17407730
17402532
17402532
17402532
17402532
17402532
11112403
11112403
11112403
11112403
11112403
4253450
4253450
4253450
4253450
4253450
14741302
14741302
14741302
14741302
14741302
4254339
4254339
4254339
4254339
4254339
17415590
17415590
17415590
17415590
17415590
11112823
11112823
11112823
11112823
11112823
14729372
14729372
14729372
14729372
14729372
17409903
17409903
17409903
17409903
17409903
4246674
4246674
4246674
4246674
4246674
14731076
14731076
14731076
14731076
14731076
11112239
11112239
11112239
11112239
11112239
11112867
11112867
11112867
11112867
11112867
4239756
4239756
4239756
4239756
4239756
17416098
17416098
17416098
17416098
17416098
14732051
14732051
14732051
14732051
14732051
17408497
17408497
17408497
17408497
17408497
14742740
14742740
14742740
14742740
14742740
11112688
11112688
11112688
11112688
11112688
14741028
14741028
14741028
14741028
14741028
17415907
17415907
17415907
17415907
17415907
4238038
4238038
4238038
4238038
4238038
11113602
11113602
11113602
11113602
11113602
4239486
4239486
4239486
4239486
4239486
11113660
11113660
11113660
11113660
11113660
17406763
17406763
17406763
17406763
17406763
17414210
17414210
17414210
17414210
17414210
4245312
4245312
4245312
4245312
4245312
17412981
17412981
17412981
17412981
17412981
11113600
11113600
11113600
11113600
11113600
17403132
17403132
17403132
17403132
17403132
4239222
4240214
4239222
4239222
4240214
11111127
11112879
11114224
11111127
11112879
4239226
4239226
4239226
4239226
4239226
14744173
14744173
14744173
14744173
14744173
17407306
17407306
17407306
17407306
17407306
17403226
17403226
17403226
17403226
17403226
14738616
14738616
14738616
14738616
14738616
4238209
4238502
4238209
4238209
4238502
17408728
17408728
17408728
17408728
17408728
17414940
17414940
17414940
17414940
17414940
14726060
14726060
14726060
14726060
14726060
11112690
11112690
11112690
11112690
11112690
11112514
11112514
11112514
11112514
11112514
4237956
4238474
4237956
4237956
4238474
3716661
3716661
3716661
3716661
3716661
4253799
4253799
4253799
4253799
4253799
4240587
4240587
4240587
4240587
4240587
4252604
4252604
4252604
4252604
4252604
14726033
14726033
14726033
14726033
14726033
17413842
17413842
17413842
17413842
17413842
17403486
17403486
17403486
17403486
17403486
11110956
11113541
11110956
11110956
11113541
11113254
11113254
11113254
11113254
11113254
4250318
4250318
4250318
4250318
4250318
4252554
4252554
4252554
4252554
4252554
11111512
11111512
11111512
11111512
11111512
11111639
11111639
11111639
11111639
11111639
11112107
11112107
11112107
11112107
11112107
17413839
17413839
17413839
17413839
17413839
14722619
14722619
14722619
14722619
14722619
17385026
17385026
17385026
17385026
17385026
17413542
17413542
17413542
17413542
17413542
17413019
17413019
17413019
17413019
17413019
4237665
4237665
4237665
4237665
4237665
4249354
4249354
4249354
4249354
4249354
17416364
17416364
17416364
17416364
17416364
17412633
17412633
17412633
17412633
17412633
14723719
14723719
14723719
14723719
14723719
17385050
17385050
17385050
17385050
17385050
17412149
17412149
17412149
17412149
17412149
11110826
11110826
11110826
11110826
11110826
17411223
17411223
17411223
17411223
17411223
17414630
17414630
17414630
17414630
17414630
17402359
17402359
17402359
17402359
17402359
14741276
14741276
14741276
14741276
14741276
11112680
11112711
11112744
11112680
11112711
17409939
17409939
17409939
17409939
17409939
11111107
11111107
11111107
11111107
11111107
4252761
4252761
4252761
4252761
4252761
17407913
17407913
17407913
17407913
17407913
4252157
4252157
4252157
4252157
4252157
4251946
4251946
4251946
4251946
4251946
17412082
17412082
17412082
17412082
17412082
4245612
4245612
4245612
4245612
4245612
11113972
11113972
11113972
11113972
11113972
14742200
14742200
14742200
14742200
14742200
17414640
17414640
17414640
17414640
17414640
17412924
17412924
17412924
17412924
17412924
4252703
4252703
4252703
4252703
4252703
11113552
11113552
11113552
11113552
11113552
4265800
4265800
4265800
4265800
4265800
14743213
14743213
14743213
14743213
14743213
17409730
17409730
17409730
17409730
17409730
11113832
11113832
11113832
11113832
11113832
14742192
14742192
14742192
14742192
14742192
17412204
17412204
17412204
17412204
17412204
3716458
3716458
3716458
3716458
3716458
14721871
14721871
14721871
14721871
14721871
4237904
4237940
4237904
4237904
4237940
4253395
4253395
4253395
4253395
4253395
4252755
4252755
4252755
4252755
4252755
17387762
17414595
17387762
17387762
17414595
4240205
4240205
4240205
4240205
4240205
17406870
17406870
17406870
17406870
17406870
11110942
11110942
11110942
11110942
11110942
4240045
4240045
4240045
4240045
4240045
4238039
4238720
4238039
4238039
4238720
4237859
4237876
4237859
4237859
4237876
17403112
17403112
17403112
17403112
17403112
4238000
4238000
4238000
4238000
4238000
4238124
4239475
4238124
4238124
4239475
11112922
11112922
11112922
11112922
11112922
4239604
4239604
4239604
4239604
4239604
11112456
11112456
11112456
11112456
11112456
4238567
4238567
4238567
4238567
4238567
11114015
11114015
11114015
11114015
11114015
4240051
4240051
4240051
4240051
4240051
11113852
11113852
11113852
11113852
11113852
17414549
17414549
17414549
17414549
17414549
11112737
11112737
11112737
11112737
11112737
4238314
4238314
4238314
4238314
4238314
11113564
11113564
11113564
11113564
11113564
11111452
11111452
11111452
11111452
11111452
4239037
4240432
4239037
4239037
4240432
4247785
4247785
4247785
4247785
4247785
14744614
14744614
14744614
14744614
14744614
4247338
4247338
4247338
4247338
4247338
11111021
11111021
11111021
11111021
11111021
14740674
14740674
14740674
14740674
14740674
4238411
4238411
4238411
4238411
4238411
11111367
11111367
11111367
11111367
11111367
14734490
14734490
14734490
14734490
14734490
17416024
17416024
17416024
17416024
17416024
17407755
17407755
17407755
17407755
17407755
4248549
4248549
4248549
4248549
4248549
17407126
17407497
17407126
17407126
17407497
4240168
4240168
4240168
4240168
4240168
11113538
11113538
11113538
11113538
11113538
11111687
11111687
11111687
11111687
11111687
4238976
4238976
4238976
4238976
4238976
17415267
17415267
17415267
17415267
17415267
4254095
4254095
4254095
4254095
4254095
14742432
14742432
14742432
14742432
14742432
14723800
14723800
14723800
14723800
14723800
4237527
4237527
4237527
4237527
4237527
17414924
17414924
17414924
17414924
17414924
11111510
11111510
11111510
11111510
11111510
11112534
11112534
11112534
11112534
11112534
4238653
4239545
4238653
4238653
4239545
11113607
11113607
11113607
11113607
11113607
17408479
17408479
17408479
17408479
17408479
17413009
17413009
17413009
17413009
17413009
3717932
3717932
3717932
3717932
3717932
858981
858981
858981
858981
858981
4239115
4239372
4239115
4239115
4239372
11111416
11111416
11111416
11111416
11111416
17415139
17415139
17415139
17415139
17415139
17415385
17415385
17415385
17415385
17415385
26751172
26751172
26751172
26751172
26751172
17414955
17414955
17414955
17414955
17414955
17414144
17414144
17414144
17414144
17414144
17412601
17412601
17412601
17412601
17412601
4237703
4238534
4237703
4237703
4238534
4238497
4239409
4240030
4238497
4239409
17415286
17415286
17415286
17415286
17415286
4238130
4238130
4238130
4238130
4238130
4240219
4240219
4240219
4240219
4240219
7978437
7978437
7978437
7978437
7978437
14735180
14735180
14735180
14735180
14735180
17406574
17406574
17406574
17406574
17406574
4238379
4238379
4238379
4238379
4238379
7972806
7972806
7972806
7972806
7972806
4238785
4238785
4238785
4238785
4238785
11113645
11113645
11113645
11113645
11113645
4238819
4238819
4238819
4238819
4238819
4238613
4238613
4238613
4238613
4238613
17385301
17385301
17385301
17385301
17385301
4246945
4246945
4246945
4246945
4246945
4238954
4240049
4238954
4238954
4240049
17413794
17413794
17413794
17413794
17413794
14743885
14743885
14743885
14743885
14743885
4238287
4238287
4238287
4238287
4238287
11113690
11113690
11113690
11113690
11113690
4238995
4238995
4238995
4238995
4238995
14724064
14724064
14724064
14724064
14724064
4242466
4242466
4242466
4242466
4242466
11112103
11112103
11112103
11112103
11112103
4239715
4239715
4239715
4239715
4239715
17415174
17415174
17415174
17415174
17415174
4239194
4239194
4239194
4239194
4239194
4238581
4238581
4238581
4238581
4238581
11112400
11112400
11112400
11112400
11112400
7975646
7975646
7975646
7975646
7975646
4239041
4239041
4239041
4239041
4239041
17412450
17412450
17412450
17412450
17412450
4238146
4238146
4238146
4238146
4238146
4253439
4253439
4253439
4253439
4253439
11111942
11113517
11113531
11111942
11113517
11113485
11113486
11113485
11113485
11113486
4238638
4240088
4238638
4238638
4240088
11112912
11112912
11112912
11112912
11112912
4254337
4254337
4254337
4254337
4254337
11110978
11110978
11110978
11110978
11110978
11114019
11114019
11114019
11114019
11114019
17403206
17403206
17403206
17403206
17403206
4238850
4238850
4238850
4238850
4238850
4252673
11111179
4252673
4252673
11111179
11111497
11111497
11111497
11111497
11111497
4248419
4248419
4248419
4248419
4248419
4240005
4240005
4240005
4240005
4240005
4245019
4245019
4245019
4245019
4245019
14744854
14744854
14744854
14744854
14744854
4253309
4253309
4253309
4253309
4253309
17401961
17401961
17401961
17401961
17401961
14744976
14744976
14744976
14744976
14744976
4248274
4248274
4248274
4248274
4248274
17414784
17414784
17414784
17414784
17414784
4246722
4246722
4246722
4246722
4246722
4239264
4239264
4239264
4239264
4239264
26752634
26752634
26752634
26752634
26752634
4237663
4237769
4239700
4240436
4237663
4237544
4237903
4237544
4237544
4237903
4240025
4240025
4240025
4240025
4240025
4238972
4239559
4238972
4238972
4239559
4237508
4238747
4237508
4237508
4238747
4237919
4238921
4237919
4237919
4238921
14741041
14741041
14741041
14741041
14741041
11113464
11113464
11113464
11113464
11113464
4238485
4239680
4238485
4238485
4239680
4238221
4238254
4238221
4238221
4238254
4238848
4239714
4240059
4238848
4239714
26751139
26751139
26751139
26751139
26751139
4239470
4239948
4239470
4239470
4239948
11112495
11112503
11112495
11112495
11112503
4237672
4237914
4237672
4237672
4237914
4238834
4238834
4238834
4238834
4238834
4239540
4239632
4239540
4239540
4239632
11112541
11112541
11112541
11112541
11112541
4239596
4239842
4239864
4239596
4239842
860472
860472
860472
860472
860472
11113546
11113546
11113546
11113546
11113546
17408511
17408511
17408511
17408511
17408511
14740175
14740175
14740175
14740175
14740175
4238852
4239667
4240243
4238852
4239667
17413528
17413528
17413528
17413528
17413528
11113491
11113491
11113491
11113491
11113491
4238891
4239927
4238891
4238891
4239927
11113835
11113835
11113835
11113835
11113835
11113669
11113669
11113669
11113669
11113669
11114231
11114231
11114231
11114231
11114231
11112574
11112574
11112574
11112574
11112574
4238114
4239777
4238114
4238114
4239777
17414754
17414754
17414754
17414754
17414754
4240138
4240138
4240138
4240138
4240138
4239218
4239218
4239218
4239218
4239218
4239305
4239305
4239305
4239305
4239305
17401159
17401159
17401159
17401159
17401159
4239677
4239677
4239677
4239677
4239677
4239345
4239345
4239345
4239345
4239345
4238277
4238277
4238277
4238277
4238277
4240355
4240355
4240355
4240355
4240355
4239289
4239289
4239289
4239289
4239289
4253375
4253375
4253375
4253375
4253375
11111847
11112750
11111847
11111847
11112750
4238748
4239492
4239890
4238748
4239492
17408842
17408842
17408842
17408842
17408842
4239516
4239516
4239516
4239516
4239516
11113075
11113075
11113075
11113075
11113075
4237841
4237841
4237841
4237841
4237841
11114131
11114131
11114131
11114131
11114131
26751142
26751142
26751142
26751142
26751142
11111748
11113557
11111748
11111748
11113557
4253344
4253376
4253344
4253344
4253376
4240210
4240210
4240210
4240210
4240210
4239954
4239954
4239954
4239954
4239954
4237838
4240457
4237838
4237838
4240457
4238150
4238150
4238150
4238150
4238150
11111928
11111928
11111928
11111928
11111928
4244193
4244193
4244193
4244193
4244193
17414722
17414722
17414722
17414722
17414722
4239879
4239879
4239879
4239879
4239879
4238093
4239318
4238093
4238093
4239318
4242948
4242948
4242948
4242948
4242948
14726691
14726691
14726691
14726691
14726691
4240292
4240292
4240292
4240292
4240292
11112468
11112468
11112468
11112468
11112468
4237879
4239902
4237879
4237879
4239902
17409707
17409707
17409707
17409707
17409707
4252460
4252460
4252460
4252460
4252460
4237807
4238143
4239052
4237807
4238143
11113830
11113830
11113830
11113830
11113830
4238875
4240086
4238875
4238875
4240086
14727057
14727057
14727057
14727057
14727057
11111632
11112467
11111632
11111632
11112467
4238853
4238853
4238853
4238853
4238853
4239175
4239192
4239175
4239175
4239192
4238034
4238911
4238034
4238034
4238911
4238570
4238878
4239928
4238570
4238878
4238920
4238920
4238920
4238920
4238920
7975336
7975336
7975336
7975336
7975336
4239418
4239418
4239418
4239418
4239418
11111863
11112490
11111863
11111863
11112490
4240043
4240043
4240043
4240043
4240043
4239424
4239541
4239837
4239424
4239541
4239077
4239077
4239077
4239077
4239077
4239032
4239032
4239032
4239032
4239032
4240317
4240317
4240317
4240317
4240317
4240141
4240141
4240141
4240141
4240141
17413822
17413822
17413822
17413822
17413822
849465
849465
849465
849465
849465
4238301
4238301
4238301
4238301
4238301
4238176
4238176
4238176
4238176
4238176
4240032
4240032
4240032
4240032
4240032
11112589
11112589
11112589
11112589
11112589
4237497
4240378
4237497
4237497
4240378
7972981
7972981
7972981
7972981
7972981
11113727
11113727
11113727
11113727
11113727
4238267
4238267
4238267
4238267
4238267
4239501
4239501
4239501
4239501
4239501
11113667
11113667
11113667
11113667
11113667
4238493
4238493
4238493
4238493
4238493
4238857
4239801
4238857
4238857
4239801
4239432
4239476
4239432
4239432
4239476
17414727
17415216
17414727
17414727
17415216
4238500
4239775
4238500
4238500
4239775
4238866
4238866
4238866
4238866
4238866
4239428
4239428
4239428
4239428
4239428
11111252
11111252
11111252
11111252
11111252
17414069
17414069
17414069
17414069
17414069
4238403
4238403
4238403
4238403
4238403
4237538
4237538
4237538
4237538
4237538
4238862
4239141
4238862
4238862
4239141
4238256
4239431
4240459
4238256
4239431
17407636
17409187
17407636
17407636
17409187
4251186
4251186
4251186
4251186
4251186
4238391
4238391
4238391
4238391
4238391
4240236
4240236
4240236
4240236
4240236
4240419
4240419
4240419
4240419
4240419
4237566
4237566
4237566
4237566
4237566
4238544
4238833
4238544
4238544
4238833
4238259
4238259
4238259
4238259
4238259
11112619
11112619
11112619
11112619
11112619
4237782
4237782
4237782
4237782
4237782
4254250
4254250
4254250
4254250
4254250
4238770
4239979
4238770
4238770
4239979
4240371
4240416
4240371
4240371
4240416
4240218
4240218
4240218
4240218
4240218
4239157
4239157
4239157
4239157
4239157
4252736
11112531
4252736
4252736
11112531
4237616
4240203
4237616
4237616
4240203
4237690
4238612
4237690
4237690
4238612
4238888
4238888
4238888
4238888
4238888
4238107
4239945
4238107
4238107
4239945
4238646
4238646
4238646
4238646
4238646
11111412
11111412
11111412
11111412
11111412
4239904
4239904
4239904
4239904
4239904
4238746
4239089
4238746
4238746
4239089
14740345
14740345
14740345
14740345
14740345
4238079
4238079
4238079
4238079
4238079
4239841
4239841
4239841
4239841
4239841
4253929
4253929
4253929
4253929
4253929
4239085
4239085
4239085
4239085
4239085
4238312
4238312
4238312
4238312
4238312
4238841
4238841
4238841
4238841
4238841
11111645
11111685
11111645
11111645
11111685
4240359
4240359
4240359
4240359
4240359
4240275
4240275
4240275
4240275
4240275
4238321
4238321
4238321
4238321
4238321
4239480
4239480
4239480
4239480
4239480
4239901
4240119
4239901
4239901
4240119
4239099
4239099
4239099
4239099
4239099
4237550
4237550
4237550
4237550
4237550
