11110733
11110733
11110733
11110733
11110733
4251514
4251514
4251514
4251514
4251514
11113076
11113076
11113076
11113076
11113076
4245140
4245140
4245140
4245140
4245140
14744185
14744185
14744185
14744185
14744185
11113352
11113352
11113352
11113352
11113352
4240049
4240049
4240049
4240049
4240049
4245122
4245122
4245122
4245122
4245122
11111859
11111859
11111859
11111859
11111859
11112403
11112403
11112403
11112403
11112403
844570
844570
844570
844570
844570
851492
851492
851492
851492
851492
3712006
3712006
3712006
3712006
3712006
14740286
14740286
14740286
14740286
14740286
4253776
4253776
4253776
4253776
4253776
4247569
4247569
4247569
4247569
4247569
7975125
7975125
7975125
7975125
7975125
11114238
11114238
11114238
11114238
11114238
11113129
11113215
11113129
11113129
11113215
14737060
14737060
14737060
14737060
14737060
14734519
14734519
14734519
14734519
14734519
861552
861552
861552
861552
861552
4253263
4253263
4253263
4253263
4253263
11114027
11114027
11114027
11114027
11114027
847676
847676
847676
847676
847676
11114134
11114134
11114134
11114134
11114134
11113266
11113266
11113266
11113266
11113266
11114267
11114267
11114267
11114267
11114267
4238245
4239305
4238245
4238245
4239305
11114108
11114108
11114108
11114108
11114108
4253846
4253846
4253846
4253846
4253846
852799
852799
852799
852799
852799
7974447
7974447
7974447
7974447
7974447
17406941
17406941
17406941
17406941
17406941
4245908
4245908
4245908
4245908
4245908
4251336
4251336
4251336
4251336
4251336
11113800
11113800
11113800
11113800
11113800
4246673
4246673
4246673
4246673
4246673
861918
861918
861918
861918
861918
14743898
14743898
14743898
14743898
14743898
4247608
4247608
4247608
4247608
4247608
26752415
26752415
26752415
26752415
26752415
11114127
11114127
11114127
11114127
11114127
4247641
4247641
4247641
4247641
4247641
845912
845912
845912
845912
845912
14742441
14742441
14742441
14742441
14742441
11113089
11113089
11113089
11113089
11113089
14743492
14743492
14743492
14743492
14743492
4252151
4252151
4252151
4252151
4252151
14722620
14722620
14722620
14722620
14722620
17406870
17406870
17406870
17406870
17406870
4245173
4245173
4245173
4245173
4245173
4252575
4252575
4252575
4252575
4252575
17406807
17406807
17406807
17406807
17406807
4253056
4253056
4253056
4253056
4253056
11111032
11111032
11111032
11111032
11111032
11113683
11113683
11113683
11113683
11113683
858319
858319
858319
858319
858319
11113122
11113122
11113122
11113122
11113122
844085
844085
844085
844085
844085
4252189
4252189
4252189
4252189
4252189
4249916
4249916
4249916
4249916
4249916
11111232
11111232
11111232
11111232
11111232
4243523
4243523
4243523
4243523
4243523
4245695
4245695
4245695
4245695
4245695
17402392
17402392
17402392
17402392
17402392
26752686
26752686
26752686
26752686
26752686
11113305
11113305
11113305
11113305
11113305
17408796
17408796
17408796
17408796
17408796
14726106
14726106
14726106
14726106
14726106
17415275
17415275
17415275
17415275
17415275
17386992
17386992
17386992
17386992
17386992
4237490
4237490
4237490
4237490
4237490
11113147
11113147
11113147
11113147
11113147
11114082
11114082
11114082
11114082
11114082
11113206
11113206
11113206
11113206
11113206
4249174
4249174
4249174
4249174
4249174
11110962
11110962
11110962
11110962
11110962
858631
858631
858631
858631
858631
14745429
14745429
14745429
14745429
14745429
4244887
4244887
4244887
4244887
4244887
11112144
11112144
11112144
11112144
11112144
4253269
4253269
4253269
4253269
4253269
14743883
14743883
14743883
14743883
14743883
17408576
17408576
17408576
17408576
17408576
11114268
11114268
11114268
11114268
11114268
4253758
4253758
4253758
4253758
4253758
844118
844118
844118
844118
844118
17411191
17411191
17411191
17411191
17411191
847614
847614
847614
847614
847614
863062
863062
863062
863062
863062
14723415
14723415
14723415
14723415
14723415
4244229
4244229
4244229
4244229
4244229
14726349
14726349
14726349
14726349
14726349
11112515
11112515
11112515
11112515
11112515
4248990
4248990
4248990
4248990
4248990
14743984
14743984
14743984
14743984
14743984
11111105
11112635
11111105
11111105
11112635
14741041
14741041
14741041
14741041
14741041
862915
14740975
862915
862915
14740975
3712357
3712357
3712357
3712357
3712357
848762
848762
848762
848762
848762
14744868
14744868
14744868
14744868
14744868
7976938
7976938
7976938
7976938
7976938
11111142
11111142
11111142
11111142
11111142
14743319
14743319
14743319
14743319
14743319
17403479
17403479
17403479
17403479
17403479
14745588
14745588
14745588
14745588
14745588
26752727
26752727
26752727
26752727
26752727
4241763
4241763
4241763
4241763
4241763
858812
858812
858812
858812
858812
11112711
11112711
11112711
11112711
11112711
14723880
14723880
14723880
14723880
14723880
14735082
14735082
14735082
14735082
14735082
14726081
14726081
14726081
14726081
14726081
4252678
4252714
4253419
4252678
4252714
3712307
3712307
3712307
3712307
3712307
14724096
14735326
14724096
14724096
14735326
844873
844873
844873
844873
844873
14725996
14725996
14725996
14725996
14725996
17385133
17385134
17385144
17385145
17385179
17403225
17403225
17403225
17403225
17403225
14742815
14743496
14742815
14742815
14743496
17401248
17401248
17401248
17401248
17401248
17385812
17385812
17385812
17385812
17385812
14742346
14742346
14742346
14742346
14742346
4253630
4253630
4253630
4253630
4253630
3716458
3716458
3716458
3716458
3716458
11111622
11111622
11111622
11111622
11111622
17416092
17416092
17416092
17416092
17416092
4238954
4238954
4238954
4238954
4238954
17406614
17406614
17406614
17406614
17406614
14741026
14743497
14741026
14741026
14743497
11114232
11114232
11114232
11114232
11114232
14726371
14726371
14726371
14726371
14726371
4245737
4245737
4245737
4245737
4245737
14731511
14731511
14731511
14731511
14731511
4249581
4249581
4249581
4249581
4249581
3715149
3715149
3715149
3715149
3715149
17412125
17412125
17412125
17412125
17412125
4245847
4245847
4245847
4245847
4245847
11114079
11114079
11114079
11114079
11114079
17412450
17414069
17412450
17412450
17414069
14740669
14740669
14740669
14740669
14740669
4238146
4238146
4238146
4238146
4238146
4251114
4251114
4251114
4251114
4251114
17406862
17406862
17406862
17406862
17406862
17411248
17411248
17411248
17411248
17411248
4246791
4246791
4246791
4246791
4246791
17401972
17401972
17401972
17401972
17401972
11113698
11113698
11113698
11113698
11113698
11114191
11114191
11114191
11114191
11114191
4246166
4246166
4246166
4246166
4246166
4250935
4250935
4250935
4250935
4250935
14734803
14734803
14734803
14734803
14734803
14744673
14744673
14744673
14744673
14744673
11113619
11113619
11113619
11113619
11113619
11112882
11112882
11112882
11112882
11112882
14733826
14733826
14733826
14733826
14733826
14742192
14742192
14742192
14742192
14742192
4253803
4253803
4253803
4253803
4253803
14740230
14740230
14740230
14740230
14740230
3711555
3711555
3711555
3711555
3711555
17409008
17409008
17409008
17409008
17409008
14744908
14744908
14744908
14744908
14744908
11111520
11111520
11111520
11111520
11111520
17407471
17407471
17407471
17407471
17407471
4254205
4254205
4254205
4254205
4254205
14725999
14725999
14725999
14725999
14725999
4252990
4252990
4252990
4252990
4252990
11113947
11113947
11113947
11113947
11113947
4253126
4253126
4253126
4253126
4253126
4245234
4245234
4245234
4245234
4245234
4237776
4238434
4237776
4237776
4238434
11111629
11111629
11111629
11111629
11111629
14735335
14735335
14735335
14735335
14735335
4251714
4251714
4251714
4251714
4251714
14745230
14745230
14745230
14745230
14745230
11114261
11114261
11114261
11114261
11114261
4237609
4237609
4237609
4237609
4237609
851940
851940
851940
851940
851940
17412912
17412912
17412912
17412912
17412912
17387989
17387989
17387989
17387989
17387989
17406979
17406979
17406979
17406979
17406979
14730624
14730624
14730624
14730624
14730624
4237604
4237604
4237604
4237604
4237604
4241360
4241360
4241360
4241360
4241360
14722650
14722650
14722650
14722650
14722650
859796
859796
859796
859796
859796
14743381
14743381
14743381
14743381
14743381
4253686
4253686
4253686
4253686
4253686
843813
848536
843813
843813
848536
4246398
4246398
4246398
4246398
4246398
14745263
14745263
14745263
14745263
14745263
14732942
17409151
14732942
14732942
17409151
3712461
3712461
3712461
3712461
3712461
847542
847542
847542
847542
847542
11114017
11114017
11114017
11114017
11114017
14741004
14741004
14741004
14741004
14741004
14739742
14739742
14739742
14739742
14739742
4241034
4241034
4241034
4241034
4241034
4245487
4245487
4245487
4245487
4245487
853371
853371
853371
853371
853371
11114281
11114281
11114281
11114281
11114281
11111628
11111628
11111628
11111628
11111628
14741592
14741592
14741592
14741592
14741592
4238107
4238107
4238107
4238107
4238107
17401220
17401220
17401220
17401220
17401220
860723
860723
860723
860723
860723
14740797
17406699
14740797
14740797
17406699
14723876
14723876
14723876
14723876
14723876
14722190
14722190
14722190
14722190
14722190
858229
858229
858229
858229
858229
14742220
14742220
14742220
14742220
14742220
17385304
17385304
17385304
17385304
17385304
17401531
17401531
17401531
17401531
17401531
864048
864048
864048
864048
864048
14742738
14742738
14742738
14742738
14742738
14745414
14745414
14745414
14745414
14745414
4251688
4251688
4251688
4251688
4251688
14732563
14732563
14732563
14732563
14732563
14732081
14732081
14732081
14732081
14732081
4241204
4241204
4241204
4241204
4241204
7972921
7972921
7972921
7972921
7972921
17407230
17407230
17407230
17407230
17407230
14744684
14744684
14744684
14744684
14744684
4254420
4254420
4254420
4254420
4254420
17387134
17387134
17387134
17387134
17387134
860196
860196
860196
860196
860196
4248565
4248565
4248565
4248565
4248565
4245211
4245211
4245211
4245211
4245211
14740997
14740997
14740997
14740997
14740997
4249752
4250343
4249752
4249752
4250343
17387655
17387655
17387655
17387655
17387655
4240904
4247711
4240904
4240904
4247711
14724135
14724135
14724135
14724135
14724135
4250394
4250394
4250394
4250394
4250394
14732937
14732937
14732937
14732937
14732937
4245114
4245114
4245114
4245114
4245114
4249477
4249477
4249477
4249477
4249477
4245496
4245496
4245496
4245496
4245496
4238727
4238727
4238727
4238727
4238727
858595
858595
858595
858595
858595
14741590
14741590
14741590
14741590
14741590
862310
862310
862310
862310
862310
17411295
17411295
17411295
17411295
17411295
4241094
4241094
4241094
4241094
4241094
17410479
17410479
17410479
17410479
17410479
7973477
7973477
7973477
7973477
7973477
849465
849465
849465
849465
849465
17409879
17409879
17409879
17409879
17409879
14724023
14724023
14724023
14724023
14724023
17385050
17385050
17385050
17385050
17385050
14722164
14722164
14722164
14722164
14722164
4253729
4253729
4253729
4253729
4253729
14736646
14736646
14736646
14736646
14736646
11113179
11113179
11113179
11113179
11113179
14742110
14742110
14742110
14742110
14742110
861075
861075
861075
861075
861075
14741503
14741503
14741503
14741503
14741503
11113700
11113700
11113700
11113700
11113700
14740687
14740687
14740687
14740687
14740687
14740939
14740939
14740939
14740939
14740939
4253717
4253717
4253717
4253717
4253717
14744620
14744620
14744620
14744620
14744620
11113788
11113788
11113788
11113788
11113788
11111832
11111832
11111832
11111832
11111832
11113924
11113924
11113924
11113924
11113924
11113315
11113316
11113347
11113520
11113315
17402677
17402677
17402677
17402677
17402677
14726294
14726294
14726294
14726294
14726294
4240399
4240399
4240399
4240399
4240399
14744626
14744626
14744626
14744626
14744626
17407077
17407077
17407077
17407077
17407077
17406990
17406990
17406990
17406990
17406990
17413695
17413695
17413695
17413695
17413695
861921
861921
861921
861921
861921
14735114
14735114
14735114
14735114
14735114
17415914
17415914
17415914
17415914
17415914
14738527
14738527
14738527
14738527
14738527
17406834
17406834
17406834
17406834
17406834
4248715
4248715
4248715
4248715
4248715
11113684
11113684
11113684
11113684
11113684
7975242
7975242
7975242
7975242
7975242
17409746
17411160
17409746
17409746
17411160
4237792
4237792
4237792
4237792
4237792
14741016
14741016
14741016
14741016
14741016
17409274
17409274
17409274
17409274
17409274
4253028
4253028
4253028
4253028
4253028
17409387
17409387
17409387
17409387
17409387
17414518
17414518
17414518
17414518
17414518
17386133
17386133
17386133
17386133
17386133
11114202
11114202
11114202
11114202
11114202
4252724
4252724
4252724
4252724
4252724
17412631
17412631
17412631
17412631
17412631
14742161
14742161
14742161
14742161
14742161
17401852
17401852
17401852
17401852
17401852
861899
861899
861899
861899
861899
4241718
4246711
4241718
4241718
4246711
17409600
17409600
17409600
17409600
17409600
4245019
4245019
4245019
4245019
4245019
11113083
11113083
11113083
11113083
11113083
17387707
17387707
17387707
17387707
17387707
11111666
11111666
11111666
11111666
11111666
14743548
14743548
14743548
14743548
14743548
14740880
14740880
14740880
14740880
14740880
3715494
16953913
3715494
3715494
16953913
14730533
14730533
14730533
14730533
14730533
11113966
11113966
11113966
11113966
11113966
17385005
17385005
17385005
17385005
17385005
859984
859984
859984
859984
859984
17407375
17407375
17407375
17407375
17407375
861762
861762
861762
861762
861762
4254386
4254386
4254386
4254386
4254386
4251352
4251352
4251352
4251352
4251352
14721874
14721874
14721874
14721874
14721874
17406910
17406910
17406910
17406910
17406910
26751162
26751162
26751162
26751162
26751162
14744731
14744731
14744731
14744731
14744731
14726064
14726064
14726064
14726064
14726064
11111849
11111902
11111849
11111849
11111902
17411421
17411421
17411421
17411421
17411421
3716539
14745894
3716539
3716539
14745894
14743242
14743242
14743242
14743242
14743242
14731994
14731994
14731994
14731994
14731994
14739401
14739401
14739401
14739401
14739401
14726321
14726321
14726321
14726321
14726321
14730500
14730500
14730500
14730500
14730500
17408775
17408775
17408775
17408775
17408775
14741133
14741133
14741133
14741133
14741133
17412145
17412145
17412145
17412145
17412145
17415481
17415481
17415481
17415481
17415481
11111273
11111273
11111273
11111273
11111273
4254147
4254147
4254147
4254147
4254147
17402236
17402236
17402236
17402236
17402236
11111157
11111157
11111157
11111157
11111157
14722468
14722468
14722468
14722468
14722468
17401401
17401401
17401401
17401401
17401401
17401339
17401339
17401339
17401339
17401339
17415149
17415442
17415149
17415149
17415442
11113345
11113345
11113345
11113345
11113345
17385321
17385321
17385321
17385321
17385321
4242796
4243588
4242796
4242796
4243588
17408203
17408203
17408203
17408203
17408203
7974907
7974907
7974907
7974907
7974907
17385806
17385806
17385806
17385806
17385806
11114055
11114055
11114055
11114055
11114055
17411836
17411836
17411836
17411836
17411836
14722625
14722625
14722625
14722625
14722625
4242719
4242719
4242719
4242719
4242719
4242089
4244375
4242089
4242089
4244375
14726088
14726088
14726088
14726088
14726088
17385024
17385024
17385024
17385024
17385024
4244144
4244144
4244144
4244144
4244144
842618
842618
842618
842618
842618
17385061
17385061
17385061
17385061
17385061
14732606
14732606
14732606
14732606
14732606
3715881
3715881
3715881
3715881
3715881
852761
852761
852761
852761
852761
14740855
14740855
14740855
14740855
14740855
17385805
17385805
17385805
17385805
17385805
14727305
14727305
14727305
14727305
14727305
17401693
17401693
17401693
17401693
17401693
14723167
14723167
14723167
14723167
14723167
861895
861895
861895
861895
861895
17407349
17407349
17407349
17407349
17407349
11114139
11114139
11114139
11114139
11114139
14722655
14722655
14722655
14722655
14722655
11114183
11114183
11114183
11114183
11114183
17410181
17410181
17410181
17410181
17410181
14731398
17409280
14731398
14731398
17409280
17412605
17412605
17412605
17412605
17412605
14726055
14726055
14726055
14726055
14726055
17385086
17385086
17385086
17385086
17385086
7972667
7972667
7972667
7972667
7972667
17407132
17407132
17407132
17407132
17407132
3714713
3714713
3714713
3714713
3714713
17408957
17408957
17408957
17408957
17408957
11112680
11112695
11112813
11112680
11112695
11111219
17412039
11111219
11111219
17412039
17412029
17412029
17412029
17412029
17412029
4245119
4245119
4245119
4245119
4245119
14731049
14731049
14731049
14731049
14731049
842319
842319
842319
842319
842319
17409804
17409804
17409804
17409804
17409804
14737229
14737229
14737229
14737229
14737229
17408514
17408514
17408514
17408514
17408514
17402339
17402339
17402339
17402339
17402339
14723140
14723140
14723140
14723140
14723140
14723744
14723744
14723744
14723744
14723744
17403677
17403677
17403677
17403677
17403677
17408616
17408616
17408616
17408616
17408616
4241952
4242640
4241952
4241952
4242640
14722666
14722666
14722666
14722666
14722666
17403551
17403551
17403551
17403551
17403551
17409139
17409139
17409139
17409139
17409139
17411909
17416106
17416137
17411909
17416106
17403307
17403307
17403307
17403307
17403307
4238793
4240030
4240169
4238793
4240030
17407462
17407462
17407462
17407462
17407462
14745317
14745317
14745317
14745317
14745317
11113751
11113751
11113751
11113751
11113751
11111393
11111393
11111393
11111393
11111393
14721907
14721907
14721907
14721907
14721907
11113132
11113223
11113132
11113132
11113223
14723734
14723734
14723734
14723734
14723734
17413199
17413199
17413199
17413199
17413199
11114152
11114152
11114152
11114152
11114152
14741616
14741616
14741616
14741616
14741616
14744470
14744470
14744470
14744470
14744470
14730215
14730215
14730215
14730215
14730215
11111921
11111921
11111921
11111921
11111921
17402060
17402060
17402060
17402060
17402060
857272
857272
857272
857272
857272
11114171
11114171
11114171
11114171
11114171
848874
848874
848874
848874
848874
14727173
14727173
14727173
14727173
14727173
17387462
17416136
17387462
17387462
17416136
17387545
17387545
17387545
17387545
17387545
11110760
11110760
11110760
11110760
11110760
17408780
17408780
17408780
17408780
17408780
4248413
4248413
4248413
4248413
4248413
11113387
11113387
11113387
11113387
11113387
11112883
11112883
11112883
11112883
11112883
4249458
4249458
4249458
4249458
4249458
14736977
14736977
14736977
14736977
14736977
4243993
4243993
4243993
4243993
4243993
17409191
17409191
17409191
17409191
17409191
4253920
4253920
4253920
4253920
4253920
14746025
14746025
14746025
14746025
14746025
26750985
26750985
26750985
26750985
26750985
26750954
26750954
26750954
26750954
26750954
17403017
17403017
17403017
17403017
17403017
14743546
14743546
14743546
14743546
14743546
14722149
14722149
14722149
14722149
14722149
17412149
17412149
17412149
17412149
17412149
17411839
17411839
17411839
17411839
17411839
17414881
17414881
17414881
17414881
17414881
17408821
17408821
17408821
17408821
17408821
17387515
17387515
17387515
17387515
17387515
4245472
4246970
4245472
4245472
4246970
17387924
17387924
17387924
17387924
17387924
11114085
11114085
11114085
11114085
11114085
17408952
17408952
17408952
17408952
17408952
14740175
14740175
14740175
14740175
14740175
4244578
4244578
4244578
4244578
4244578
14744714
14744714
14744714
14744714
14744714
17401281
17401281
17401281
17401281
17401281
11110899
11110899
11110899
11110899
11110899
4247453
4247453
4247453
4247453
4247453
17407949
17407949
17407949
17407949
17407949
4238205
4238205
4238205
4238205
4238205
17406707
17406707
17406707
17406707
17406707
17401936
17401936
17401936
17401936
17401936
14742824
14742824
14742824
14742824
14742824
14735181
14735181
14735181
14735181
14735181
17384914
17384914
17384914
17384914
17384914
17409918
17409918
17409918
17409918
17409918
17406973
17406973
17406973
17406973
17406973
7972600
7972600
7972600
7972600
7972600
17403226
17403226
17403226
17403226
17403226
4237966
4238218
4238240
4237966
4238218
14745947
14745947
14745947
14745947
14745947
4241130
4241130
4241130
4241130
4241130
11111206
11112833
11111206
11111206
11112833
14742462
14742462
14742462
14742462
14742462
4253987
4253987
4253987
4253987
4253987
14722168
14722168
14722168
14722168
14722168
14734107
14734107
14734107
14734107
14734107
4251706
4251706
4251706
4251706
4251706
4249197
4249197
4249197
4249197
4249197
11113972
11113972
11113972
11113972
11113972
4241150
4241150
4241150
4241150
4241150
17387497
17387497
17387497
17387497
17387497
17387565
17387565
17387565
17387565
17387565
14729810
14729810
14729810
14729810
14729810
14745478
14745478
14745478
14745478
14745478
4253217
4253217
4253217
4253217
4253217
17385048
17385048
17385048
17385048
17385048
17387468
17387468
17387468
17387468
17387468
859218
859218
859218
859218
859218
17385118
17385118
17385118
17385118
17385118
14732472
14732472
14732472
14732472
14732472
11111349
11111349
11111349
11111349
11111349
11114258
11114258
11114258
11114258
11114258
850865
850865
850865
850865
850865
4238879
4238879
4238879
4238879
4238879
17402314
17402314
17402314
17402314
17402314
17388475
17388475
17388475
17388475
17388475
17411387
17411387
17411387
17411387
17411387
7973798
7973798
7973798
7973798
7973798
17410374
17410374
17410374
17410374
17410374
4250100
4250100
4250100
4250100
4250100
17407290
17407290
17407290
17407290
17407290
860207
860207
860207
860207
860207
17385132
17385195
17385132
17385132
17385195
17409007
17409007
17409007
17409007
17409007
860223
860223
860223
860223
860223
14737599
14737599
14737599
14737599
14737599
14744578
14744578
14744578
14744578
14744578
14722957
14722957
14722957
14722957
14722957
17408181
17408181
17408181
17408181
17408181
4241437
4241437
4241437
4241437
4241437
17410108
17410108
17410108
17410108
17410108
17407078
17407078
17407078
17407078
17407078
17409629
17409629
17409629
17409629
17409629
4245285
4245285
4245285
4245285
4245285
14725997
14725997
14725997
14725997
14725997
17387498
17387498
17387498
17387498
17387498
17416088
17416088
17416088
17416088
17416088
17401472
17401472
17401472
17401472
17401472
14741449
14741449
14741449
14741449
14741449
11114251
11114251
11114251
11114251
11114251
14745786
14745786
14745786
14745786
14745786
17411588
17411588
17411588
17411588
17411588
14730036
14730036
14730036
14730036
14730036
864964
864964
864964
864964
864964
17410990
17411347
17410990
17410990
17411347
4244342
4244754
4244342
4244342
4244754
14741751
14741751
14741751
14741751
14741751
11110814
11114131
11110814
11110814
11114131
17384989
17384990
17384989
17384989
17384990
17406866
17406866
17406866
17406866
17406866
17403429
17403429
17403429
17403429
17403429
17403177
17403177
17403177
17403177
17403177
862646
862646
862646
862646
862646
11113498
17416180
11113498
11113498
17416180
17413554
17413554
17413554
17413554
17413554
4251889
4251889
4251889
4251889
4251889
14726317
14726317
14726317
14726317
14726317
14734775
14734775
14734775
14734775
14734775
11111181
11111181
11111181
11111181
11111181
17402522
17411210
17402522
17402522
17411210
14727318
14727318
14727318
14727318
14727318
17407600
17407600
17407600
17407600
17407600
7977783
7977783
7977783
7977783
7977783
14738200
14738200
14738200
14738200
14738200
4237808
4239638
4237808
4237808
4239638
11113079
11113079
11113079
11113079
11113079
4253146
4253146
4253146
4253146
4253146
4252995
4252995
4252995
4252995
4252995
17385810
17385810
17385810
17385810
17385810
4252863
4252863
4252863
4252863
4252863
11113545
11113545
11113545
11113545
11113545
14731460
14731460
14731460
14731460
14731460
17387745
17387745
17387745
17387745
17387745
11111774
11111774
11111774
11111774
11111774
17387460
17387460
17387460
17387460
17387460
17402883
17402883
17402883
17402883
17402883
17412032
17412032
17412032
17412032
17412032
11111560
11113349
11111560
11111560
11113349
4252521
4252521
4252521
4252521
4252521
845632
845632
845632
845632
845632
14742030
14742030
14742030
14742030
14742030
14737415
14737415
14737415
14737415
14737415
17384941
17384941
17384941
17384941
17384941
11111107
11111107
11111107
11111107
11111107
17415185
17415185
17415185
17415185
17415185
11113925
11113925
11113925
11113925
11113925
11113484
11113484
11113484
11113484
11113484
17408936
17408936
17408936
17408936
17408936
11113951
11113951
11113951
11113951
11113951
17402680
17402680
17402680
17402680
17402680
17403500
17403500
17403500
17403500
17403500
17387772
17387772
17387772
17387772
17387772
11114148
11114148
11114148
11114148
11114148
11114053
11114053
11114053
11114053
11114053
17413215
17413215
17413215
17413215
17413215
11110822
11110822
11110822
11110822
11110822
17402807
17402807
17402807
17402807
17402807
851015
851015
851015
851015
851015
4248463
4248463
4248463
4248463
4248463
17411152
17411152
17411152
17411152
17411152
17385201
17385201
17385201
17385201
17385201
14735239
14735239
14735239
14735239
14735239
847251
847251
847251
847251
847251
861256
861256
861256
861256
861256
3715559
3715559
3715559
3715559
3715559
14734739
14734739
14734739
14734739
14734739
17407857
17407857
17407857
17407857
17407857
14743963
14743963
14743963
14743963
14743963
17411042
17411042
17411042
17411042
17411042
17387542
17387542
17387542
17387542
17387542
14744580
14744580
14744580
14744580
14744580
7974256
7974256
7974256
7974256
7974256
4238497
4238698
4239957
4238497
4238698
17413859
17413859
17413859
17413859
17413859
17410010
17410010
17410010
17410010
17410010
17385101
17385101
17385101
17385101
17385101
14742200
14742200
14742200
14742200
14742200
17411531
17411531
17411531
17411531
17411531
4241113
4241113
4241113
4241113
4241113
14744854
17408457
14744854
14744854
17408457
17409999
17409999
17409999
17409999
17409999
17387896
17387896
17387896
17387896
17387896
4253725
4253725
4253725
4253725
4253725
17412214
17412214
17412214
17412214
17412214
17385332
17385332
17385332
17385332
17385332
14740730
14740730
14740730
14740730
14740730
17401417
17401417
17401417
17401417
17401417
17406952
17406952
17406952
17406952
17406952
11114216
11114216
11114216
11114216
11114216
17408416
17408416
17408416
17408416
17408416
17401158
17401158
17401158
17401158
17401158
17406863
17406863
17406863
17406863
17406863
17402769
17402769
17402769
17402769
17402769
11111526
11111526
11111526
11111526
11111526
17406953
17406953
17406953
17406953
17406953
17385041
17385041
17385041
17385041
17385041
17411585
17411585
17411585
17411585
17411585
17408638
17408638
17408638
17408638
17408638
4254192
4254192
4254192
4254192
4254192
11111547
11112789
11111547
11111547
11112789
4249447
4249447
4249447
4249447
4249447
4253853
4253853
4253853
4253853
4253853
26752554
26752554
26752554
26752554
26752554
4246674
14727057
4246674
4246674
14727057
14745218
14745218
14745218
14745218
14745218
17402876
17402876
17402876
17402876
17402876
17408679
17408679
17408679
17408679
17408679
17415221
17415221
17415221
17415221
17415221
11111368
11111368
11111368
11111368
11111368
4241688
4252229
4241688
4241688
4252229
14745324
14745324
14745324
14745324
14745324
17408440
17408440
17408440
17408440
17408440
17387701
17387701
17387701
17387701
17387701
4246639
4246639
4246639
4246639
4246639
17408278
17408278
17408278
17408278
17408278
11112724
11112724
11112724
11112724
11112724
17408154
17408154
17408154
17408154
17408154
14732032
14732032
14732032
14732032
14732032
17413720
17413720
17413720
17413720
17413720
7976920
7976920
7976920
7976920
7976920
860103
860103
860103
860103
860103
14741003
14741003
14741003
14741003
14741003
17416301
17416301
17416301
17416301
17416301
17412181
17412181
17412181
17412181
17412181
14733941
14733941
14733941
14733941
14733941
11111799
11111799
11111799
11111799
11111799
17408266
17408266
17408266
17408266
17408266
11112239
11112239
11112239
11112239
11112239
14740836
14740836
14740836
14740836
14740836
4244777
4244777
4244777
4244777
4244777
14743253
14743253
14743253
14743253
14743253
4247275
4247275
4247275
4247275
4247275
17416236
17416236
17416236
17416236
17416236
4254411
4254411
4254411
4254411
4254411
17409894
17409894
17409894
17409894
17409894
17409009
17409009
17409009
17409009
17409009
17406803
17406803
17406803
17406803
17406803
17403543
17403543
17403543
17403543
17403543
17414673
17414673
17414673
17414673
17414673
17412117
17412117
17412117
17412117
17412117
14724139
14724139
14724139
14724139
14724139
14727295
14727295
14727295
14727295
14727295
17409351
17409351
17409351
17409351
17409351
4243947
4243947
4243947
4243947
4243947
17407443
17407443
17407443
17407443
17407443
17410013
17410013
17410013
17410013
17410013
17385077
17385097
17385099
17385077
17385097
17385060
17385060
17385060
17385060
17385060
14741302
14741302
14741302
14741302
14741302
14740813
14740813
14740813
14740813
14740813
14727285
14727285
14727285
14727285
14727285
14731223
14731223
14731223
14731223
14731223
14744360
14744360
14744360
14744360
14744360
17406589
17406589
17406589
17406589
17406589
4243362
4243362
4243362
4243362
4243362
17402150
17403071
17402150
17402150
17403071
17401450
17401450
17401450
17401450
17401450
17403592
17403592
17403592
17403592
17403592
17402189
17402189
17402189
17402189
17402189
17385138
17385183
17385188
17385236
17385138
17413567
17413567
17413567
17413567
17413567
851770
851770
851770
851770
851770
14742019
14742019
14742019
14742019
14742019
17403296
17408947
17403296
17403296
17408947
17416091
17416091
17416091
17416091
17416091
4242577
4242577
4242577
4242577
4242577
17406571
17406571
17406571
17406571
17406571
14743554
14743554
14743554
14743554
14743554
17416029
17416029
17416029
17416029
17416029
17387587
17387587
17387587
17387587
17387587
17385143
17385154
17385155
17385162
17385170
17406569
17406569
17406569
17406569
17406569
3714089
3714089
3714089
3714089
3714089
3712502
3712502
3712502
3712502
3712502
17415906
17415906
17415906
17415906
17415906
17411269
17411269
17411269
17411269
17411269
11113504
11113504
11113504
11113504
11113504
14738125
14738125
14738125
14738125
14738125
17409027
17409027
17409027
17409027
17409027
17384986
17384979
17384986
17384986
17384979
3715068
3715068
3715068
3715068
3715068
14741642
14741642
14741642
14741642
14741642
17415336
17415336
17415336
17415336
17415336
14745984
14745984
14745984
14745984
14745984
17408890
17408890
17408890
17408890
17408890
17406957
17406957
17406957
17406957
17406957
17403489
17403489
17403489
17403489
17403489
17414724
17414724
17414724
17414724
17414724
11112224
11112224
11112224
11112224
11112224
17407869
17407869
17407869
17407869
17407869
14745920
14745920
14745920
14745920
14745920
17401316
17401316
17401316
17401316
17401316
17401960
17401960
17401960
17401960
17401960
14741037
14741037
14741037
14741037
14741037
14729949
14729949
14729949
14729949
14729949
11114278
11114278
11114278
11114278
11114278
17411504
17411504
17411504
17411504
17411504
11112522
11112522
11112522
11112522
11112522
17401140
17401468
17401140
17401140
17401468
14723745
14723745
14723745
14723745
14723745
17411336
17411336
17411336
17411336
17411336
14736953
14736953
14736953
14736953
14736953
4253409
4253409
4253409
4253409
4253409
11113807
11113807
11113807
11113807
11113807
14723867
14723867
14723867
14723867
14723867
14741392
14741392
14741392
14741392
14741392
17411979
17411979
17411979
17411979
17411979
14735008
14735008
14735008
14735008
14735008
17402531
17402531
17402531
17402531
17402531
17409680
17409680
17409680
17409680
17409680
17387898
17387898
17387898
17387898
17387898
17415055
17415055
17415055
17415055
17415055
17402021
17402021
17402021
17402021
17402021
17402532
17402532
17402532
17402532
17402532
4238641
4238641
4238641
4238641
4238641
17409161
17409161
17409161
17409161
17409161
4240627
4240627
4240627
4240627
4240627
17413625
17413625
17413625
17413625
17413625
17410278
17410278
17410278
17410278
17410278
17385200
17385240
17385200
17385200
17385240
11111820
11111820
11111820
11111820
11111820
14723719
14723719
14723719
14723719
14723719
4242520
4242520
4242520
4242520
4242520
14745074
17408878
14745074
14745074
17408878
17409262
17409262
17409262
17409262
17409262
14724126
14724126
14724126
14724126
14724126
14744661
14744661
14744661
14744661
14744661
17407009
17407009
17407009
17407009
17407009
17412924
17412924
17412924
17412924
17412924
11111362
11111362
11111362
11111362
11111362
14744458
14744458
14744458
14744458
14744458
14734978
14734978
14734978
14734978
14734978
4242456
4242456
4242456
4242456
4242456
17413648
17413648
17413648
17413648
17413648
4254245
4254245
4254245
4254245
4254245
17401294
17401294
17401294
17401294
17401294
17402046
17402046
17402046
17402046
17402046
14745177
14745177
14745177
14745177
14745177
17411002
17411002
17411002
17411002
17411002
17385312
17385312
17385312
17385312
17385312
17387920
17387920
17387920
17387920
17387920
14727071
14727071
14727071
14727071
14727071
17401156
17401156
17401156
17401156
17401156
4249967
4249967
4249967
4249967
4249967
17406579
17406579
17406579
17406579
17406579
17412426
17412426
17412426
17412426
17412426
17402317
17402317
17402317
17402317
17402317
17409969
17409969
17409969
17409969
17409969
17406673
17406673
17406673
17406673
17406673
17409841
17409841
17409841
17409841
17409841
17406763
17406763
17406763
17406763
17406763
17414630
17414630
17414630
17414630
17414630
17401241
17401241
17401241
17401241
17401241
17402387
17402387
17402387
17402387
17402387
11111058
11111058
11111058
11111058
11111058
17385130
17385131
17385142
17385147
17385151
3712241
3712241
3712241
3712241
3712241
17410157
17410157
17410157
17410157
17410157
17407999
17408161
17407999
17407999
17408161
17415972
17415972
17415972
17415972
17415972
17408211
17408211
17408211
17408211
17408211
14745376
14745376
14745376
14745376
14745376
14723737
14723737
14723737
14723737
14723737
14744484
14744484
14744484
14744484
14744484
17385339
17385339
17385339
17385339
17385339
4237537
4238814
4239368
4239566
4239968
17387552
17387552
17387552
17387552
17387552
14724044
14724044
14724044
14724044
14724044
14726446
14726446
14726446
14726446
14726446
17385063
17385063
17385063
17385063
17385063
14723910
14723910
14723910
14723910
14723910
4251136
4251136
4251136
4251136
4251136
17410509
17410509
17410509
17410509
17410509
17416021
17416021
17416021
17416021
17416021
4244884
4244884
4244884
4244884
4244884
847691
847691
847691
847691
847691
17402359
17402359
17402359
17402359
17402359
17409389
17409389
17409389
17409389
17409389
17413517
17413517
17413517
17413517
17413517
14729611
14729611
14729611
14729611
14729611
17401963
17401963
17401963
17401963
17401963
17407576
17407576
17407576
17407576
17407576
17414513
17414513
17414513
17414513
17414513
17406896
17406896
17406896
17406896
17406896
14742326
14742326
14742326
14742326
14742326
17410087
17410089
17410087
17410087
17410089
17414179
17414503
17414179
17414179
17414503
17407913
17407913
17407913
17407913
17407913
14741391
14741391
14741391
14741391
14741391
17387886
17387886
17387886
17387886
17387886
11114228
11114228
11114228
11114228
11114228
17410434
17411199
17410434
17410434
17411199
3712355
3712355
3712355
3712355
3712355
14735331
14735331
14735331
14735331
14735331
14740895
14740895
14740895
14740895
14740895
17407128
17407128
17407128
17407128
17407128
17406895
17406895
17406895
17406895
17406895
14745650
14745650
14745650
14745650
14745650
14741471
14741471
14741471
14741471
14741471
14742116
14742116
14742116
14742116
14742116
17387855
17387855
17387855
17387855
17387855
17413641
17413641
17413641
17413641
17413641
14723800
14723800
14723800
14723800
14723800
17412427
17412427
17412427
17412427
17412427
14721908
14721908
14721908
14721908
14721908
17407094
17407094
17407094
17407094
17407094
11113872
11113872
11113872
11113872
11113872
17402401
17402401
17402401
17402401
17402401
4240786
4240786
4240786
4240786
4240786
17406860
17406860
17406860
17406860
17406860
4251628
4251628
4251628
4251628
4251628
11112877
11112877
11112877
11112877
11112877
17410303
17410303
17410303
17410303
17410303
17409692
17409692
17409692
17409692
17409692
14743094
14743094
14743094
14743094
14743094
17384957
17384957
17384957
17384957
17384957
14726069
14726069
14726069
14726069
14726069
4249400
4249400
4249400
4249400
4249400
14726090
14726090
14726090
14726090
14726090
14743346
14743346
14743346
14743346
14743346
17410815
17410815
17410815
17410815
17410815
17415236
17415236
17415236
17415236
17415236
4240712
4240712
4240712
4240712
4240712
4244528
4244528
4244528
4244528
4244528
11111828
11111828
11111828
11111828
11111828
17411823
17411823
17411823
17411823
17411823
17414057
17414057
17414057
17414057
17414057
17408937
17408937
17408937
17408937
17408937
17415007
17415007
17415007
17415007
17415007
3714876
3714876
3714876
3714876
3714876
14745347
14745347
14745347
14745347
14745347
17402335
17402441
17402335
17402335
17402441
4249912
4249912
4249912
4249912
4249912
17387755
17387755
17387755
17387755
17387755
17406749
17406749
17406749
17406749
17406749
17415436
17415436
17415436
17415436
17415436
17388614
17388614
17388614
17388614
17388614
17414526
17414526
17414526
17414526
17414526
17411049
17411049
17411049
17411049
17411049
17411022
17411022
17411022
17411022
17411022
11112876
11112876
11112876
11112876
11112876
851833
17408406
851833
851833
17408406
17384882
17384912
17384882
17384882
17384912
17402044
17402044
17402044
17402044
17402044
14722950
14722950
14722950
14722950
14722950
14743564
14743564
14743564
14743564
14743564
7978231
7978231
7978231
7978231
7978231
17401961
17401961
17401961
17401961
17401961
17401474
17401474
17401474
17401474
17401474
17403298
17403298
17403298
17403298
17403298
4250462
4250462
4250462
4250462
4250462
17403498
17403498
17403498
17403498
17403498
14741648
14741648
14741648
14741648
14741648
14739806
14739806
14739806
14739806
14739806
17403303
17403303
17403303
17403303
17403303
17384868
17384939
17384961
17384978
17384868
17415267
17415267
17415267
17415267
17415267
17415611
17415611
17415611
17415611
17415611
11111682
11111682
11111682
11111682
11111682
14745924
14745924
14745924
14745924
14745924
14734155
14734155
14734155
14734155
14734155
17407100
17407100
17407100
17407100
17407100
4245574
4245574
4245574
4245574
4245574
14724158
14724158
14724158
14724158
14724158
14723739
14723739
14723739
14723739
14723739
17412075
17412075
17412075
17412075
17412075
4247580
4247580
4247580
4247580
4247580
14744639
14744639
14744639
14744639
14744639
17387828
17387828
17387828
17387828
17387828
14723964
14723964
14723964
14723964
14723964
17411937
17411937
17411937
17411937
17411937
4254255
4254255
4254255
4254255
4254255
14745206
14745206
14745206
14745206
14745206
4248323
4248323
4248323
4248323
4248323
14734425
14734425
14734425
14734425
14734425
17408009
17410547
17408009
17408009
17410547
17414629
17414629
17414629
17414629
17414629
17413573
17413573
17413573
17413573
17413573
14741338
14741338
14741338
14741338
14741338
17385078
17385078
17385078
17385078
17385078
17402285
17402285
17402285
17402285
17402285
17408925
17408925
17408925
17408925
17408925
4253345
4253345
4253345
4253345
4253345
17413861
17413861
17413861
17413861
17413861
14741619
14741619
14741619
14741619
14741619
14743885
14743885
14743885
14743885
14743885
17402938
17402938
17402938
17402938
17402938
14744582
14744582
14744582
14744582
14744582
17414751
17414751
17414751
17414751
17414751
853529
853529
853529
853529
853529
4248549
4248549
4248549
4248549
4248549
11114129
11114129
11114129
11114129
11114129
17402116
17402746
17403082
17402116
17402746
14724110
14724110
14724110
14724110
14724110
17408551
17408551
17408551
17408551
17408551
11113082
11113082
11113082
11113082
11113082
14731219
17406748
14731219
14731219
17406748
14740875
14740875
14740875
14740875
14740875
17385999
17385999
17385999
17385999
17385999
17401153
17401153
17401153
17401153
17401153
17415293
17415293
17415293
17415293
17415293
11111507
11111432
11112757
11111507
11111432
17408927
17408927
17408927
17408927
17408927
11112744
11112744
11112744
11112744
11112744
14741109
14741109
14741109
14741109
14741109
17410172
17410172
17410172
17410172
17410172
17415374
17415374
17415374
17415374
17415374
11113926
11113928
11113926
11113926
11113928
17385115
17385115
17385115
17385115
17385115
17403468
17403468
17403468
17403468
17403468
14727239
14727239
14727239
14727239
14727239
17411104
17411104
17411104
17411104
17411104
17409715
17409715
17409715
17409715
17409715
11111845
11111845
11111845
11111845
11111845
17386591
17386591
17386591
17386591
17386591
14741476
14741476
14741476
14741476
14741476
14745309
14745309
14745309
14745309
14745309
17401912
17401912
17401912
17401912
17401912
17414208
17414208
17414208
17414208
17414208
17412293
17412293
17412293
17412293
17412293
17401137
17401137
17401137
17401137
17401137
14731458
14731458
14731458
14731458
14731458
14724099
14724099
14724099
14724099
14724099
17408396
17408396
17408396
17408396
17408396
14743378
14743378
14743378
14743378
14743378
14723889
14723889
14723889
14723889
14723889
17412894
17412894
17412894
17412894
17412894
17413093
17413093
17413093
17413093
17413093
17413677
17413677
17413677
17413677
17413677
4252558
4252558
4252558
4252558
4252558
17402362
17402362
17402362
17402362
17402362
17385090
17385090
17385090
17385090
17385090
4242394
4242394
4242394
4242394
4242394
7974448
7974448
7974448
7974448
7974448
4249564
4249564
4249564
4249564
4249564
14727147
14727147
14727147
14727147
14727147
14742018
14743069
14742018
14742018
14743069
17401478
17413077
17401478
17401478
17413077
14744640
14744640
14744640
14744640
14744640
17406873
17406873
17406873
17406873
17406873
11111867
11111867
11111867
11111867
11111867
4253432
4253432
4253432
4253432
4253432
11112846
11112846
11112846
11112846
11112846
17406766
17406766
17406766
17406766
17406766
14726033
14726033
14726033
14726033
14726033
17413208
17413208
17413208
17413208
17413208
17387659
17387659
17387659
17387659
17387659
17401280
17401280
17401280
17401280
17401280
11112887
11112887
11112887
11112887
11112887
14744499
14744499
14744499
14744499
14744499
14732645
14732645
14732645
14732645
14732645
14736712
14736712
14736712
14736712
14736712
17403560
17403560
17403560
17403560
17403560
4243934
4243934
4243934
4243934
4243934
17408288
17408288
17408288
17408288
17408288
17415210
17415210
17415210
17415210
17415210
14740837
14740837
14740837
14740837
14740837
17413030
17413030
17413030
17413030
17413030
17414722
17414722
17414722
17414722
17414722
17406799
17406939
17406799
17406799
17406939
17407448
17407448
17407448
17407448
17407448
11113465
11113465
11113465
11113465
11113465
4248764
4248764
4248764
4248764
4248764
26751139
26751139
26751139
26751139
26751139
14731297
14731297
14731297
14731297
14731297
14741084
14741085
14741084
14741084
14741085
17401476
17401476
17401476
17401476
17401476
17385301
17385325
17385301
17385301
17385325
17384944
17384944
17384944
17384944
17384944
14744302
14744302
14744302
14744302
14744302
14740894
14740894
14740894
14740894
14740894
11110887
11110887
11110887
11110887
11110887
14743586
14743586
14743586
14743586
14743586
4251314
4251314
4251314
4251314
4251314
17408122
17408122
17408122
17408122
17408122
17414739
17414739
17414739
17414739
17414739
17409944
17409946
17409944
17409944
17409946
17384873
17384873
17384873
17384873
17384873
17414371
17414371
17414371
17414371
17414371
4239875
4239981
4240301
4239875
4239981
17409072
17409072
17409072
17409072
17409072
17411650
17411650
17411650
17411650
17411650
14740471
14740471
14740471
14740471
14740471
14721868
14721868
14721868
14721868
14721868
26750990
26750990
26750990
26750990
26750990
17384947
17384955
17384947
17384947
17384955
4246850
4246850
4246850
4246850
4246850
17384896
17384896
17384896
17384896
17384896
14745129
14745129
14745129
14745129
14745129
17408556
17408556
17408556
17408556
17408556
4241367
4241367
4241367
4241367
4241367
17406597
17406610
17406597
17406597
17406610
17415192
17415192
17415192
17415192
17415192
17403234
17403234
17403234
17403234
17403234
17413558
17413558
17413558
17413558
17413558
14744119
14744119
14744119
14744119
14744119
17411881
17415890
17411881
17411881
17415890
17387443
17387530
17387443
17387443
17387530
17401900
17401900
17401900
17401900
17401900
17416244
17416244
17416244
17416244
17416244
14744776
14744776
14744776
14744776
14744776
14727198
14727198
14727198
14727198
14727198
17406691
17406691
17406691
17406691
17406691
4248636
4248636
4248636
4248636
4248636
17403287
17403287
17403287
17403287
17403287
26751140
26751140
26751140
26751140
26751140
17416085
17416085
17416085
17416085
17416085
17415946
17415946
17415946
17415946
17415946
14745191
14745191
14745191
14745191
14745191
4246428
4246428
4246428
4246428
4246428
17387766
17387766
17387766
17387766
17387766
17387788
17387788
17387788
17387788
17387788
11111229
11111229
11111229
11111229
11111229
17412209
17412209
17412209
17412209
17412209
17408985
17408985
17408985
17408985
17408985
14726691
14726691
14726691
14726691
14726691
14734882
14734882
14734882
14734882
14734882
17401210
17401210
17401210
17401210
17401210
14742054
14742054
14742054
14742054
14742054
17401541
17401541
17401541
17401541
17401541
17413305
17413305
17413305
17413305
17413305
14744859
14744859
14744859
14744859
14744859
17414352
17414352
17414352
17414352
17414352
17408438
17408439
17408438
17408438
17408439
14745040
14745040
14745040
14745040
14745040
17402084
17402084
17402084
17402084
17402084
14734802
14734802
14734802
14734802
14734802
14726034
14726034
14726034
14726034
14726034
14743567
14743567
14743567
14743567
14743567
11114199
11114199
11114199
11114199
11114199
17401249
17401249
17401249
17401249
17401249
4252465
4252465
4252465
4252465
4252465
14724018
14724018
14724018
14724018
14724018
17410813
17410813
17410813
17410813
17410813
4240892
4240892
4240892
4240892
4240892
17413613
17413613
17413613
17413613
17413613
4249488
4249488
4249488
4249488
4249488
17410895
17410895
17410895
17410895
17410895
14741663
14741663
14741663
14741663
14741663
4251279
4251279
4251279
4251279
4251279
14722195
14722195
14722195
14722195
14722195
17413204
17413204
17413204
17413204
17413204
4262034
4262034
4262034
4262034
4262034
14741194
14741194
14741194
14741194
14741194
4254096
4254096
4254096
4254096
4254096
11111539
11111539
11111539
11111539
11111539
14745005
14745005
14745005
14745005
14745005
4251905
4251905
4251905
4251905
4251905
17414275
17414275
17414275
17414275
17414275
14733825
14733825
14733825
14733825
14733825
4252472
4252472
4252472
4252472
4252472
17407179
17407179
17407179
17407179
17407179
17414907
17414907
17414907
17414907
17414907
11113123
11113123
11113123
11113123
11113123
17416150
17416150
17416150
17416150
17416150
14743377
14743377
14743377
14743377
14743377
17406688
17406688
17406688
17406688
17406688
17410200
17410200
17410200
17410200
17410200
4240587
4240587
4240587
4240587
4240587
17411271
17411271
17411271
17411271
17411271
17416148
17416148
17416148
17416148
17416148
17401966
17401966
17401966
17401966
17401966
848253
848253
848253
848253
848253
4246050
4246050
4246050
4246050
4246050
14740296
14740296
14740296
14740296
14740296
4244148
4244148
4244148
4244148
4244148
17409809
17409809
17409809
17409809
17409809
17385732
17385732
17385732
17385732
17385732
17385035
17385035
17385035
17385035
17385035
17388606
17388606
17388606
17388606
17388606
17410061
17410061
17410061
17410061
17410061
11111977
11111977
11111977
11111977
11111977
17408434
17408434
17408434
17408434
17408434
17411797
17411797
17411797
17411797
17411797
17409421
17409421
17409421
17409421
17409421
17416159
17416159
17416159
17416159
17416159
17401467
17401467
17401467
17401467
17401467
17387621
17387621
17387621
17387621
17387621
17409788
17409788
17409788
17409788
17409788
11113491
11113491
11113491
11113491
11113491
14745215
14745215
14745215
14745215
14745215
17413490
17413490
17413490
17413490
17413490
4253934
4253934
4253934
4253934
4253934
14742740
14742740
14742740
14742740
14742740
17387932
17387932
17387932
17387932
17387932
17414787
17414787
17414787
17414787
17414787
17408599
17408599
17408599
17408599
17408599
17402434
17402434
17402434
17402434
17402434
17406900
17406900
17406900
17406900
17406900
17385072
17385072
17385072
17385072
17385072
17401333
17401333
17401333
17401333
17401333
17402414
17402414
17402414
17402414
17402414
17388602
17388602
17388602
17388602
17388602
17387543
17387543
17387543
17387543
17387543
7972563
7972563
7972563
7972563
7972563
14741324
14741324
14741324
14741324
14741324
4254025
4254025
4254025
4254025
4254025
14736515
14736515
14736515
14736515
14736515
17406880
17406880
17406880
17406880
17406880
11112132
11112132
11112132
11112132
11112132
17407700
17407700
17407700
17407700
17407700
17408874
17408874
17408874
17408874
17408874
14734961
14734961
14734961
14734961
14734961
17406577
17406577
17406577
17406577
17406577
17414097
17414097
17414097
17414097
17414097
17413635
17413635
17413635
17413635
17413635
17408967
17408967
17408967
17408967
17408967
17407826
17407826
17407826
17407826
17407826
17413322
17413322
17413322
17413322
17413322
17406768
17406768
17406768
17406768
17406768
14743484
14743484
14743484
14743484
14743484
17410292
17410292
17410292
17410292
17410292
4248260
4248260
4248260
4248260
4248260
14742169
14742169
14742169
14742169
14742169
4241198
4241198
4241198
4241198
4241198
17411765
17411765
17411765
17411765
17411765
17411619
17411619
17411619
17411619
17411619
17407522
17407522
17407522
17407522
17407522
4242226
4251354
4242226
4242226
4251354
14743565
14743565
14743565
14743565
14743565
17415918
17415918
17415918
17415918
17415918
17385102
17385102
17385102
17385102
17385102
17412025
17414120
17412025
17412025
17414120
4244479
4248285
4244479
4244479
4248285
17402405
17402405
17402405
17402405
17402405
858482
858482
858482
858482
858482
17411327
17411327
17411327
17411327
17411327
17414122
17414122
17414122
17414122
17414122
17385011
17385011
17385011
17385011
17385011
17415970
17415970
17415970
17415970
17415970
11113529
11113529
11113529
11113529
11113529
17416256
17416256
17416256
17416256
17416256
17410634
17410634
17410634
17410634
17410634
17409711
17409711
17409711
17409711
17409711
17401113
17401113
17401113
17401113
17401113
17414821
17414821
17414821
17414821
17414821
17412861
17412861
17412861
17412861
17412861
17403382
17403382
17403382
17403382
17403382
17412236
17412236
17412236
17412236
17412236
14744695
14744695
14744695
14744695
14744695
859949
14724103
859949
859949
14724103
14743835
14743835
14743835
14743835
14743835
14732079
14735049
14732079
14732079
14735049
17415574
17415574
17415574
17415574
17415574
17414424
17414424
17414424
17414424
17414424
17401262
17401262
17401262
17401262
17401262
14742322
14742322
14742322
14742322
14742322
17414451
17414451
17414451
17414451
17414451
17410723
17410723
17410723
17410723
17410723
17414556
17414556
17414556
17414556
17414556
17406891
17406891
17406891
17406891
17406891
14732863
14732863
14732863
14732863
14732863
4242708
4242708
4242708
4242708
4242708
17414984
17414984
17414984
17414984
17414984
4244899
4244899
4244899
4244899
4244899
4244531
4252298
4244531
4244531
4252298
14736007
14736007
14736007
14736007
14736007
4247564
4247564
4247564
4247564
4247564
14742043
14742043
14742043
14742043
14742043
3712535
3712535
3712535
3712535
3712535
17416035
17416035
17416035
17416035
17416035
17387991
17387991
17387991
17387991
17387991
14744862
14744862
14744862
14744862
14744862
17408932
17408932
17408932
17408932
17408932
17414502
17414502
17414502
17414502
17414502
17401445
17401445
17401445
17401445
17401445
14745996
14745996
14745996
14745996
14745996
14741544
14741544
14741544
14741544
14741544
11111983
11111983
11111983
11111983
11111983
17402346
17402346
17402346
17402346
17402346
14740532
14740532
14740532
14740532
14740532
17402227
17402227
17402227
17402227
17402227
17412856
17412856
17412856
17412856
17412856
17387919
17387919
17387919
17387919
17387919
861468
861468
861468
861468
861468
17406729
17406729
17406729
17406729
17406729
17413386
17413386
17413386
17413386
17413386
17412632
17412632
17412632
17412632
17412632
17402489
17402489
17402489
17402489
17402489
17387536
17387536
17387536
17387536
17387536
14742737
14742737
14742737
14742737
14742737
17403492
17403492
17403492
17403492
17403492
17414880
17414880
17414880
17414880
17414880
17413912
17413912
17413912
17413912
17413912
4242659
4242659
4242659
4242659
4242659
14732862
14732862
14732862
14732862
14732862
14743138
14743138
14743138
14743138
14743138
17407483
17407483
17407483
17407483
17407483
17411744
17411744
17411744
17411744
17411744
14745722
14745722
14745722
14745722
14745722
4248690
4248690
4248690
4248690
4248690
14740889
14740889
14740889
14740889
14740889
14741262
14741262
14741262
14741262
14741262
17407728
17407728
17407728
17407728
17407728
17411185
17411185
17411185
17411185
17411185
4252850
4252850
4252850
4252850
4252850
17406785
17406785
17406785
17406785
17406785
17410237
17410237
17410237
17410237
17410237
14744478
14744478
14744478
14744478
14744478
14737448
14737448
14737448
14737448
14737448
14727286
14727286
14727286
14727286
14727286
17413814
17413814
17413814
17413814
17413814
14745122
14745122
14745122
14745122
14745122
17410149
17410149
17410149
17410149
17410149
17415251
17415251
17415251
17415251
17415251
4239672
4239672
4239672
4239672
4239672
14722081
14722081
14722081
14722081
14722081
14745316
14745316
14745316
14745316
14745316
17407697
17407697
17407697
17407697
17407697
17414397
17414397
17414397
17414397
17414397
17385333
17385334
17385333
17385333
17385334
17407358
17407358
17407358
17407358
17407358
17385059
17385084
17385106
17385059
17385084
14744641
14744641
14744641
14744641
14744641
17387735
17387735
17387735
17387735
17387735
14742112
14743116
14742112
14742112
14743116
17402407
17402407
17402407
17402407
17402407
17402466
17402466
17402466
17402466
17402466
11113541
11113541
11113541
11113541
11113541
17413228
17413228
17413228
17413228
17413228
17408167
17408167
17408167
17408167
17408167
17414490
17414490
17414490
17414490
17414490
17403669
17403669
17403669
17403669
17403669
14736820
14736820
14736820
14736820
14736820
14740761
14740761
14740761
14740761
14740761
4251500
4251500
4251500
4251500
4251500
17411474
17411474
17411474
17411474
17411474
14744773
14744773
14744773
14744773
14744773
14737835
14737835
14737835
14737835
14737835
11113811
11113811
11113811
11113811
11113811
14744343
14744343
14744343
14744343
14744343
17402261
17402261
17402261
17402261
17402261
846155
846155
846155
846155
846155
11111721
11111721
11111721
11111721
11111721
17401357
17401357
17401357
17401357
17401357
4246287
4246287
4246287
4246287
4246287
17408531
17408531
17408531
17408531
17408531
17406847
17406847
17406847
17406847
17406847
14738196
14738196
14738196
14738196
14738196
17413439
17413439
17413439
17413439
17413439
17406606
17406606
17406606
17406606
17406606
14744211
14744211
14744211
14744211
14744211
17414317
17414317
17414317
17414317
17414317
17411475
17411475
17411475
17411475
17411475
17412407
17412407
17412407
17412407
17412407
17402247
17402247
17402247
17402247
17402247
17385087
17385103
17385087
17385087
17385103
14722719
14722719
14722719
14722719
14722719
17387976
17387976
17387976
17387976
17387976
4249569
4249569
4249569
4249569
4249569
17402099
17402099
17402099
17402099
17402099
14723382
14723382
14723382
14723382
14723382
14741011
14741799
14741011
14741011
14741799
14722656
14722656
14722656
14722656
14722656
4243337
4243337
4243337
4243337
4243337
14741276
14741276
14741276
14741276
14741276
17406824
17406824
17406824
17406824
17406824
17401212
17401212
17401212
17401212
17401212
17407076
17407076
17407076
17407076
17407076
11113620
11113620
11113620
11113620
11113620
17384928
17384928
17384928
17384928
17384928
14741054
14741054
14741054
14741054
14741054
14723060
14723060
14723060
14723060
14723060
17409931
17409931
17409931
17409931
17409931
11111508
11112825
11111508
11111508
11112825
17402043
17402043
17402043
17402043
17402043
17414902
17414902
17414902
17414902
17414902
17408389
17408389
17408389
17408389
17408389
14723798
14723798
14723798
14723798
14723798
17403588
17403588
17403588
17403588
17403588
17411107
17411107
17411107
17411107
17411107
17413370
17413370
17413370
17413370
17413370
846619
846619
846619
846619
846619
17416199
17416199
17416199
17416199
17416199
17403398
17403398
17403398
17403398
17403398
17415514
17415514
17415514
17415514
17415514
17415598
17415598
17415598
17415598
17415598
17384869
17384870
17384878
17384917
17384918
17406780
17414475
17406780
17406780
17414475
17409555
17409555
17409555
17409555
17409555
17408540
17408540
17408540
17408540
17408540
861598
861598
861598
861598
861598
17385001
17385001
17385001
17385001
17385001
14734880
14734880
14734880
14734880
14734880
17413877
17413877
17413877
17413877
17413877
17387904
17387904
17387904
17387904
17387904
14742081
14742081
14742081
14742081
14742081
17387679
17387679
17387679
17387679
17387679
14733418
14737063
14733418
14733418
14737063
17387505
17387902
17387505
17387505
17387902
17410834
17410834
17410834
17410834
17410834
11111392
11111392
11111392
11111392
11111392
4254374
4254374
4254374
4254374
4254374
17413091
17413091
17413091
17413091
17413091
7972896
7972896
7972896
7972896
7972896
4237871
4237871
4237871
4237871
4237871
17385249
17385260
17385249
17385249
17385260
17413746
17413746
17413746
17413746
17413746
4243497
4243497
4243497
4243497
4243497
4252092
4252092
4252092
4252092
4252092
14722569
14722569
14722569
14722569
14722569
4241589
4241589
4241589
4241589
4241589
17402670
17402670
17402670
17402670
17402670
17412536
17412536
17412536
17412536
17412536
17413282
17413282
17413282
17413282
17413282
14741574
14741574
14741574
14741574
14741574
14727157
14727157
14727157
14727157
14727157
865245
865245
865245
865245
865245
17411359
17411359
17411359
17411359
17411359
14732353
14732353
14732353
14732353
14732353
17413940
17413940
17413940
17413940
17413940
17408977
17408977
17408977
17408977
17408977
17410597
17410597
17410597
17410597
17410597
17413391
17414252
17413391
17413391
17414252
17414357
17414357
17414357
17414357
17414357
17387702
17387703
17387702
17387702
17387703
17414511
17414511
17414511
17414511
17414511
17401869
17401869
17401869
17401869
17401869
14731451
14731451
14731451
14731451
14731451
17402570
17403264
17402570
17402570
17403264
17415246
17415612
17415246
17415246
17415612
17414304
17414304
17414304
17414304
17414304
17407252
17407252
17407252
17407252
17407252
17412340
17412340
17412340
17412340
17412340
17385056
17415799
17385056
17385056
17415799
14744397
14744397
14744397
14744397
14744397
14742978
14742978
14742978
14742978
14742978
17401190
17401190
17401190
17401190
17401190
17406708
17406708
17406708
17406708
17406708
17410217
17410217
17410217
17410217
17410217
17414691
17414691
17414691
17414691
17414691
4247636
4249223
4247636
4247636
4249223
14737445
14737445
14737445
14737445
14737445
17412423
17412608
17412423
17412423
17412608
17407260
17407260
17407260
17407260
17407260
14741400
14741662
14741400
14741400
14741662
17406575
17406575
17406575
17406575
17406575
17408064
17408064
17408064
17408064
17408064
17415590
17415590
17415590
17415590
17415590
17402488
17402488
17402488
17402488
17402488
14738044
14738044
14738044
14738044
14738044
17414937
17414937
17414937
17414937
17414937
4251983
4251983
4251983
4251983
4251983
17414727
17414727
17414727
17414727
17414727
4242540
4242540
4242540
4242540
4242540
17413744
17413744
17413744
17413744
17413744
4252652
4252652
4252652
4252652
4252652
17414587
17414587
17414587
17414587
17414587
14726306
14726306
14726306
14726306
14726306
4252545
4252545
4252545
4252545
4252545
14732900
14732900
14732900
14732900
14732900
14741638
17411809
14741638
14741638
17411809
4240963
4240963
4240963
4240963
4240963
17410437
17410437
17410437
17410437
17410437
17406599
17406599
17406599
17406599
17406599
17414146
17414146
17414146
17414146
17414146
14737583
14737583
14737583
14737583
14737583
17415062
17415062
17415062
17415062
17415062
860294
860294
860294
860294
860294
17409333
17409333
17409333
17409333
17409333
17408931
17415109
17408931
17408931
17415109
14744947
14744947
14744947
14744947
14744947
17415863
17415863
17415863
17415863
17415863
17411874
17411874
17411874
17411874
17411874
17411059
17411059
17411059
17411059
17411059
17406845
17406845
17406845
17406845
17406845
14745111
14745111
14745111
14745111
14745111
17413074
17413074
17413074
17413074
17413074
17402961
17410366
17402961
17402961
17410366
17409104
17409104
17409104
17409104
17409104
17408602
17408602
17408602
17408602
17408602
845706
845706
845706
845706
845706
17411903
17411903
17411903
17411903
17411903
17407950
17407950
17407950
17407950
17407950
7976208
7976208
7976208
7976208
7976208
17413822
17413822
17413822
17413822
17413822
17387993
17387993
17387993
17387993
17387993
17387939
17387939
17387939
17387939
17387939
17402343
17402343
17402343
17402343
17402343
17406727
17406727
17406727
17406727
17406727
11113856
11113856
11113856
11113856
11113856
17414940
17414940
17414940
17414940
17414940
17387470
17387470
17387470
17387470
17387470
4248450
4248450
4248450
4248450
4248450
17414867
17414867
17414867
17414867
17414867
17403356
17403356
17403356
17403356
17403356
17409758
17409758
17409758
17409758
17409758
14742195
14742195
14742195
14742195
14742195
4246819
4246819
4246819
4246819
4246819
17388008
17388008
17388008
17388008
17388008
14723667
14723667
14723667
14723667
14723667
17415836
17415836
17415836
17415836
17415836
17403480
17403480
17403480
17403480
17403480
17403283
17403283
17403283
17403283
17403283
14741505
14741505
14741505
14741505
14741505
17407292
17407292
17407292
17407292
17407292
17413692
17413692
17413692
17413692
17413692
14741962
14741962
14741962
14741962
14741962
17407126
17407494
17407126
17407126
17407494
17407509
17407509
17407509
17407509
17407509
4250251
4250251
4250251
4250251
4250251
4241415
4241415
4241415
4241415
4241415
14734842
17414917
14734842
14734842
17414917
17408850
17408850
17408850
17408850
17408850
11111322
11111322
11111322
11111322
11111322
3717960
3717960
3717960
3717960
3717960
14743095
14743095
14743095
14743095
14743095
17413699
17413699
17413699
17413699
17413699
17407198
17407198
17407198
17407198
17407198
4240779
4240779
4240779
4240779
4240779
17410178
17410178
17410178
17410178
17410178
17413144
17413144
17413144
17413144
17413144
17416023
17416023
17416023
17416023
17416023
17413087
17413087
17413087
17413087
17413087
17401306
17401306
17401306
17401306
17401306
14745915
14745915
14745915
14745915
14745915
17387829
17387829
17387829
17387829
17387829
17413576
17413576
17413576
17413576
17413576
17385007
17385007
17385007
17385007
17385007
17414842
17414842
17414842
17414842
17414842
14722575
14722575
14722575
14722575
14722575
17409107
17409107
17409107
17409107
17409107
14744173
14744173
14744173
14744173
14744173
17415401
17415401
17415401
17415401
17415401
14724105
14724105
14724105
14724105
14724105
17387748
17387748
17387748
17387748
17387748
17403206
17403206
17403206
17403206
17403206
17387914
17387914
17387914
17387914
17387914
4249708
4249708
4249708
4249708
4249708
14733416
14733416
14733416
14733416
14733416
17408800
17408800
17408800
17408800
17408800
17385307
17385307
17385307
17385307
17385307
4248194
4248194
4248194
4248194
4248194
17402419
17402419
17402419
17402419
17402419
3717932
3717932
3717932
3717932
3717932
17407855
17407855
17407855
17407855
17407855
17409961
17409961
17409961
17409961
17409961
845577
845577
845577
845577
845577
11111492
11112868
11111492
11111492
11112868
14737247
14737247
14737247
14737247
14737247
17415877
17415877
17415877
17415877
17415877
17406857
17406857
17406857
17406857
17406857
14738607
14738607
14738607
14738607
14738607
17402001
17402001
17402001
17402001
17402001
17409399
17409399
17409399
17409399
17409399
14722623
14722623
14722623
14722623
14722623
17402462
17402462
17402462
17402462
17402462
17409356
17409356
17409356
17409356
17409356
16952742
16952742
16952742
16952742
16952742
17415854
17415854
17415854
17415854
17415854
17403447
17403447
17403447
17403447
17403447
4251141
4251141
4251141
4251141
4251141
14733895
14733895
14733895
14733895
14733895
17409248
17409248
17409248
17409248
17409248
17407936
17407936
17407936
17407936
17407936
14721904
14721904
14721904
14721904
14721904
14731453
14731453
14731453
14731453
14731453
4247785
4247785
4247785
4247785
4247785
17408728
17409661
17408728
17408728
17409661
17416065
17416065
17416065
17416065
17416065
17413988
17413988
17413988
17413988
17413988
17402772
17402772
17402772
17402772
17402772
17406570
17406570
17406570
17406570
17406570
11113862
11113862
11113862
11113862
11113862
14722704
14722704
14722704
14722704
14722704
4242466
4242466
4242466
4242466
4242466
4242702
4242702
4242702
4242702
4242702
17408407
17408407
17408407
17408407
17408407
17384952
17384953
17384975
17384976
17384952
17385117
17385117
17385117
17385117
17385117
17402131
17402131
17402131
17402131
17402131
14740849
14740849
14740849
14740849
14740849
17414924
17414924
17414924
17414924
17414924
4250895
4250895
4250895
4250895
4250895
14744867
17412139
14744867
14744867
17412139
843987
843987
843987
843987
843987
4246782
4246782
4246782
4246782
4246782
14742444
14742444
14742444
14742444
14742444
4253136
4253136
4253136
4253136
4253136
4254043
4254043
4254043
4254043
4254043
14744761
14744761
14744761
14744761
14744761
17408031
17408031
17408031
17408031
17408031
17406815
17406815
17406815
17406815
17406815
17414271
17414271
17414271
17414271
17414271
11114044
11114044
11114044
11114044
11114044
14745166
14745166
14745166
14745166
14745166
17410027
17410027
17410027
17410027
17410027
14735180
14735180
14735180
14735180
14735180
17411966
17411966
17411966
17411966
17411966
14744632
14744632
14744632
14744632
14744632
14744320
14744320
14744320
14744320
14744320
17409895
17409895
17409895
17409895
17409895
14744383
14744383
14744383
14744383
14744383
17402350
17402350
17402350
17402350
17402350
17409186
17409186
17409186
17409186
17409186
14740893
14740893
14740893
14740893
14740893
4237718
4237718
4237718
4237718
4237718
17402609
17402609
17402609
17402609
17402609
14730364
14730364
14730364
14730364
14730364
17412167
17412167
17412167
17412167
17412167
17410364
17410364
17410364
17410364
17410364
4249273
4249273
4249273
4249273
4249273
17415077
17415077
17415077
17415077
17415077
17403449
17403449
17403449
17403449
17403449
7976966
7976966
7976966
7976966
7976966
17403413
17403413
17403413
17403413
17403413
4239364
4239364
4239364
4239364
4239364
14726715
14726715
14726715
14726715
14726715
17415610
17415729
17415610
17415610
17415729
17411527
17411527
17411527
17411527
17411527
14742424
14742424
14742424
14742424
14742424
17411781
17413129
17411781
17411781
17413129
17415107
17415107
17415107
17415107
17415107
17412178
17415577
17412178
17412178
17415577
17410563
17410563
17410563
17410563
17410563
14732792
14732792
14732792
14732792
14732792
17410791
17410791
17410791
17410791
17410791
14745221
14745221
14745221
14745221
14745221
14738126
14738126
14738126
14738126
14738126
14741458
14741458
14741458
14741458
14741458
14745174
14745174
14745174
14745174
14745174
14734767
14734767
14734767
14734767
14734767
14723168
14723168
14723168
14723168
14723168
4243422
4243422
4243422
4243422
4243422
4245127
4245127
4245127
4245127
4245127
17410385
17410385
17410385
17410385
17410385
17407663
17407663
17407663
17407663
17407663
14744032
14744032
14744032
14744032
14744032
17385105
17385128
17385105
17385105
17385128
17415105
17415105
17415105
17415105
17415105
17402504
17402504
17402504
17402504
17402504
17414591
17414591
17414591
17414591
17414591
17407065
17407065
17407065
17407065
17407065
17413713
17413713
17413713
17413713
17413713
17413908
17413908
17413908
17413908
17413908
4243772
4243772
4243772
4243772
4243772
14745934
14745934
14745934
14745934
14745934
4250180
4250180
4250180
4250180
4250180
4253615
4253615
4253615
4253615
4253615
17385148
17385150
17385283
17385148
17385150
14722641
14722641
14722641
14722641
14722641
4246683
4246683
4246683
4246683
4246683
17413115
17416145
17413115
17413115
17416145
17409914
17409972
17409914
17409914
17409972
14745456
14745456
14745456
14745456
14745456
17413794
17413794
17413794
17413794
17413794
14727294
14727294
14727294
14727294
14727294
17411082
17411082
17411082
17411082
17411082
14745112
14745112
14745112
14745112
14745112
14723723
14723723
14723723
14723723
14723723
14726082
14726082
14726082
14726082
14726082
17407010
17407010
17407010
17407010
17407010
846890
846890
846890
846890
846890
14743216
14743216
14743216
14743216
14743216
17387804
17387804
17387804
17387804
17387804
17415727
17415727
17415727
17415727
17415727
4246090
4246090
4246090
4246090
4246090
17414862
17414862
17414862
17414862
17414862
4242623
4242623
4242623
4242623
4242623
17385122
17385122
17385122
17385122
17385122
14732220
14732220
14732220
14732220
14732220
17410276
17410276
17410276
17410276
17410276
14744434
14744434
14744434
14744434
14744434
17413574
17413574
17413574
17413574
17413574
17415955
17415955
17415955
17415955
17415955
17386135
17386135
17386135
17386135
17386135
17409109
17409109
17409109
17409109
17409109
17414895
17414895
17414895
17414895
17414895
14742484
14742484
14742484
14742484
14742484
862672
862672
862672
862672
862672
17403456
17407542
17403456
17403456
17407542
17410614
17416135
17410614
17410614
17416135
11111785
11111785
11111785
11111785
11111785
14745761
14745761
14745761
14745761
14745761
17385064
17385064
17385064
17385064
17385064
4251506
4251506
4251506
4251506
4251506
17409250
17409250
17409250
17409250
17409250
17414660
17414660
17414660
17414660
17414660
17413590
17413590
17413590
17413590
17413590
17413415
17413415
17413415
17413415
17413415
17406594
17406594
17406594
17406594
17406594
17413113
17413113
17413113
17413113
17413113
17408311
17408311
17408311
17408311
17408311
4252842
4252842
4252842
4252842
4252842
17402704
17402704
17402704
17402704
17402704
4253342
4253342
4253342
4253342
4253342
17402257
17402257
17402257
17402257
17402257
17416364
17416364
17416364
17416364
17416364
17414568
17414568
17414568
17414568
17414568
17414817
17414817
17414817
17414817
17414817
17409332
17409332
17409332
17409332
17409332
17410001
17410001
17410001
17410001
17410001
17415529
17415529
17415529
17415529
17415529
14740759
14740759
14740759
14740759
14740759
4244564
4244564
4244564
4244564
4244564
17410585
17410585
17410585
17410585
17410585
17407511
17407511
17407511
17407511
17407511
4250361
4250361
4250361
4250361
4250361
3713267
3713267
3713267
3713267
3713267
14722941
14722941
14722941
14722941
14722941
17413002
17413002
17413002
17413002
17413002
4252680
4252680
4252680
4252680
4252680
14727135
17407973
14727135
14727135
17407973
4242495
4248274
4242495
4242495
4248274
17413560
17413560
17413560
17413560
17413560
17410940
17410940
17410940
17410940
17410940
17408113
17408113
17408113
17408113
17408113
17402148
17411309
17402148
17402148
17411309
14745950
17415139
14745950
14745950
17415139
17414754
17414754
17414754
17414754
17414754
4238092
4239086
4239601
4238092
4239086
17409707
17409707
17409707
17409707
17409707
26752711
26752711
26752711
26752711
26752711
17387585
17416057
17416066
17387585
17416057
4253074
4253074
4253074
4253074
4253074
17414956
17414956
17414956
17414956
17414956
17415342
17415342
17415342
17415342
17415342
17410838
17410838
17410838
17410838
17410838
11113837
11113837
11113837
11113837
11113837
17402440
17402440
17402440
17402440
17402440
17403318
17403318
17403318
17403318
17403318
17407291
17407291
17407291
17407291
17407291
17416122
17416122
17416122
17416122
17416122
17414702
17414702
17414702
17414702
17414702
4242948
4245105
4242948
4242948
4245105
4253048
4253048
4253048
4253048
4253048
14740923
14740923
14740923
14740923
14740923
17387640
17387640
17387640
17387640
17387640
17414531
17414531
17414531
17414531
17414531
17410991
17410991
17410991
17410991
17410991
17403314
17403314
17403314
17403314
17403314
17411277
17411277
17411277
17411277
17411277
14723766
14742902
14723766
14723766
14742902
17401118
17401118
17401118
17401118
17401118
4237654
14738614
4237654
4237654
14738614
4250696
4250696
4250696
4250696
4250696
17413845
17413845
17413845
17413845
17413845
14739976
14739976
14739976
14739976
14739976
857531
857531
857531
857531
857531
14723722
14723722
14723722
14723722
14723722
14741399
14741399
14741399
14741399
14741399
17415930
17415930
17415930
17415930
17415930
14724169
14724169
14724169
14724169
14724169
14734982
14734982
14734982
14734982
14734982
17402320
17402320
17402320
17402320
17402320
17414537
17414537
17414537
17414537
17414537
17408964
17408964
17408964
17408964
17408964
4238167
4239442
4239485
4238167
4239442
17411932
17411932
17411932
17411932
17411932
14741127
14741127
14741127
14741127
14741127
17414429
17414429
17414429
17414429
17414429
14741585
14741585
14741585
14741585
14741585
17415944
17415944
17415944
17415944
17415944
14723841
14723841
14723841
14723841
14723841
17407575
17407575
17407575
17407575
17407575
17411265
17411265
17411265
17411265
17411265
17413738
17413738
17413738
17413738
17413738
14723854
14723854
14723854
14723854
14723854
17406664
17406664
17406664
17406664
17406664
17412535
17412535
17412535
17412535
17412535
17387872
17406624
17387872
17387872
17406624
17415599
17415599
17415599
17415599
17415599
17414289
17414289
17414289
17414289
17414289
17412872
17412872
17412872
17412872
17412872
14743573
17408163
14743573
14743573
17408163
17401374
17401374
17401374
17401374
17401374
17410012
17410012
17410012
17410012
17410012
17408677
17408677
17408677
17408677
17408677
17388610
17388610
17388610
17388610
17388610
17413858
17413858
17413858
17413858
17413858
17408630
17408630
17408630
17408630
17408630
14741236
14741236
14741236
14741236
14741236
17385997
17385997
17385997
17385997
17385997
17413542
17413542
17413542
17413542
17413542
14727233
14727233
14727233
14727233
14727233
14723151
14723151
14723151
14723151
14723151
14726032
14726032
14726032
14726032
14726032
17385033
17385033
17385033
17385033
17385033
4252495
4252495
4252495
4252495
4252495
14737474
14737474
14737474
14737474
14737474
17385328
17385329
17385328
17385328
17385329
4245612
4245612
4245612
4245612
4245612
17403467
17403467
17403467
17403467
17403467
17401406
17406720
17401406
17401406
17406720
11112225
11112225
11112225
11112225
11112225
17412051
17412051
17412051
17412051
17412051
17411785
17411785
17411785
17411785
17411785
17416181
17416181
17416181
17416181
17416181
17409836
17409836
17409836
17409836
17409836
14740488
14740488
14740488
14740488
14740488
17410399
17410399
17410399
17410399
17410399
14745092
14745092
14745092
14745092
14745092
4251837
4251837
4251837
4251837
4251837
14741438
14741438
14741438
14741438
14741438
4253302
4253302
4253302
4253302
4253302
17410998
17410998
17410998
17410998
17410998
17412601
17412601
17412601
17412601
17412601
17409085
17409085
17409085
17409085
17409085
844835
844835
844835
844835
844835
4245292
4245292
4245292
4245292
4245292
14742693
14742693
14742693
14742693
14742693
11113128
11113128
11113128
11113128
11113128
14740425
14740425
14740425
14740425
14740425
17413555
17413555
17413555
17413555
17413555
4240828
4240828
4240828
4240828
4240828
11110829
11110829
11110829
11110829
11110829
17415337
17415337
17415337
17415337
17415337
4243819
4243819
4243819
4243819
4243819
17413915
17413915
17413915
17413915
17413915
17402899
17402899
17402899
17402899
17402899
14733574
14733574
14733574
14733574
14733574
17415217
17415217
17415217
17415217
17415217
17416378
17416378
17416378
17416378
17416378
14745935
14745935
14745935
14745935
14745935
17385045
17385051
17385045
17385045
17385051
17414312
17414312
17414312
17414312
17414312
17414839
17414986
17414839
17414839
17414986
17409761
17409761
17409761
17409761
17409761
17413725
17414640
17413725
17413725
17414640
14742383
14742383
14742383
14742383
14742383
14735228
14735228
14735228
14735228
14735228
17415249
17415249
17415249
17415249
17415249
4246897
4246897
4246897
4246897
4246897
14738954
14738954
14738954
14738954
14738954
17408486
17408486
17408486
17408486
17408486
17402906
17402906
17402906
17402906
17402906
7973436
7973436
7973436
7973436
7973436
14744490
14744490
14744490
14744490
14744490
17401317
17401317
17401317
17401317
17401317
17416232
17416232
17416232
17416232
17416232
4253230
4253230
4253230
4253230
4253230
17411249
17411249
17411249
17411249
17411249
17407540
17407540
17407540
17407540
17407540
11111728
11111728
11111728
11111728
11111728
4250479
4250479
4250479
4250479
4250479
14738123
14738123
14738123
14738123
14738123
14743412
14743412
14743412
14743412
14743412
17414723
17414723
17414723
17414723
17414723
14726045
14726045
14726045
14726045
14726045
17411767
17411767
17411767
17411767
17411767
16953101
16953101
16953101
16953101
16953101
17401516
17401516
17401516
17401516
17401516
17411668
17411668
17411668
17411668
17411668
11113641
11113641
11113641
11113641
11113641
17412143
17412143
17412143
17412143
17412143
17385096
17385107
17385096
17385096
17385107
17413694
17413694
17413694
17413694
17413694
14722171
14722171
14722171
14722171
14722171
14738495
14738495
14738495
14738495
14738495
14745895
14745895
14745895
14745895
14745895
17413009
17413009
17413009
17413009
17413009
14723683
14723683
14723683
14723683
14723683
17409044
17409044
17409044
17409044
17409044
17412082
17412082
17412082
17412082
17412082
11113575
11113575
11113575
11113575
11113575
17415066
17415066
17415066
17415066
17415066
17413100
17413100
17413100
17413100
17413100
17412052
17412052
17412052
17412052
17412052
17387584
17387584
17387584
17387584
17387584
14741098
14741098
14741098
14741098
14741098
4248417
4248417
4248417
4248417
4248417
17412989
17412989
17412989
17412989
17412989
4250103
4250103
4250103
4250103
4250103
17385089
17385093
17385089
17385089
17385093
17401408
17401408
17401408
17401408
17401408
17403270
17403270
17403270
17403270
17403270
14745294
14745294
14745294
14745294
14745294
17411899
17411899
17411899
17411899
17411899
17407837
17407837
17407837
17407837
17407837
4241927
4241927
4241927
4241927
4241927
17408915
17408915
17408915
17408915
17408915
17387624
17387624
17387624
17387624
17387624
17408866
17408866
17408866
17408866
17408866
17413952
17413952
17413952
17413952
17413952
17387770
17387770
17387770
17387770
17387770
4240263
4240263
4240263
4240263
4240263
14743916
14743916
14743916
14743916
14743916
17415915
17415915
17415915
17415915
17415915
14732883
14732883
14732883
14732883
14732883
17406967
17406967
17406967
17406967
17406967
17410102
17410102
17410102
17410102
17410102
14740424
14740424
14740424
14740424
14740424
17416217
17416217
17416217
17416217
17416217
17415847
17415847
17415847
17415847
17415847
11111308
11111308
11111308
11111308
11111308
14737230
14737230
14737230
14737230
14737230
17416337
17416337
17416337
17416337
17416337
14731718
14731718
14731718
14731718
14731718
17401987
17401987
17401987
17401987
17401987
14727178
14727178
14727178
14727178
14727178
17401917
17414540
17401917
17401917
17414540
17415867
17415867
17415867
17415867
17415867
17401318
17401318
17401318
17401318
17401318
17413399
17413399
17413399
17413399
17413399
11113572
11113572
11113572
11113572
11113572
14745981
14745981
14745981
14745981
14745981
17414845
17414845
17414845
17414845
17414845
14742196
14742196
14742196
14742196
14742196
17416140
17416140
17416140
17416140
17416140
17407074
17407074
17407074
17407074
17407074
17414483
17414483
17414483
17414483
17414483
17401116
17401116
17401116
17401116
17401116
11111167
11111167
11111167
11111167
11111167
17387996
17387996
17387996
17387996
17387996
17412042
17412042
17412042
17412042
17412042
17413727
17413727
17413727
17413727
17413727
17410389
17410389
17410389
17410389
17410389
17409787
17409939
17409970
17409787
17409939
17411349
17411349
17411349
17411349
17411349
17410419
17410419
17410419
17410419
17410419
14727133
14727133
14727133
14727133
14727133
17402928
17402928
17402928
17402928
17402928
17409174
17409174
17409174
17409174
17409174
17411286
17411286
17411286
17411286
17411286
4244215
4244215
4244215
4244215
4244215
14731753
14731753
14731753
14731753
14731753
4254073
4254073
4254073
4254073
4254073
17408869
17408869
17408869
17408869
17408869
17406970
17406970
17406970
17406970
17406970
17415725
17415725
17415725
17415725
17415725
17403364
17403364
17403364
17403364
17403364
14741006
14741006
14741006
14741006
14741006
17411968
17411968
17411968
17411968
17411968
14744447
14744447
14744447
14744447
14744447
17408135
17416110
17408135
17408135
17416110
17406723
17406723
17406723
17406723
17406723
17387522
17387522
17387522
17387522
17387522
11111220
11111220
11111220
11111220
11111220
14727179
14727179
14727179
14727179
14727179
14723711
14723711
14723711
14723711
14723711
14726089
14726089
14726089
14726089
14726089
14724155
14724155
14724155
14724155
14724155
17413128
17413128
17413128
17413128
17413128
14735328
14735328
14735328
14735328
14735328
17414792
17414792
17414792
17414792
17414792
14741615
14741615
14741615
14741615
14741615
4240609
4240609
4240609
4240609
4240609
14732159
14732159
14732159
14732159
14732159
14741600
14741600
14741600
14741600
14741600
17415191
17415191
17415191
17415191
17415191
17411732
17413910
17411732
17411732
17413910
17402973
17402973
17402973
17402973
17402973
14727241
14727241
14727241
14727241
14727241
14744757
14744757
14744757
14744757
14744757
14738616
14738616
14738616
14738616
14738616
847836
847836
847836
847836
847836
4246998
4246998
4246998
4246998
4246998
14737477
14737477
14737477
14737477
14737477
17415295
17415295
17415295
17415295
17415295
14740814
14740814
14740814
14740814
14740814
14735445
14735445
14735445
14735445
14735445
17406783
17415173
17406783
17406783
17415173
17403648
17403648
17403648
17403648
17403648
17415662
17415662
17415662
17415662
17415662
14734768
17384998
14734768
14734768
17384998
4245749
4247451
4245749
4245749
4247451
17409268
17409268
17409268
17409268
17409268
11111814
11111814
11111814
11111814
11111814
4252623
4252623
4252623
4252623
4252623
17415989
17415989
17415989
17415989
17415989
17408233
17408233
17408233
17408233
17408233
17414896
17414896
17414896
17414896
17414896
14727299
14727299
14727299
14727299
14727299
17411223
17411477
17411223
17411223
17411477
4247554
4247554
4247554
4247554
4247554
4249740
4249740
4249740
4249740
4249740
4265800
4265800
4265800
4265800
4265800
17406809
17406809
17406809
17406809
17406809
17415174
17415174
17415174
17415174
17415174
17406592
17406592
17406592
17406592
17406592
17387648
17387648
17387648
17387648
17387648
17411666
17411666
17411666
17411666
17411666
14740345
14740345
14740345
14740345
14740345
17406813
17406813
17406813
17406813
17406813
17385722
17385722
17385722
17385722
17385722
17385066
17385066
17385066
17385066
17385066
14721847
14721847
14721847
14721847
14721847
11112873
11112873
11112873
11112873
11112873
17406596
17406596
17406596
17406596
17406596
17387956
17387956
17387956
17387956
17387956
17414111
17414111
17414111
17414111
17414111
14721871
14721871
14721871
14721871
14721871
7976196
7976196
7976196
7976196
7976196
17408999
17408999
17408999
17408999
17408999
17410889
17410889
17410889
17410889
17410889
17408907
17416362
17408907
17408907
17416362
14742146
14742146
14742146
14742146
14742146
17402406
17402406
17402406
17402406
17402406
17406912
17406912
17406912
17406912
17406912
14743177
14743177
14743177
14743177
14743177
17413084
17413084
17413084
17413084
17413084
4241079
4241079
4241079
4241079
4241079
17410948
17410948
17410948
17410948
17410948
17415104
17415893
17415104
17415104
17415893
17408560
17408560
17408560
17408560
17408560
17411180
17411180
17411180
17411180
17411180
17408933
17408933
17408933
17408933
17408933
14744777
14744777
14744777
14744777
14744777
17407047
17407047
17407047
17407047
17407047
17387742
17387742
17387742
17387742
17387742
14740757
14740757
14740757
14740757
14740757
14726060
14726060
14726060
14726060
14726060
17415812
17415812
17415812
17415812
17415812
17413156
17413156
17413156
17413156
17413156
17414564
17414564
17414564
17414564
17414564
17413905
17413905
17413905
17413905
17413905
17415943
17415943
17415943
17415943
17415943
14743545
14743545
14743545
14743545
14743545
17385070
17385070
17385070
17385070
17385070
17413307
17415751
17413307
17413307
17415751
4239925
4240418
4239925
4239925
4240418
17402217
17402217
17402217
17402217
17402217
17409227
17409227
17409227
17409227
17409227
17406637
17406637
17406637
17406637
17406637
17415705
17415705
17415705
17415705
17415705
14725988
14725988
14725988
14725988
14725988
14726080
14726080
14726080
14726080
14726080
4237824
4238251
4237824
4237824
4238251
4252511
4252511
4252511
4252511
4252511
14734938
14734938
14734938
14734938
14734938
17415973
17415973
17415973
17415973
17415973
14722909
14722909
14722909
14722909
14722909
17402581
17402581
17402581
17402581
17402581
17408547
17408547
17408547
17408547
17408547
14744742
14745131
14744742
14744742
14745131
17406650
17406650
17406650
17406650
17406650
17406881
17406881
17406881
17406881
17406881
17414274
17414274
17414274
17414274
17414274
17412197
17412197
17412197
17412197
17412197
17407258
17407258
17407258
17407258
17407258
17413863
17413863
17413863
17413863
17413863
17416268
17416268
17416268
17416268
17416268
17414349
17414349
17414349
17414349
17414349
17385080
17385080
17385080
17385080
17385080
4250001
4252063
4250001
4250001
4252063
14731240
14731240
14731240
14731240
14731240
17414669
17414669
17414669
17414669
17414669
17414019
17414019
17414019
17414019
17414019
4249823
4249823
4249823
4249823
4249823
17409235
17409235
17409235
17409235
17409235
845406
845406
845406
845406
845406
4237938
4237985
4238504
4238920
4238947
17414163
17414515
17414163
17414163
17414515
14727247
14727247
14727247
14727247
14727247
17412637
17412637
17412637
17412637
17412637
17413528
17413528
17413528
17413528
17413528
17407112
17407112
17407112
17407112
17407112
17387448
17387448
17387448
17387448
17387448
851470
17413644
851470
851470
17413644
17385113
17385123
17385113
17385113
17385123
17410568
17410568
17410568
17410568
17410568
17409773
17409773
17409773
17409773
17409773
4242937
4242937
4242937
4242937
4242937
17414353
17414353
17414353
17414353
17414353
4246741
4246741
4246741
4246741
4246741
11113881
11113881
11113881
11113881
11113881
17409084
17409084
17409084
17409084
17409084
11111533
11111533
11111533
11111533
11111533
17409940
17409940
17409940
17409940
17409940
17385308
17385313
17385308
17385308
17385313
17401343
17401343
17401343
17401343
17401343
17415641
17415641
17415641
17415641
17415641
17402424
17402424
17402424
17402424
17402424
4253110
4253110
4253110
4253110
4253110
17401400
17401400
17401400
17401400
17401400
17408772
17408772
17408772
17408772
17408772
17415638
17415638
17415638
17415638
17415638
7977391
7977391
7977391
7977391
7977391
17403118
17403118
17403118
17403118
17403118
17415315
17415315
17415315
17415315
17415315
17409730
17409730
17409730
17409730
17409730
17414824
17414866
17414824
17414824
17414866
17416367
17416367
17416367
17416367
17416367
17401428
17401428
17401428
17401428
17401428
17411177
17411177
17411177
17411177
17411177
14737064
14737064
14737064
14737064
14737064
859865
859865
859865
859865
859865
17402298
17410747
17402298
17402298
17410747
14740633
14740633
14740633
14740633
14740633
17403460
17403460
17403460
17403460
17403460
17415403
17415403
17415403
17415403
17415403
17413260
17413260
17413260
17413260
17413260
14744642
14744642
14744642
14744642
14744642
17415370
17415370
17415370
17415370
17415370
17414341
17414341
17414341
17414341
17414341
17415053
17415053
17415053
17415053
17415053
14743213
14743213
14743213
14743213
14743213
17407755
17407755
17407755
17407755
17407755
861945
861945
861945
861945
861945
17401135
17414784
17401135
17401135
17414784
17402640
17402640
17402640
17402640
17402640
17409064
17409064
17409064
17409064
17409064
17414550
17414550
17414550
17414550
17414550
7973357
7973357
7973357
7973357
7973357
11111030
11111030
11111030
11111030
11111030
17411986
17411986
17411986
17411986
17411986
17409267
17409267
17409267
17409267
17409267
17410045
17410045
17410045
17410045
17410045
17410350
17410350
17410350
17410350
17410350
4238424
4238424
4238424
4238424
4238424
17413562
17413562
17413562
17413562
17413562
4248295
4248295
4248295
4248295
4248295
17414358
17414358
17414358
17414358
17414358
17412099
17412099
17412099
17412099
17412099
17409832
17409832
17409832
17409832
17409832
17411985
17416251
17411985
17411985
17416251
17388601
17388601
17388601
17388601
17388601
17414051
17414051
17414051
17414051
17414051
14727218
14727218
14727218
14727218
14727218
17406779
17408929
17406779
17406779
17408929
17401483
17401483
17401483
17401483
17401483
4245444
4245444
4245444
4245444
4245444
4248772
4248772
4248772
4248772
4248772
14745962
14745962
14745962
14745962
14745962
17414670
17414670
17414670
17414670
17414670
861425
861425
861425
861425
861425
859914
859914
859914
859914
859914
17416024
17416024
17416024
17416024
17416024
14742404
14742404
14742404
14742404
14742404
17385092
17385110
17385092
17385092
17385110
17406934
17406934
17406934
17406934
17406934
17413904
17413904
17413904
17413904
17413904
14723770
14723770
14723770
14723770
14723770
4251896
4251896
4251896
4251896
4251896
17387764
17409006
17414215
17387764
17409006
17413412
17413412
17413412
17413412
17413412
17413019
17413040
17413019
17413019
17413040
17415949
17415949
17415949
17415949
17415949
14740865
14740865
14740865
14740865
14740865
4249865
4249865
4249865
4249865
4249865
17412981
17412981
17412981
17412981
17412981
17388362
17388362
17388362
17388362
17388362
17406654
17406654
17406654
17406654
17406654
17413693
17413693
17413693
17413693
17413693
17408859
17408859
17408859
17408859
17408859
14743815
14743815
14743815
14743815
14743815
17407213
17407213
17407213
17407213
17407213
846056
846056
846056
846056
846056
4242070
4242070
4242070
4242070
4242070
11111540
11111540
11111540
11111540
11111540
17415201
17415477
17415201
17415201
17415477
4250651
4250651
4250651
4250651
4250651
17409010
17409010
17409010
17409010
17409010
17406735
17406735
17406735
17406735
17406735
17413634
17413634
17413634
17413634
17413634
17412239
17412239
17412239
17412239
17412239
14744735
14744735
14744735
14744735
14744735
17413194
17413194
17413194
17413194
17413194
17410413
17410413
17410413
17410413
17410413
17408903
17414272
17408903
17408903
17414272
17387758
17387758
17387758
17387758
17387758
11111321
11111321
11111321
11111321
11111321
17414891
17414891
17414891
17414891
17414891
11113676
11113676
11113676
11113676
11113676
17384921
17384921
17384921
17384921
17384921
17413957
17413957
17413957
17413957
17413957
17387604
17412020
17387604
17387604
17412020
7973497
7973497
7973497
7973497
7973497
4237838
4240448
4237838
4237838
4240448
17401896
17401896
17401896
17401896
17401896
17403585
17403585
17403585
17403585
17403585
11113638
11113638
11113638
11113638
11113638
4251657
4251657
4251657
4251657
4251657
17415402
17415402
17415402
17415402
17415402
17413563
17413642
17413563
17413563
17413642
17413465
17413465
17413465
17413465
17413465
17416252
17416252
17416252
17416252
17416252
17401309
17401309
17401309
17401309
17401309
17415900
17415900
17415900
17415900
17415900
17412694
17412694
17412694
17412694
17412694
4242574
14721947
4242574
4242574
14721947
7976787
7976787
7976787
7976787
7976787
14741269
14741269
14741269
14741269
14741269
4246147
4246147
4246147
4246147
4246147
17403587
17403587
17403587
17403587
17403587
17384977
17384984
17384977
17384977
17384984
17408225
17408225
17408225
17408225
17408225
17414955
17414955
17414955
17414955
17414955
17415994
17415994
17415994
17415994
17415994
7972382
7972382
7972382
7972382
7972382
4248196
4248196
4248196
4248196
4248196
17411321
17411321
17411321
17411321
17411321
17385187
17385288
17385187
17385187
17385288
4237864
4238416
4239871
4237864
4238416
17402225
17402225
17402225
17402225
17402225
17412097
17412097
17412097
17412097
17412097
14721854
14721854
14721854
14721854
14721854
14744693
14744693
14744693
14744693
14744693
4245567
4245567
4245567
4245567
4245567
17414584
17414584
17414584
17414584
17414584
14738667
14738667
14738667
14738667
14738667
17401127
17401127
17401127
17401127
17401127
17414995
17414995
17414995
17414995
17414995
17412024
17412024
17412024
17412024
17412024
14740127
14740127
14740127
14740127
14740127
17408692
17408692
17408692
17408692
17408692
17384997
17384997
17384997
17384997
17384997
17403231
17403231
17403231
17403231
17403231
17413005
17413005
17413005
17413005
17413005
17415412
17415412
17415412
17415412
17415412
4237625
4238856
4238950
4240331
4237625
17415603
17415603
17415603
17415603
17415603
17415907
17415907
17415907
17415907
17415907
17385330
17385330
17385330
17385330
17385330
7975646
7975646
7975646
7975646
7975646
3717951
3717951
3717951
3717951
3717951
17413221
17413221
17413221
17413221
17413221
14745830
14745830
14745830
14745830
14745830
851134
851134
851134
851134
851134
4238781
4238781
4238781
4238781
4238781
17408563
17408563
17408563
17408563
17408563
17413092
17413092
17413092
17413092
17413092
17408965
17408965
17408965
17408965
17408965
4246613
4246613
4246613
4246613
4246613
17415838
17415838
17415838
17415838
17415838
17413671
17413671
17413671
17413671
17413671
17413178
17415357
17413178
17413178
17415357
3714832
3714832
3714832
3714832
3714832
4245941
4245941
4245941
4245941
4245941
14745801
14745801
14745801
14745801
14745801
17385108
17385108
17385108
17385108
17385108
4249263
4249263
4249263
4249263
4249263
14745083
17415352
14745083
14745083
17415352
17413233
17413643
17413233
17413233
17413643
7975336
7975336
7975336
7975336
7975336
17410491
17410491
17410491
17410491
17410491
17413742
17413742
17413742
17413742
17413742
4241088
4241088
4241088
4241088
4241088
14745522
14745522
14745522
14745522
14745522
17412925
17412925
17412925
17412925
17412925
4252349
4252349
4252349
4252349
4252349
11113075
11113075
11113075
11113075
11113075
17402390
17402390
17402390
17402390
17402390
17410270
17410270
17410270
17410270
17410270
4247416
4247416
4247416
4247416
4247416
4242971
4242971
4242971
4242971
4242971
14737572
14737572
14737572
14737572
14737572
14723801
14723801
14723801
14723801
14723801
17407743
17407743
17407743
17407743
17407743
17416338
17416338
17416338
17416338
17416338
14734703
14734703
14734703
14734703
14734703
17412537
17412537
17412537
17412537
17412537
17411943
17411943
17411943
17411943
17411943
17414366
17414366
17414366
17414366
17414366
17384879
17384884
17384900
17384922
17384879
17414595
17414595
17414595
17414595
17414595
14735336
14735336
14735336
14735336
14735336
17387994
17387994
17387994
17387994
17387994
4240068
4240068
4240068
4240068
4240068
17414726
17414726
17414726
17414726
17414726
4237889
4237889
4237889
4237889
4237889
17406638
17406638
17406638
17406638
17406638
17387762
17387762
17387762
17387762
17387762
17385052
17385104
17385052
17385052
17385104
14732429
14744602
14732429
14732429
14744602
17384982
17384983
17384982
17384982
17384983
17402391
17402391
17402391
17402391
17402391
14745850
14745850
14745850
14745850
14745850
14745531
14745531
14745531
14745531
14745531
17402542
17402542
17402542
17402542
17402542
14739483
14739483
14739483
14739483
14739483
14745610
14745610
14745610
14745610
14745610
11112192
11112192
11112192
11112192
11112192
17413433
17413433
17413433
17413433
17413433
