4238182
4240280
4252736
4252928
4253209
11113170
11113176
11111442
11112255
11112376
4249983
11112625
11112665
26750997
26750998
11112232
26750798
26750847
11112232
26750798
4245335
4245335
4245335
4245335
4245335
11111433
26752641
4254091
11111401
11111433
11113254
11113306
4246015
4253579
4253744
4253163
4253742
4253163
4253163
4253742
4253537
4253537
4253537
4253537
4253537
4254361
4254361
4254361
4254361
4254361
4253458
4253965
4253458
4253458
4253965
4252976
4252976
4252976
4252976
4252976
11113285
4253422
11113285
11113285
4253422
11110687
4253335
11110841
11111039
11114197
11111009
11111009
11111009
11111009
11111009
4241898
17408566
4241898
4241898
17408566
26752493
4252780
4252885
4253425
11114263
11113249
26752589
11110917
11113249
26752589
11113155
11113181
11113212
4252514
4253380
4241809
4247644
4250317
4253491
4253872
4252726
4253295
4265494
11111015
11111023
4253318
4253440
4253670
26751246
26751264
11110950
11111054
11110950
11110950
11111054
851909
4252712
11111864
851909
4252712
843632
4239157
4239192
4242606
4243298
4252730
4254217
4252730
4252730
4254217
4252914
4253505
11111301
4252914
4253505
4252725
4252725
4252725
4252725
4252725
4237534
4238366
4238767
4239135
4239710
11113253
4252527
4252747
4253224
11113253
3713645
4254331
11113335
17415951
3713645
26752471
26752473
26752476
26752702
4241538
26752571
26752720
26752571
26752571
26752720
4254303
14726114
4254303
4254303
14726114
4253055
11111815
11112691
11114150
4253055
4252557
11111908
11112136
4252557
11111908
4252578
4253213
4253402
11110954
14722901
11111797
26752595
4253702
4254177
4254279
4253401
11112579
4253401
4253401
11112579
11113233
11112147
11113233
11113233
11112147
860227
4252115
4252822
11112737
17387599
4249175
17401215
17401760
26750731
4249175
4253202
11113646
4253202
4253202
11113646
11113131
11113142
11110673
11110886
11111707
4252453
4252453
4252453
4252453
4252453
4254280
11111714
14735681
17415827
4254280
4245427
4248255
14740775
14744472
4245427
11113196
11113275
11112322
11113196
11113275
11113185
4253297
11113185
11113185
4253297
14742721
14742721
14742721
14742721
14742721
11110715
11112237
11110715
11110715
11112237
4252931
4252931
4252931
4252931
4252931
4253793
4253793
4253793
4253793
4253793
11113261
11113261
11113261
11113261
11113261
4252783
4253156
4252783
4252783
4253156
4252798
4254124
4252798
4252798
4254124
11111413
11113988
11113994
11111413
11113988
11110890
26752427
26752640
4244721
14734267
26752406
26752534
26752709
857689
4254406
26752328
26752518
26752688
863141
4252452
4254104
11112343
11113536
17411594
4254104
4253436
4253436
4253436
4253436
4253436
4253684
26752338
4253907
4253684
26752338
11111243
4238414
4239616
4240247
4241900
11111966
4253355
11113980
11111966
4253355
4248655
4248987
4253007
4253067
4253374
11111272
11111501
11112117
11112610
11111272
7973776
17411233
7973776
7973776
17411233
4246417
11110705
11111209
11113427
14723427
11111363
4252944
4252973
4253535
11110847
26752353
11111538
11111597
11111605
11111703
4244377
4249240
17402027
4244377
4249240
4252848
4252849
4252855
4253945
4252848
4254421
4254421
4254421
4254421
4254421
4245627
4249173
4250284
7977090
14739477
4253698
4253753
14745216
4253698
4253753
4250552
4252839
4253138
4253792
4254012
4238732
4237542
4238953
4239400
4244400
4252607
11110973
14723408
14726746
14732864
26752557
4237707
4238583
26752557
4237707
4238900
4240219
4252461
4252993
4253382
26752661
4252669
4253501
14743309
26752661
11111698
4252799
4252880
4252912
4253050
4253077
4253536
4253547
4253861
4254302
11110821
11112623
11110821
11110821
11112623
26752558
4241185
4241949
4242014
4248345
4240262
4253576
11112125
11112227
11112259
4254056
4254289
11111139
11111889
14721848
4240353
4240353
4240353
4240353
4240353
11111753
11111114
11111446
11112747
11114003
11111939
4252675
11113954
14734436
14742426
11111846
4254313
11111839
14726314
11111846
11110761
17414633
11110761
11110761
17414633
862611
862611
862611
862611
862611
4253248
7973151
4253248
4253248
7973151
11112202
11112636
17410877
11112202
11112636
4247014
4252494
4252518
4247014
4252494
4252782
4252803
4252992
4254018
11112212
11113149
11113171
11113227
11113238
11113247
11113086
4253277
4253966
11112208
11112274
26752535
4253005
14743918
26751157
26751159
4252667
4252748
4253160
4253599
11110752
11111726
4251232
4254094
17408565
26751154
4244360
17415329
4244360
4244360
17415329
14742193
14742193
14742193
14742193
14742193
4241178
4244619
4252492
7974886
14724045
11112684
14730896
11112684
11112684
14730896
11113088
4253512
17411703
11113088
4253512
4252906
4254004
4254005
4254347
14723961
11110888
11112214
11110888
11110888
11112214
26752547
4242281
4246238
11114029
26752547
4247361
14734950
4247361
4247361
14734950
26752555
850433
4243647
26752555
850433
26752608
858981
4253241
17415132
26752608
4253304
11111057
4253304
4253304
11111057
4253801
4253801
4253801
4253801
4253801
4246708
4252711
4252943
4253487
4253511
11110933
4252668
4253651
4254057
4254148
11110799
11112337
14741897
11110799
11112337
4253533
4248825
4252775
4252938
4253257
11111882
845164
11111882
11111882
845164
4251945
4253851
11112777
11113500
14739939
4252886
4253504
11112802
17411420
4252886
848749
853436
848749
848749
853436
4248335
4252659
14726040
4248335
4252659
11110948
14745448
11110948
11110948
14745448
866042
4252745
4253362
866042
4252745
4252796
11111104
11112123
11113959
14727154
4242829
4244436
4252827
4253321
4254252
4252480
4253622
4254232
4254390
17413048
11113217
11113272
11113217
11113217
11113272
14735756
14735756
14735756
14735756
14735756
4252812
11110720
11110747
11110876
11111607
11110702
11110808
11111012
11111563
11110702
11111038
11112895
11111038
11111038
11112895
4254195
4254317
7972814
14741405
17410548
17406828
17415707
17406828
17406828
17415707
11113154
11112273
11112689
11114094
17411815
11113138
860163
3717861
11110666
11112540
11113166
11110660
11111326
11113166
11110660
4253207
4253281
4254141
17410422
4253207
850684
4252918
4253044
850684
4252918
4253011
4253319
11112763
4253011
4253319
14735802
14735802
14735802
14735802
14735802
4242792
4251587
4253092
4253737
11111319
4253430
11110797
11112160
4253430
11110797
11113194
11113303
4245229
4254112
11114209
4241152
4243475
4248341
14745775
4241152
4252130
4252991
4253019
4253105
11111875
26752677
11111062
11112647
11114156
17403553
858418
4253951
14745315
858418
4253951
4252761
4252941
4253381
11110786
11111282
11113252
858164
4253236
4253681
4253783
26752422
4253030
11111513
11111764
11113771
4252454
4254055
11112165
17409987
4252454
26752348
26752456
26752489
26751111
26751239
26750787
26750792
26750810
26750787
26750792
11110872
11110873
11110872
11110872
11110873
4252114
4252563
4254332
11112545
11113531
4249498
4249498
4249498
4249498
4249498
11111162
26752651
4252683
11112348
11111162
26752403
3715127
4247742
4252405
4254121
14726322
14726322
14726322
14726322
14726322
11111276
4252470
4252622
4252816
4252866
11112173
11112920
11112173
11112173
11112920
4245973
11113617
14734710
4245973
11113617
11113160
4253756
11111193
11112205
11113474
26752503
26752658
26752683
26752685
4242315
4252911
11111950
11112199
11114009
14724064
4237642
4238162
4239191
4252256
4253158
26751428
26752347
4253845
26751106
26751403
11111645
863440
4243895
4247208
4247305
4253441
11110989
11111156
4253441
11110989
4253103
4254155
11111395
11111524
11111881
11110740
4252900
11111530
17403282
11110740
4242011
4248726
4250910
17408536
17408719
11110700
4254128
11110700
11110700
4254128
4252456
17408252
4252456
4252456
17408252
4252547
4252913
4253086
4253111
4253465
4252896
4253559
4253645
4253646
4254033
26752359
11111940
26752359
26752359
11111940
4253174
4253656
4253174
4253174
4253656
11111587
4253917
4254176
11113425
11111587
4245246
4253455
4254300
17401447
4245246
4254093
17387660
4254093
4254093
17387660
4253831
11110712
11111295
4253831
11110712
4247846
4253679
4247846
4247846
4253679
3713259
4237530
4237710
4253561
11113459
4238368
4238389
4238396
4238662
4239743
4253812
17387613
17413003
17414794
4253812
26752439
4254072
4254267
7976741
11112710
4237550
4239343
4239751
17411740
4237550
11111659
26752500
26752585
4252813
4253773
4237493
4237772
4237868
4238091
4238113
863281
3712359
4241779
4252883
7974345
4239686
26752358
26752366
26752367
859883
4238525
4252940
11110984
11111476
11111781
858323
4252686
4253291
4253311
14732607
11113242
26752430
26752644
11112317
11112696
4253694
4253882
11111759
11111794
4253694
17402724
17402724
17402724
17402724
17402724
4252508
4253391
4253999
11114245
26751049
11113237
11113237
11113237
11113237
11113237
26752505
26750993
26752505
26752505
26750993
4252890
11111561
4252890
4252890
11111561
4248720
4253766
4253767
11110796
11112206
4241131
4254278
4241131
4241131
4254278
11111292
11113695
11111292
11111292
11113695
4253709
14721922
4253709
4253709
14721922
11113144
11112820
26750853
26751339
26751357
4253439
4253494
11111359
4253439
4253494
861742
4250618
4253004
11114057
11114151
11112560
11112560
11112560
11112560
11112560
11111184
4252691
11110983
11114173
11111184
863506
4242740
4252516
4252550
4252717
11113218
11113273
4254340
11112664
11113218
4252501
4252583
4252770
4252894
4253529
3717397
4252907
17387899
17410156
3717397
848612
860889
17402632
17408557
17408770
11113146
4253689
4253710
11113146
4253689
11110774
11111317
26752337
850189
4237974
11113248
26752331
4243445
4248824
4250432
3715280
4240523
4242803
4244086
4253838
11113145
11113225
4253427
4254353
11111013
4252846
11111336
4245670
4252804
4252806
11113157
4253843
4254007
17401336
11113157
4252458
11110744
11112106
11112809
11112845
4253570
11114162
4253570
4253570
11114162
4253611
4253612
4253611
4253611
4253612
4238592
4238707
4238960
4252487
4252488
4254168
11111100
11111128
11113644
4254168
11111121
4252720
4252838
4252901
4253180
4251498
4251498
4251498
4251498
4251498
4254118
4254153
4254188
11114069
11114145
859689
4247316
4252571
4254071
4254123
4252829
4252829
4252829
4252829
4252829
4252904
4254257
11111154
11111172
11111323
14739745
14744591
14744655
14745175
14745978
4246349
4247167
4254321
14741129
17387909
856953
4252551
4252786
4252952
4253097
4241122
11110800
14734810
14743442
17416214
4238867
4239187
4252965
11111709
11111754
4237738
4237789
4237799
4238186
4238574
4254143
4254412
7975186
11112609
17401231
849132
4241556
4247422
4252593
14735504
4252666
4253073
11111768
4252666
4253073
17401189
17401189
17401189
17401189
17401189
11110928
11111729
4251856
4252457
4253271
26752637
26752637
26752637
26752637
26752637
26752475
26752475
26752475
26752475
26752475
11113211
4253378
4253437
11113211
4253378
4252694
4252919
4253542
4253585
4253633
11111457
4244345
11111414
14722198
14726085
4250497
4253359
11112168
11112289
11114065
4253515
17406843
4253515
4253515
17406843
4241835
4245907
11110852
11111217
11111661
11111601
11112116
11112600
17385813
17410933
11110871
11111357
4248302
4254383
11112643
4252075
4253433
14737450
17408548
17412992
4253117
14725987
4253117
4253117
14725987
4253336
11112204
4253336
4253336
11112204
4241102
4241700
4249017
26750749
26750750
11113229
4247103
4249666
4252903
4253340
3716536
4252810
11113940
3716536
4252810
11110918
11111857
4241007
4243300
4250268
14741332
14743555
14741332
14741332
14743555
11111500
4253688
4253991
11111073
11111918
17387558
17407226
17387558
17387558
17407226
4252971
4253829
11114154
17387987
17403371
11111346
11112303
11112474
11112592
11112908
11110880
4252981
4253287
11110880
4252981
26752556
26752556
26752556
26752556
26752556
4252643
4252860
11112243
4252643
4252860
4243975
4247852
4249856
4251422
7973923
11111772
4249963
11112741
14729246
14731887
3712054
4237495
4237875
4238196
4239341
11111303
26752395
860868
4254369
11112836
17409547
17409684
17409547
17409547
17409684
14742252
17387856
14742252
14742252
17387856
26752722
4253755
11111429
11112535
26752722
4245508
4252653
4252967
4253061
4253636
11113141
26752412
26752419
11112357
26750739
853296
4254253
14723793
853296
4254253
11112170
11112808
11112170
11112170
11112808
11111699
11111699
11111699
11111699
11111699
11112513
11112513
11112513
11112513
11112513
11113846
11113846
11113846
11113846
11113846
4248854
4248854
4248854
4248854
4248854
17410188
17410188
17410188
17410188
17410188
4248923
14726065
14741776
4248923
14726065
4254363
4254363
4254363
4254363
4254363
14724032
14724094
14726365
14727211
14727301
4240980
14721902
4240980
4240980
14721902
11113328
11113878
17403117
11113328
11113878
4251903
14743841
17415320
4251903
14743841
11113158
26751205
26751208
26751223
26751226
4254193
4254193
4254193
4254193
4254193
11111412
11111491
11111412
11111412
11111491
17388005
17402996
17411446
17416196
17388005
4253930
4253372
11110782
11111071
11111145
26752340
26752494
26752550
4252469
26751152
11111340
14736216
14741197
17411636
11111340
4237524
4237540
4252949
4254254
11111612
4252630
26750748
26750753
26750755
26750758
4253796
4254173
14741988
14743479
17408479
4238784
4238930
4240057
4247480
4253238
846760
851660
861145
4244060
4244165
11110675
4239848
4254189
11113663
11113852
4246506
11111241
11112321
4246506
11111241
4252710
4253293
4253294
4253676
4254212
4253142
17408812
17410843
4253142
17408812
11111731
26752410
26752433
26752459
859105
4251781
11112694
4251781
4251781
11112694
3715879
4241412
4252867
4253891
11110990
11113135
11113191
11113235
11112359
11112558
4252570
4253932
4254258
11111129
11111712
26752333
4243301
4252718
4253708
11110732
26752436
14727064
17414662
26752436
14727064
11110966
26750940
11110966
11110966
26750940
11111503
11113333
11114047
14727063
14740858
26752733
4254061
26752733
26752733
4254061
4243992
4245064
4249606
4252476
4252533
26752601
4252899
4253087
26752601
4252899
11110701
4253818
11113898
11110701
4253818
26752593
842968
4241555
4246039
4249136
14722695
14722695
14722695
14722695
14722695
4244000
4253677
4254319
11113730
14734164
4253022
4253462
11112402
11112416
11113740
4252564
4253049
11111143
4252564
4253049
11111130
11111769
26752560
26752592
4252387
26752525
26752596
860507
4239882
11111789
4238532
4253331
4253618
17402490
17410096
846376
4242655
4245632
4250823
4253479
11110749
11110882
4244369
4252503
4252716
4238339
4238973
4252998
11110942
17411904
4253617
7972272
17402702
17411294
4253617
26752368
860735
4238102
4238179
4254296
11113301
4254084
11112358
11113301
4254084
4245524
17402372
17409518
4245524
17402372
4237475
4238621
4239873
4237475
4238621
4249168
4253929
4253974
11111350
11111928
4237832
4237988
4238042
4238243
4238281
11114123
26750839
26750840
26751003
26751268
11111542
4252448
4252525
4252641
4253121
26752598
4244865
17401142
26752598
4244865
4253669
11110947
4252629
4253216
4254050
11110684
11111218
4243684
4252475
4253082
4249742
4253107
4253259
4253598
11111812
17408816
17411924
17408816
17408816
17411924
26752370
17409843
26752370
26752370
17409843
852502
14745965
852502
852502
14745965
17387538
17387538
17387538
17387538
17387538
11111891
4237760
4239165
4240110
11110958
11110878
11110878
11110878
11110878
11110878
14721971
14721971
14721971
14721971
14721971
4254132
17412040
4254132
4254132
17412040
11111403
11112655
11112850
11111403
11112655
26752376
26752378
26752392
26752442
26752443
863343
4240142
863343
863343
4240142
4254268
4254268
4254268
4254268
4254268
11111722
17402000
11111722
11111722
17402000
11112604
11112604
11112604
11112604
11112604
4254226
11111213
11111236
11112378
17416202
4253572
11114051
17413650
26751240
26751258
26752509
4254323
11111752
11113702
17385003
4253764
4253764
4253764
4253764
4253764
861014
4253988
7976341
17408813
17416299
11112893
11113640
11112893
11112893
11113640
3717423
4254221
14744482
14745530
3717423
4252481
4252682
4253554
11112776
4252481
4252540
4253981
11114095
4252540
4253981
4254283
11112889
4254283
4254283
11112889
4254250
11112855
17414160
4254250
11112855
4252504
4253847
11112157
11112529
14724074
11112355
11113944
17406752
11112355
11113944
11111063
11111320
4252462
4252895
4253260
11110756
11112250
11110756
11110756
11112250
11114277
4243381
4252552
4252565
4253220
4252603
4252645
4253214
14740726
26751172
4252757
4252840
4252856
4253652
4253985
4239879
11110967
4237815
4238031
4238278
4254243
14745913
17408996
4254243
14745913
11113150
4241678
4253692
11112178
11112587
4253866
11111583
11112431
4253866
11111583
11113084
4252868
11111138
11112323
11112332
4253265
11111306
4253265
4253265
11111306
4253119
4253120
4254089
4253119
4253120
4239451
4241848
4253206
14744395
4239451
4253222
11111496
11112446
4253222
11111496
4254122
11110678
14745938
4254122
11110678
26752429
26750740
26750741
26750745
26750772
4244802
4253777
11110739
11112253
11112902
847473
4254396
14744507
17401953
847473
11110826
17411813
11110826
11110826
17411813
11110789
856259
14733105
11110789
856259
4253493
11111380
11113569
4253493
11111380
4247631
4253713
4254358
4247631
4253713
11111415
11111415
11111415
11111415
11111415
4252999
11114146
17413572
4252999
11114146
11111916
17407770
17412982
17413121
11111916
11111822
4253394
11111316
11112330
11112333
4237709
4237749
4237940
4238195
4238443
4254306
4254309
4254306
4254306
4254309
11111957
11113224
4252707
4253690
4254197
4251084
4252554
4252697
4252698
4252841
11110694
11111388
11113286
11111438
11112420
4252785
4253499
4253957
4254240
11111399
4252760
11110805
17406915
4252760
11110805
11110904
7977024
11112135
11112853
11113661
4254407
14723852
14724161
17409856
4254407
26752586
26752625
26752653
4244730
4250855
11111842
14723984
17414065
11111842
14723984
4253566
11112554
11113968
17412939
4253566
4253152
11110923
11112459
11112677
11112918
17413674
17413674
17413674
17413674
17413674
26752635
850739
4253063
26752635
850739
26751207
26751224
26751225
26751207
26751224
11114128
11114128
11114128
11114128
11114128
26752575
26752687
11114072
26752575
26752687
3713022
4244810
14745477
14745891
17387965
4252598
7973849
11110978
4252598
7973849
866054
4238055
4238877
4249107
866054
4237658
4239641
4240867
4251954
4254006
4252978
4254352
17387657
17401315
4252978
11110956
11111505
4249360
4252604
4252964
11111499
11112762
11111499
11111499
11112762
3717322
4244219
17401310
17409901
3717322
26752657
17407573
17408844
26752657
17407573
11113239
11111354
11112375
11112755
11112916
4254081
4254081
4254081
4254081
4254081
4252934
4253823
11110664
11110879
11110924
11112646
17402907
17406991
11112646
17402907
14733262
17413045
14733262
14733262
17413045
864131
11112656
17410936
26750918
26750933
4254403
26752343
26750738
26750742
26750743
11111110
11112840
14745223
17412175
11111110
4252532
4253032
4253226
4253449
4253545
4253096
4253159
4254111
11113654
11113849
4238964
4239807
4252538
4253581
4253625
26752461
863013
3714062
4244502
4245142
4252835
4253887
11113699
14731052
14744924
863580
4242733
4244046
863580
4242733
4252478
4253904
11111299
11112468
11113997
860967
4252743
17415258
860967
4252743
26752492
852944
4253865
4254138
11110934
4238655
4243590
4245568
4247459
4252633
845581
11114023
14745717
845581
11114023
4249597
4253013
14721882
14726067
14732917
4238909
11111230
17408970
17409335
4238909
849510
4252447
4252790
4253015
4253575
26752606
26752613
4245288
4250224
4254037
11110696
11111720
14724160
14737075
17402698
4253452
14732878
4253452
4253452
14732878
4252875
4252985
4252875
4252875
4252985
4251448
4254011
4254281
14722018
17406943
4253594
4253594
4253594
4253594
4253594
11111407
17414435
11111407
11111407
17414435
4242433
4252837
4254015
11111249
11111348
11113236
4253973
4254045
11112903
11113236
4252917
4253631
17410006
4252917
4253631
4253299
4253553
11111406
14727287
14736256
4254398
26752369
26752516
4241996
4242601
861630
4240800
4246418
4247519
4248487
4239102
4239410
4237517
4237608
4237695
4239781
4240340
4253444
11112668
4239781
11110772
26752530
26752568
4245065
4251910
4237882
4254259
11110766
11111490
4237882
4254161
4254165
4254161
4254161
4254165
11111307
14723821
14723942
11111307
14723821
4247469
4250355
11111315
11111355
11111410
26752526
26752580
4247338
4248828
4253165
3711413
4237857
4237922
4238304
4238462
26752551
26752574
26752662
4241472
4247219
11111869
26752405
4237545
4237731
4237740
4253021
11113461
17387848
4253021
11113461
26752671
4252197
4253098
11114030
26750856
4239858
11113245
4237504
4237733
4237980
4240639
4241299
14726070
14743590
26751343
26752519
26752523
26752563
26752682
4244568
11110941
4253292
11111678
11112871
11113451
4246582
4248974
7974123
11111159
14726095
26752655
4253451
4253830
14741448
17408024
11110857
11113485
11113486
14745269
11110857
14738657
17402985
14738657
14738657
17402985
848392
4241545
4241802
4244248
4245497
11110998
4252929
11110724
11111545
11111862
4240116
14722960
14727304
14735678
17407802
11111443
26752552
26752569
26752573
26752614
844932
4245130
4250267
4252216
11111766
4237505
4237512
4237516
4237528
4237546
851674
4242404
4247276
4251055
4252955
4238711
844043
859244
4237476
4237488
11110806
11113169
3714248
11111972
11112247
4240901
4244205
4247320
4249690
4250544
11111702
11112162
11112187
17387849
17387879
4243097
4246524
4247262
4252438
7972241
11111904
11111904
11111904
11111904
11111904
11110980
847923
4243727
4247246
4248658
26752630
4252834
11112661
14730216
14738163
11111531
11111531
11111531
11111531
11111531
4252597
4252670
4252701
4252705
4252809
860250
4239628
4240369
4245901
4254299
11111239
11113544
11111239
11111239
11113544
4238550
4239249
4240051
11111608
11113727
11113510
4252950
4253881
11110850
11111400
4252681
4252777
4252908
4253112
4253125
4237684
4237853
4237916
4238503
4238713
4252673
853124
4238061
4254047
11111179
4237737
4238803
4240162
14740902
14740941
4251855
4253564
11111473
11112502
11112790
4239526
11111511
26750987
4239526
11111511
11112567
11112567
11112567
11112567
11112567
11111477
4252496
4252515
4252722
4252727
11111793
11111877
4240452
4241117
4244745
11113280
26752619
849292
851235
3713783
26752334
26752470
26752479
26752483
26752484
26752421
26751271
26751289
26751340
26751345
4252702
4253800
17406762
4252702
4253800
11112186
14735103
11112186
11112186
14735103
11111467
11111896
26752435
26752437
852628
14743431
26750858
14743431
14743431
26750858
4253469
4253469
4253469
4253469
4253469
11111684
11111850
11111684
11111684
11111850
4253517
4253809
11111297
11113884
4253517
26751040
26751052
26751040
26751040
26751052
4252484
4252539
4253151
4253164
4254434
26752511
26752520
7973657
26752511
26752520
11111551
11110864
11113762
11111551
11110864
11111171
3713399
4253016
4253383
4253604
4253751
14724027
4253751
4253751
14724027
11111927
4253653
11112432
14738666
14741558
4254149
4242566
4252599
4252600
4254019
4237659
4238337
4239355
4239613
4239986
4237747
4240429
4252146
14722924
4237747
11111383
14723702
14745119
17413463
11111383
4247959
4250708
4253053
4253071
4253672
4244265
4252526
4253703
11110971
14723721
4252517
17412155
4252517
4252517
17412155
4239406
14723747
17410718
4239406
14723747
17402903
17410020
17402903
17402903
17410020
861962
3713263
4252590
4252826
4253026
4253716
17413090
4253716
4253716
17413090
26752616
11112456
26752616
26752616
11112456
4247110
4252493
11111390
4247110
4252493
4253065
4253065
4253065
4253065
4253065
11113173
4253969
11111420
11112652
11112917
11113268
26752402
4253360
4253734
4253895
11110969
11111290
11113257
4244149
4244870
11110750
11111070
11110750
11110750
11111070
4239457
11111215
14735459
14745099
4239457
11111938
11111938
11111938
11111938
11111938
4253361
4254030
17408847
26750726
4253361
4253819
4254183
11113733
14735525
17401431
4245972
4252836
4253101
4253524
11111906
26752499
26752699
26752701
26752726
26752730
4253820
4254378
17407031
4253820
4254378
26752438
14727222
26750763
26750777
26750833
7972835
11110693
11111580
14721905
26751124
4240098
14745001
14745027
14745330
4240098
863964
4253826
11111164
11111535
17406782
11110689
853133
4241062
4253139
14724034
17408473
17414991
17408473
17408473
17414991
11113282
4252638
11112185
26750851
26751104
858428
858440
862891
4241842
4244521
4253540
26752464
4252986
4253288
4254277
26752411
26752572
4251217
4254311
11110812
4253412
14723934
26750802
26750854
4253412
26752670
4243380
4244958
4252353
11112921
11111954
26750727
26750728
26750732
26750922
4239174
11111984
848751
4238024
4238104
4242447
4253968
7975189
17385317
4242447
4253196
4253223
4253196
4253196
4253223
4252984
4253905
4253918
4254087
4254090
11110939
4252693
4252960
11111356
11111632
4253264
4251435
11111892
14732936
14737074
4252888
4252893
4254067
11112593
11112849
4253413
4253414
4254362
4253413
4253414
26751267
26751285
26751432
26751433
26751267
11111818
3717913
4241092
4247099
4247299
852985
4254225
11114242
17403290
17408837
17385058
17385125
26750867
26751280
26751282
4243414
4245417
4252292
4253095
4254167
11111124
4252742
4253188
4254001
4254263
11112418
11112418
11112418
11112418
11112418
4248555
26751170
4248555
4248555
26751170
17407674
17412221
17407674
17407674
17412221
14740343
17406726
14740343
14740343
17406726
11114247
11114247
11114247
11114247
11114247
11111397
3714911
4237827
4238130
4250505
4253168
4253168
4253168
4253168
4253168
11113152
4254324
4254425
11113152
4254324
4237614
4237631
4237764
4237770
4237809
26752668
11112602
26750859
26752668
11112602
4249762
11113922
17384924
4249762
11113922
4240177
4246836
11112863
17408652
4240177
11111462
4253523
7975886
11113854
11114046
4238493
4238619
4239664
4238493
4238619
4246363
4247250
26751177
4246363
4247250
4253680
4253806
4254163
4254248
4254381
4252546
4253367
4252546
4252546
4253367
4247854
4253664
4253946
11110810
11111484
4254236
4254236
4254236
4254236
4254236
11111932
11113614
11111932
11111932
11113614
26752570
4253017
4253249
4253415
4253473
4237706
4238137
4238508
4238910
4239080
11114274
11114274
11114274
11114274
11114274
11110834
4253613
4253621
4253723
4253770
11113077
857377
4254170
14722628
14734096
4253616
4253616
4253616
4253616
4253616
11113633
11113633
11113633
11113633
11113633
11111268
4252559
4253084
4253240
11110856
4250102
4250102
4250102
4250102
4250102
4252815
4252962
4253366
4254337
4254342
14742835
26751116
14742835
14742835
26751116
26751029
26751030
26751059
26751060
26751064
14744481
17388020
14744481
14744481
17388020
26752577
4246000
14727090
26752577
4246000
4252491
4253369
17387942
17411238
4252491
4253923
11110726
17408809
4253923
11110726
4252708
14738535
14741270
26751303
26751321
4249082
11111970
14740773
4249082
11111970
11111300
11111437
11111300
11111300
11111437
11111304
11113894
11113917
11114235
17387785
26752336
26752364
26752485
26752498
26752729
11110819
4237575
4237699
4237726
4237858
4237478
4237551
4237716
4237790
4237932
11111567
11111585
861108
4252916
4253200
26752706
4253282
26751441
26752706
4253282
26752362
4239930
4252703
26752362
4239930
4238375
4238853
4239051
4240334
4238375
11113290
11113291
4237680
4252569
4252737
11113929
17402100
17403546
17412196
17412887
862488
863468
4253490
7973588
11111479
3715610
4254101
17414204
3715610
4254101
4253992
11110734
11113665
11113759
26751117
11111250
11113697
11113711
11111250
11113697
26752379
26752381
26752383
26752385
26752386
26752646
11111086
14737449
14743945
17408267
4253958
11112169
14741575
17410893
26751144
4237548
4237573
4237603
4237616
4237668
11111339
26751085
11111339
11111339
26751085
11113294
11113297
11113304
4253203
4253279
4249227
4253438
17407638
26751307
26751316
4253193
4253193
4253193
4253193
4253193
4253860
850151
4243099
4247474
4252512
4253047
4253349
4253668
4254338
7972595
11113556
11114039
11113556
11113556
11114039
4250321
4252788
4252946
4253400
4253914
26752543
26752543
26752543
26752543
26752543
4252490
4252996
11111352
4242143
4252464
4252685
4253167
14722206
17402104
17412667
14736520
17411538
14736520
14736520
17411538
11112912
11112912
11112912
11112912
11112912
4237758
4238258
4239349
4253113
4253135
4253691
4253711
4253757
4253691
4253711
4238296
4239782
4239908
11112314
14724090
26752404
863043
4253888
11112349
17407341
17403679
17408497
17408806
17409294
17403679
11111451
26752652
4253942
11110892
11112478
14723845
14723845
14723845
14723845
14723845
11111692
14742822
14743143
14743144
14743145
4253514
4253762
4254120
11112154
17413881
4253350
4253614
4253748
11113967
4253350
11110665
4252640
4253508
4253733
4254344
17410297
26750733
26750735
26751188
17410297
14722936
17402826
14722936
14722936
17402826
26752477
4242309
4253009
11110758
11112473
4252734
11112720
4251344
4252466
4252732
4239167
4240072
14726094
4239167
4240072
4253268
4253590
11110831
11113496
4253268
14744304
17408612
14744304
14744304
17408612
4253732
11111713
11114063
4253732
11111713
4253863
14740178
4253863
4253863
14740178
3717473
4240197
4253976
11112884
14723765
4245358
4253395
11111192
26750925
4245358
4253477
11112287
11113546
11113709
14741452
4238982
4239205
4239331
11110898
849118
4240634
4240936
11111890
14731076
17411931
11112827
11112827
11112827
11112827
11112827
4240561
4241356
4247932
4252549
4252729
26751006
26751314
26751332
26751006
26751314
844035
4238022
4242276
4243600
4244708
26752346
26752361
26752363
26752365
26752426
