26753175
26754078
11112868
11114100
14726321
26754185
17385041
26754185
26754185
17385041
855800
17385583
26753532
4239915
4240392
17389824
11112744
17412925
17415611
17389824
26752600
4237521
4237730
4237956
4238926
4240389
4249916
17409999
17410600
4240389
4238546
4239273
4239293
4239309
4239673
11113544
14744458
17388362
17401241
17401869
11114152
17388783
17389298
17389693
17389825
14735336
17412632
14735336
14735336
17412632
17389717
11111859
17389717
17389717
11111859
14722207
14744557
17416023
14722207
14744557
4238468
14723186
14740797
17411371
17412856
7973477
7975125
17401249
17414810
7973477
842618
11113692
842618
842618
11113692
14735008
17402346
14735008
14735008
17402346
4237592
11110760
11112126
17387853
4237592
4238862
4238866
26750854
4238862
4238866
850038
863580
4245647
14722626
14727323
26749866
26754248
4252115
17407331
26749866
4249697
4253492
11113607
11114130
11114131
4239777
14730036
14737405
17407826
4239777
860207
861546
861640
3711650
4242540
14726341
14726341
14726341
14726341
14726341
4237633
4237635
4237773
4237782
4237802
26752709
4242733
4244968
4246287
4247570
26749216
26753856
26753884
26753922
26754015
17389865
26749630
14727267
17402084
17389865
4242019
4242608
4243237
4249803
17407575
17385547
17385562
17385565
4237571
4237604
26752692
26752695
26752706
26752711
26752718
11114413
11114425
4238124
4248167
11114413
855658
26749254
26749305
26749983
26754368
26749456
848731
4240531
4245285
4245472
4245908
14731968
4245908
4245908
14731968
26753868
26751240
26751241
26751242
26751259
855757
856019
17388829
26748322
17385048
4240670
4242585
7974907
11113982
14737475
26749372
26749373
26749374
26749375
26749376
14740286
14740286
14740286
14740286
14740286
847923
3713022
4240592
4241718
4244479
4243302
4251248
14722637
14727086
14727211
26752424
26753276
4246179
4252268
14727071
17388663
17389521
26749350
11113485
11113486
4248974
11111733
11111949
11113929
14737416
11111432
11112825
11113589
11113590
14731219
4242971
4254144
14727147
17401357
17403543
26749994
26750053
26752592
26753293
4242495
26749145
26749476
11114118
14744173
26749145
17385352
17385353
17385355
17385368
17385375
4246879
4248772
14726400
14733929
17412059
11114422
4238344
4238349
4238745
4239722
4242299
4242299
4242299
4242299
4242299
4245173
4253234
17415114
4245173
4253234
17389858
17389921
17389942
11114269
17389858
11111312
11112711
14744434
17410029
17410278
4237772
4238039
4238315
4238567
4238757
4237593
4238959
14736646
17402213
4237593
26754354
26754357
11111076
11113783
26754354
11111502
11111502
11111502
11111502
11111502
17389451
26749241
26753605
11114054
17389451
17385379
17389076
17390047
4237475
4238457
3712241
4238706
4238718
4239515
4239662
4248748
11114182
4248748
4248748
11114182
17407349
17407949
17407349
17407349
17407949
4237905
4239220
4239250
4239352
4239808
11114433
11114451
11114455
11114472
11114486
4237506
4238352
4238702
4239334
4240063
7975336
11114005
11114080
7975336
11114005
11113569
14742220
11113569
11113569
14742220
17385372
17385540
4245204
4249581
11111173
4237529
4237538
4237562
4237579
4237812
4237486
4237491
4237567
4237758
4237823
26752561
26752607
4241710
4242934
4248128
17388710
11113684
11113699
17402116
17402151
11111867
11111918
14745303
17413208
11111867
26749562
26749782
26753917
4242266
4249453
4239757
4239757
4239757
4239757
4239757
4238622
4240145
4246238
14743898
17409447
4237487
4237686
4237993
4238044
4238121
17385456
4241126
4241150
4250265
14722171
26749468
4248584
11111292
11111892
17385061
14738820
14738820
14738820
14738820
14738820
26753847
26753855
26753859
26753863
26753865
11114423
4237769
4237809
4239071
4239718
3713415
4238954
4238966
4240609
4250079
862646
4249354
4252157
14741262
14745801
17385574
26753903
26753993
26754086
26754112
4238594
4238991
4239490
4249458
11113693
861075
862116
4240589
4247361
4247554
17389243
4248990
14731453
17409778
17410402
11114021
17402394
17411110
11114021
17402394
17388978
26753587
26754202
4246248
11111284
11114202
14741538
17401211
11114202
14741538
4251714
14726089
14735081
14742346
14743091
26753552
851303
7972667
11113952
11114007
26753256
26753546
26753256
26753256
26753546
11114438
11114491
11110952
14722620
17410729
14735459
17407130
17414435
17414880
17415943
17402746
17402992
17402746
17402746
17402992
17385416
17385420
17385428
17389944
26754060
17389219
17389357
3717861
4239447
14722168
849465
14722650
14726082
17408845
17414210
861468
865820
861468
861468
865820
14734802
14738044
17403498
17407092
17411909
17385033
860472
11111810
14734986
17385033
11114500
11114508
843298
847542
4238227
14741617
14745522
26750925
14741617
14745522
4237497
4237749
4237780
4237807
4237840
17410552
17415914
17410552
17410552
17415914
17385345
17385511
26752669
26752681
4238319
14727157
14744336
14727157
14727157
14744336
26749950
26750034
26752629
7977747
11114028
17385446
4237783
4238735
4238884
4239207
4237940
4238064
4238230
4238414
4238560
17389478
26749914
26752464
4253776
11111297
17389044
26749493
26749508
26749514
26749685
4237915
4239916
11111002
11113564
14723790
26753277
861899
4238049
4238875
4239677
14724134
14741011
14742019
17414051
14724134
850865
4238853
11114146
17401972
850865
26749780
14722641
17406706
26749780
14722641
17385388
17385504
17385513
17385544
17385571
11111727
11111727
11111727
11111727
11111727
855954
26754121
4254242
14724124
14734961
26753192
4238636
4254203
17401149
17407448
4243056
4248726
4248987
14723800
4243056
860758
3714713
3717960
4240489
4241023
3715479
4240700
4241725
4246835
4248305
26749367
26749970
26749367
26749367
26749970
861895
3712364
4238118
4238746
4239406
26749944
26752580
26753961
3712157
4246970
17385509
4243002
4243013
4244564
4245567
14726033
14734490
14744695
17384959
17387510
862915
4244375
4247785
4253902
11111547
26748907
26754349
859949
4248861
4251889
26753848
26753858
26753879
847691
4242076
4238038
4238439
4238725
4238803
4238871
4237846
4237930
4238271
4238489
4238780
861918
4237702
4237791
4238397
4239158
4238337
4238971
17403679
17407819
4238337
26747774
26749544
26749842
26753878
4246897
4245105
4249088
14726109
14744119
17384883
4244568
11113967
14722941
14741084
14742110
4240530
17387677
17401311
17411978
4240530
17390046
14743075
17390046
17390046
14743075
26752365
3712535
26750983
26751233
26751278
4238950
4240044
4240049
4253432
17415249
11114065
17387896
17415007
11114065
17387896
11110992
11111890
11113487
11114022
11114235
26753951
26753985
4237799
4237877
4237914
14740296
14745294
17402670
17408901
17415293
4238528
4239431
4239960
4240883
11113999
4238767
4239951
4254200
14726111
17403046
855694
17388746
17389253
11111743
11111849
11111364
14726064
11111364
11111364
14726064
3713065
4243770
4251336
11111845
14745314
11111894
11113323
11113600
17385064
17385332
26754055
11113691
14741624
14741662
17385141
26753158
4241218
17402417
17408611
17411059
4247316
14727179
14742578
14744595
17385004
17401454
17409648
17410903
17410964
17401454
14738549
14744051
17407067
17408652
17410679
846772
4240779
17410274
17411641
17413857
11114437
11114450
11114453
4249488
14743492
11114485
4237612
4239545
4239908
11114485
4237489
4237585
4237589
4237936
4237964
14737255
17406785
17414969
14737255
17406785
26752686
4237829
4238114
4238469
4238791
4248659
11113641
14742830
17410895
17411588
26753597
26753623
863831
4241369
4247768
4238679
4239901
4240263
14744869
4238679
855894
4237663
4241754
4248986
4249121
11111041
17411269
17411504
11111041
17411269
11111728
11111774
17387488
17406893
17410310
3712953
14735525
3712953
3712953
14735525
17388888
17388904
26752733
26754334
11110813
17385378
11111164
14726407
14735331
17385378
17385365
17385369
17385582
4239806
4242640
4253263
4253263
4253263
4253263
4253263
14741693
17401963
14741693
14741693
17401963
859914
4237673
4237866
4238368
4254288
4237687
4237982
4239256
4240119
17401531
11114456
4238201
4238703
4238766
4238948
11111215
11111216
14744320
14745866
17387655
26753254
847355
4248885
4253419
14741458
855935
17390052
26753282
4254307
11110796
4237478
4237482
4237716
4238079
4238137
11112729
11114097
14724068
14737570
17385044
4244784
14727223
14745001
17408944
17409327
4237709
4237747
4239451
4240057
4240353
7973357
14745005
17384880
17384910
17384934
4241094
4244876
4248573
4254170
17410940
17387920
17387920
17387920
17387920
17387920
848762
4245737
17416251
848762
4245737
11113511
17414104
11113511
11113511
17414104
4243198
4244144
4251983
14722655
14734739
11114454
14737258
17410300
11114454
14737258
26752337
26752501
26752727
14722625
14723910
17389809
4239734
14741663
17402000
17408514
4238960
4243335
4248295
14740471
14744590
26753610
844085
4238498
4239645
26753610
11111948
11111948
11111948
11111948
11111948
26749106
4239544
11112869
14724135
26749106
4238239
4238239
4238239
4238239
4238239
26748952
4252146
17385301
17385339
26748952
17385360
860968
14740875
14743381
17385310
4240115
14741109
17408805
4240115
14741109
4237892
4238497
4238698
4238933
4239564
852560
4246050
14742667
14745099
17402789
26748455
26753229
11112824
11112846
11114262
26752459
26752624
4250103
4254289
26750753
4237563
4239130
14729949
17413746
4237563
4238662
4244940
14727249
4238662
4244940
11113872
14745177
17411529
17413542
11113872
17388674
14744392
17388674
17388674
14744392
17389919
11112132
14741616
14745006
17389919
26752523
26753893
26754438
847676
3712355
26753987
4248417
4254146
11114259
14723731
26752664
17387581
17387651
17410570
17413940
855764
4239296
11111376
11114040
11114049
17389232
17389826
26753213
17411867
17413117
4237474
4237540
4237564
4237693
4237726
11111058
11114107
11111058
11111058
11114107
17385391
845245
3717932
4242577
4252229
26750794
26750794
26750794
26750794
26750794
4250513
14724146
17409754
17412989
17414086
17389996
11111666
11112338
17385036
17401153
26748098
11113916
17387788
17410395
26748098
855541
17388810
26747890
26748904
26749363
11112680
17406870
11112680
11112680
17406870
26754079
4245771
11111098
17408495
26754079
17388779
26749552
26752344
26752697
26752698
11114467
11114490
11114502
864723
4238995
4253608
4253608
4253608
4253608
4253608
26753990
4253772
26753990
26753990
4253772
17413720
17413720
17413720
17413720
17413720
26751062
26751062
26751062
26751062
26751062
843632
3712493
3715559
4246742
4250303
11114398
11114410
14722635
11114398
11114410
17389841
26748944
26754385
11112856
11114123
4248690
14732937
17402410
17411744
17412032
4250068
11111766
17387640
17402119
17408479
855686
866021
14742081
14745093
855686
11111370
14742172
17414877
11111370
14742172
848129
4250124
14723734
14726036
14730073
4238828
4238999
4239306
4239763
4240101
14745894
17403467
17408531
17415836
26750975
3714089
4237684
4238953
11111776
11113873
14741578
17385134
17385308
17385330
17408723
4238203
4238247
4238895
4240333
14723179
26754113
14741399
14744383
17413693
17414736
4241373
4243337
4245292
17387758
17387872
4237661
4237784
4237966
4238210
4238363
4237795
4239145
4239380
4239671
4240467
11113996
11113996
11113996
11113996
11113996
17385542
17385546
17385564
17385569
4237570
11111843
14731049
14736725
14741004
14742269
4240963
14739743
17387641
17407094
17412023
3715599
4242895
4250052
11111137
14723915
11111142
26754122
4249561
4253409
11111744
26749709
26754372
4244229
11111779
17414179
4238077
4238503
4239006
14722149
14742740
17385500
17385523
17385541
17385545
17385563
4248818
17402488
17410013
17414626
4248818
14738197
17406910
17407107
14738197
17406910
14732159
14732942
14738097
14743558
14745853
14743252
14743253
14744761
14745221
14743252
3712414
4245981
4247459
7973436
11111319
862310
3714119
17415332
862310
3714119
4237666
4237859
4237876
4238730
4239322
4250100
17385312
17385333
17406953
4250100
14726368
14726368
14726368
14726368
14726368
26752507
14732883
17385072
17385081
17409746
26754437
846619
4237868
4248214
4249854
14744800
14744800
14744800
14744800
14744800
4253693
14736515
14741821
17401148
17408461
11112840
11113904
11114027
11114219
11112840
4237836
4238223
4238646
4238708
4238830
14735679
17403050
14735679
14735679
17403050
4237753
4240786
14741009
14744477
14744552
11111835
11111835
11111835
11111835
11111835
26749980
4242606
4243385
11112355
14739744
858595
4240369
4253759
11111244
11111327
7974448
14739939
14743165
14745316
7974448
14735082
17409944
26750828
14735082
17409944
4240150
4240235
4248194
17408440
17414272
861762
863479
4238581
4239170
4239590
4250667
14742252
17414771
4250667
14742252
4252680
4252862
4252874
4252894
4252896
4242281
4242948
4246015
4246659
4246722
17390045
4253803
11112224
11114163
14724099
4248304
4251197
14723744
14735328
14739887
17385407
852761
4237918
4238487
4238589
17385376
17385377
4246905
4251986
4252359
4239037
4237634
4237699
4238375
4238404
17385398
17385431
14732079
14735049
17387577
26752665
850283
17387742
17401140
17401468
17385050
861921
4238136
4238865
4239052
4241952
4242931
4243278
4249967
14724108
17410292
17412035
17412145
17413794
17414146
26754436
4238713
4239469
4239646
4240236
4237804
14738954
17408724
4237804
14738954
845652
845813
847058
861833
3711555
17389019
11111107
26750990
17389019
11111107
26749478
26750037
26750055
26750065
26754439
4251136
14722468
17385108
17407930
4251136
11111769
26752517
26752553
4238377
4239738
858631
14745114
14745191
17413821
858631
4237971
4238421
11113576
11113577
14744969
11112887
11113531
17413625
11112887
11113531
4237981
4238259
4238613
4239790
4240127
11112695
17409707
11112695
11112695
17409707
17385392
4237704
4237965
4238704
4238786
26747225
26754352
4252558
11111321
11113601
3712474
4241688
4243588
14724121
14740121
11112827
14737375
11112827
11112827
14737375
855643
17385344
26749560
4245025
4251352
26754435
858319
4253269
4254036
14723867
17414298
17414298
17414298
17414298
17414298
14732645
17403177
17415821
14732645
17403177
851770
4250804
17407542
17408161
17408977
26749452
26749806
26754260
26749452
26749806
14744996
14744996
14744996
14744996
14744996
17402124
17410177
17414300
17415185
17402124
4237735
11114268
4237735
4237735
11114268
11114551
851134
14722666
14736170
17401693
26753948
26753964
26753980
26753998
17385320
26753159
17387540
17402362
17409139
26753159
17412628
17413572
17415041
17412628
17413572
26754025
4241857
14727294
14740730
17384884
11114135
17406834
17406900
17408254
17413694
26748436
4247044
4248549
4250031
11112247
17389896
26749589
26749591
26750002
26754236
17385341
26751239
26751257
17385341
26751239
17385370
17385399
4238090
4238219
4239144
14737247
26750849
14737247
14737247
26750849
4247959
11111322
14737474
17409316
4247959
17388853
26753272
4253705
17408167
17408559
3715280
4251450
14745128
17388475
3715280
4237532
4237894
4240073
11110831
11111220
4237974
4238878
4240587
14742112
14742116
4237841
4238160
4239222
4239968
4240018
26749590
26749599
4254358
11111193
11114148
3715068
4242014
4244593
4244810
4245072
4250954
11113514
14722628
14730624
17413178
4239551
4239793
4240324
4240345
4241903
4237985
4238112
4239139
4239401
14744365
11112882
11114140
11112882
11112882
11114140
11113832
14745073
14745330
14745937
17408974
26752699
26754041
14731450
17384873
17384903
14734425
14740175
17401262
17402440
17412042
3713398
17408490
17408679
17414839
3713398
859703
865244
4242830
11111434
14727260
26752331
26753297
848576
4241555
4245127
11114452
11114458
11114503
17401166
26751059
3711343
3711343
3711343
3711343
3711343
17387584
17411477
17416121
17387584
17411477
4237498
4237580
4237931
4238147
4238347
17385438
17385457
4237629
4240995
11114172
843987
3712357
4241079
4242719
4250500
11114151
14734775
17408692
17408985
17409058
14723675
17403456
14723675
14723675
17403456
