11110733
4247564
4248413
11112224
11110733
4251514
4251514
4251514
4251514
4251514
11113076
11113132
11113223
4253048
11111682
4245140
4245140
4245140
4245140
4245140
14744185
14744185
14744185
14744185
14744185
11113352
11114258
11113352
11113352
11114258
4240049
14741133
17385041
17414424
17415336
4245122
17403585
17406799
17406939
17408692
11111859
11113387
11111859
11111859
11113387
862672
4245285
4250651
11112403
11112876
844570
14742462
844570
844570
14742462
851492
861945
14726090
17385132
17385195
3712006
4246741
14732606
17401693
17414502
14731219
14740286
17406748
14731219
14740286
11111362
11111828
4252842
4253776
7973798
3712535
4245472
4246970
4247569
4253853
7975125
14743177
17410990
17411347
17412423
4252623
4253146
4253409
11114238
17411177
11113129
11113215
11110822
11113129
11113215
14737060
14745129
14737060
14737060
14745129
14734519
17407128
14734519
14734519
17407128
861552
14741476
14743346
16952742
17408203
4253263
14721854
14743484
4253263
14721854
11114027
14723964
11114027
11114027
14723964
847676
3714089
4246819
4250001
4252063
4252545
4253074
4253725
11114134
11114278
11113266
11114055
14726715
11113266
11114055
17385007
11114267
17385007
17385007
11114267
4238245
4239305
4239364
14727305
14734107
11114108
11114108
11114108
11114108
11114108
4253846
14742195
17413720
4253846
14742195
843987
852799
859949
4262034
7977391
7974447
14731049
14744397
14745092
17407126
3714713
4243947
4249865
11111547
11112789
4245908
4245908
4245908
4245908
4245908
3715881
4240263
4248690
4251336
7973497
842618
11111820
11113800
14727157
14733418
4241952
4242640
4246673
7973357
14732792
861918
4238641
861918
861918
4238641
4238205
4241927
4243337
4244777
4245292
3714832
4247608
7977783
11111977
14734982
26752415
14740813
26752415
26752415
14740813
11114127
11114127
11114127
11114127
11114127
4247641
4251896
17402928
17407869
17413694
845912
4246782
4249823
4250462
11114216
11111157
11113075
4252465
4252472
4254374
11113089
858482
4239672
4251706
14744302
846155
14743492
17413199
846155
14743492
861468
4243362
4249273
4252151
14726060
14722620
14744032
17411104
14722620
14744032
11113807
17406870
11113807
11113807
17406870
11113128
4245173
14745920
26750990
11113128
4252575
4254025
14745895
17402542
17410838
4244528
4249458
14723910
14740893
17402298
4253056
4253056
4253056
4253056
4253056
11111032
4252495
4252558
11111533
17408547
11113683
14737572
14745040
14745324
17385105
858319
4253934
14729810
858319
4253934
11113122
4252521
4254245
11111721
11113122
844085
11111849
11111902
14741302
14741392
4252189
14731453
14732079
14733574
14735049
4249916
17411152
4249916
4249916
17411152
11111232
4252995
17402359
17411022
11111232
4243523
4251628
11113638
14721907
4243523
4245695
14732032
17387515
17403118
17412209
14736977
14745206
17384997
17402392
17416337
26752686
11113676
14742200
14744343
17401428
11113305
11113305
11113305
11113305
11113305
17408796
17408796
17408796
17408796
17408796
7974448
14722468
14725997
14726106
17408957
14722704
14740633
17401316
17412097
17415275
11113123
17386992
17411504
17414630
11113123
3712502
4237490
4238793
4240030
4240169
11113147
17385033
11114129
11113147
17385033
4253432
11114082
17409894
17413087
4253432
11113206
4250103
14741194
17401401
17402769
861598
4249174
11114139
14744360
14745376
11110962
14740875
17406597
17406610
17409961
845632
858631
4250479
17385080
17402532
11111799
14724044
14736712
14737064
14745429
11113079
4244887
4248323
17385249
17385260
848253
3713267
3716539
4245941
4248636
11111814
4253269
17401339
17402405
17403449
14738607
14743883
17387924
17402317
17410723
11110899
11113856
17385115
17385118
17385722
11114268
14734961
17406763
17408440
17408514
11111539
4253758
14734802
14738200
17402391
844118
4238497
4238698
4239957
4240068
11112877
14744434
17411191
17415943
17415949
847614
4241198
17408266
847614
4241198
857272
863062
4242574
7972667
14721947
4253345
14723415
4253345
4253345
14723415
4244229
7976920
11114228
14737835
17416181
4243993
14723737
14726349
14741324
17403500
11112515
11112515
11112515
11112515
11112515
4245612
4248990
14731458
14733895
17385999
14743554
14743984
14743554
14743554
14743984
11111105
11111492
11112192
11112522
11112635
14741041
14741041
14741041
14741041
14741041
862915
4242708
14723854
14740975
14743216
3712357
7974256
14743565
17408821
3712357
848762
860223
14737247
14738616
14742196
845577
4242659
4248196
14734978
14735181
7976938
11111728
17402339
17415251
7976938
11111142
4252680
11113811
14723744
14743586
14743319
14743319
14743319
14743319
14743319
17403479
17410614
17416135
17403479
17410614
14723719
14745588
14723719
14723719
14745588
26752727
4240892
4242520
26752727
4240892
844835
851134
4241763
4246050
14723722
858812
11112680
11112695
11112813
14724155
4246998
7975336
11112711
17387993
17402387
14723880
14744458
17387702
17387703
17387976
14735082
17408416
17416029
14735082
17408416
14726081
14726081
14726081
14726081
14726081
4252678
4252714
4253419
17402116
17402746
17384986
26752554
3712307
4243934
4244479
4249708
14724096
14735326
14745112
17401960
844873
851770
17385108
17401318
844873
14725996
17385060
17387996
17403677
17412605
3717960
14726032
14730215
14734775
14743242
846619
17403225
17416088
846619
17403225
14737445
14742815
14743496
14745215
17385061
17401248
17410434
17411199
17401248
17410434
17385812
17406599
17415007
17385812
17406599
11111181
853529
4241088
11112744
14742346
4253342
11111526
4245444
4247453
4253630
847836
3716458
4245749
4247451
4248764
11111622
860103
4240587
14741648
17385024
17416092
17416092
17416092
17416092
17416092
4238781
4238954
14726082
14740849
14741109
11110814
11114131
14732645
14742424
17387991
14741026
14743497
14741026
14741026
14743497
11111107
11114232
11111107
11111107
11114232
7972896
14726371
17406729
17408225
17408616
4245737
11113751
14734882
17385063
17413908
865245
14731511
14741449
17401474
17406952
847251
4240828
4249581
4251983
14723798
847691
3715149
4249197
7974907
14722081
4241130
4246287
4251136
14740757
17412125
4245847
17402401
17416199
4245847
17402401
11114079
14741037
17384896
17384982
17384983
4253217
4254411
17412450
17413814
17414069
7976208
14740669
14745610
17407857
17411823
4238146
4246850
4247554
11111560
11113349
4251114
17409707
17410350
4251114
17409707
26752711
845706
860207
4244215
4249564
11111229
4241113
4241437
4244144
4246147
11111219
11111785
4242070
4246791
7972563
4254255
17401972
17415055
4254255
17401972
845406
4237966
4238218
4238240
4238424
11114191
17409715
17414304
11114191
17409715
864964
4246166
14735331
14742018
14743069
4250935
11114171
14722168
14723060
4250935
11111167
4237871
4242456
11113545
14723723
11111368
14744640
14744673
14744773
14745830
11111392
4254147
11111867
11113619
14730036
11112882
11113925
14742146
17408925
17411185
4242971
4246674
4250895
14721904
14722623
14742192
14742192
14742192
14742192
14742192
4251506
4253803
11113491
14721908
14723167
14740230
17402236
17402419
17408181
17411531
848874
3711555
4240627
4243819
4251279
4241415
4242937
11113972
11114199
14726055
851833
11113484
14737583
14744908
17402099
11111520
14735336
17387764
17407448
17409006
17407471
17409191
17413439
17407471
17409191
850865
4242719
4242948
4245105
4250696
14725999
14740127
14742444
17402704
17409139
4252990
11112873
14729611
14745947
17385011
11113947
14742978
17387904
17409969
17410237
4253126
11114152
859865
11113926
11113928
4241150
4245234
17387543
17407600
4241150
852761
4237776
4238434
4241688
4252229
11111629
14736515
17402522
17411210
11111629
4237537
4238814
4239368
4239566
4239968
3715068
4240786
4242540
4251714
11112846
4244148
4245574
4254073
7978231
11114183
11114261
17411881
17415890
11114261
17411881
4237609
4246090
14723745
14735445
17402876
851940
4244342
4244754
4248450
17385102
857531
4253920
14732220
14742169
17407078
4248549
4253136
14746025
17387989
17401153
17406979
17408937
17410563
17411903
17406979
4249488
11111206
11112833
14730624
14745456
4237604
4237625
4237654
4237718
4237808
4241360
11113345
14727295
14744478
14744859
14722650
17408288
17414673
14722650
17408288
859796
3715559
4247785
4251500
11111220
861895
7976196
14723889
14740730
14743381
4253686
17401900
17412925
17413370
4253686
843813
848536
14740761
14741616
843813
4246398
14741458
14743253
14744761
4246398
14727071
14745263
14727071
14727071
14745263
851015
3717932
4241079
4248463
4249447
3712461
3714876
14731451
17411874
3712461
847542
4242089
4243497
4244375
4248417
11114017
11114017
11114017
11114017
11114017
14741004
17412632
17414358
14741004
17412632
14739742
17401158
17401249
17402261
17402961
4241034
14744470
17414629
4241034
14744470
846890
4245487
11111845
14727241
17402488
853371
859914
3712355
4242466
4242577
11114281
11114281
11114281
11114281
11114281
11111628
14726321
11111628
11111628
14726321
14741592
17387497
17402362
17413542
14741592
4238107
4247580
17384868
17384869
17384870
7972600
11111774
14724099
14734842
14744735
860723
17415374
17416364
860723
17415374
14740797
14744578
17387470
17406699
17416244
14723876
14731460
14744776
17409918
14723876
14722190
14733825
14741236
17412117
17413957
858229
4251889
11113862
17407443
17411049
14742220
14742220
14742220
14742220
14742220
11110829
11113641
14727285
17385304
17415970
14741615
17387536
17401531
17402343
17402883
864048
14742112
14742116
14743116
864048
860294
4238879
4242495
4246428
4248274
14745414
14745522
14745414
14745414
14745522
4251688
17414179
17414503
4251688
17414179
14732563
14744499
17403307
17407663
17416150
14732081
17414451
17416091
14732081
17414451
4241204
4245567
4246683
4250361
14731240
7972921
17385130
17385131
17385142
17385147
14722575
17407230
14722575
14722575
17407230
14727179
14741600
14741642
14744684
17385101
4254420
11114085
14721868
14722909
14741544
14731753
17387134
17387745
17414824
17414866
860196
14727198
860196
860196
14727198
4248565
4252850
14729949
14742383
17408728
11111393
4245211
11112724
14727239
17402335
4244899
14727286
14737229
14740997
14741619
4249752
4250343
14740895
17406953
4249752
4252652
14740865
17387655
17402285
17402314
4240904
4247711
14722171
14723800
14723801
4244564
14724135
14731223
17385056
17385072
4247416
4250394
14723382
14745174
17407999
846056
14732937
14735228
17387552
17406575
4242796
4243588
4245114
4246639
11111322
4249477
14744484
14745111
17412051
4249477
851470
4245496
14732353
17411650
17413644
4238727
11112239
14744173
14745347
17409107
858595
14722719
14745309
858595
14722719
14724169
14741590
17401445
17402640
17412427
862310
11111058
14742404
862310
11111058
17411295
17413859
17411295
17411295
17413859
4241094
4244578
4248194
11113872
17402001
4240712
17410479
4240712
4240712
17410479
7973477
14724018
17385805
17412197
7973477
849465
14745218
17406970
17410276
17413228
17409879
17409879
17409879
17409879
17409879
14724023
14724023
14724023
14724023
14724023
17385050
17416148
17385050
17385050
17416148
11113082
14722164
14723867
14741276
17407349
11111507
4253729
11111432
11112757
14734880
14736646
14743963
17411249
17412025
17414120
11113179
11113179
11113179
11113179
11113179
14742110
17406735
17408800
17410181
17410374
861075
17408936
17412082
861075
17408936
4242394
14741503
17411269
4242394
14741503
11113700
14736820
14745984
17403314
17410509
4253110
14724139
14731398
14732863
14737448
14740939
17401476
17408031
17408775
17413528
4252511
4253717
17413576
4252511
4253717
14744620
17410303
17415107
14744620
17410303
11111308
11113788
17403017
17410813
11111308
11111832
17402150
17402581
17403071
17406691
11113924
11113951
11113924
11113924
11113951
11113315
11113316
11111349
11113347
11113520
14741585
17402677
17408113
14741585
17402677
4244884
14726294
14741438
14742322
14745122
4240399
17388601
17401280
17409680
4240399
842319
862646
14744626
17387448
17387505
11111508
11112825
17387872
17406624
17407077
17387919
17406990
17413573
17416301
17387919
17401483
17413695
17401483
17401483
17413695
861425
861921
17401333
17410895
17413861
4243772
11113498
14723140
14735114
14742737
11113541
17415914
11113541
11113541
17415914
4245119
4250100
11113572
14724126
14730364
14741663
17406834
14741663
14741663
17406834
4248715
14741011
14741799
17401917
17407511
11111273
3717951
4253987
7976966
11113684
7975242
17384989
17384990
17385117
17407076
4247275
14745650
17387956
17407483
17409746
4237792
4240779
7976787
17415955
4237792
14741016
14741262
17402044
17407047
14741016
11114044
17409274
11114044
11114044
17409274
4253028
17403551
17406847
17408927
17408999
17402257
17409387
17409841
17402257
17409387
17409711
17414518
17409711
17409711
17414518
17386133
17386133
17386133
17386133
17386133
859218
3712241
11114202
14722656
14723841
4252724
17413517
4252724
4252724
17413517
11112887
17412631
11112887
11112887
17412631
14742161
17402084
14742161
14742161
17402084
14732862
17401852
17406957
14732862
17401852
861899
17385810
17401467
17402148
17402424
4241718
4246711
4252092
14740488
14745935
11110887
17387762
17388475
17409600
17414595
4245019
17387584
17387855
17401294
17402680
11113083
17403587
17406895
17407112
17408009
17387707
17401317
17408850
17412099
17387707
11111321
11111666
11112225
11113529
11111321
4249912
4250251
14743548
17385086
17385333
4253230
14740880
4253230
4253230
14740880
3715494
14721871
14734703
14740923
14743916
7972382
14730533
7972382
7972382
14730533
11113966
14741391
14744211
17413144
17413399
11112132
17385005
11112132
11112132
17385005
859984
14740894
14744490
14744714
14745191
11113504
17407375
11113504
11113504
17407375
861762
14735008
14745177
17415246
17415612
4246897
4254386
14726306
14743546
4246897
4251352
14722950
14722957
17401963
17402346
4240609
4249967
14721874
14735180
14742824
861256
17406910
861256
861256
17406910
4248260
26751162
4248260
4248260
26751162
4249263
4251314
14743377
14744731
17401212
4239875
4239981
4240301
14726064
14727218
