4241082
4253077
4253547
4241082
4253077
26748863
4252718
4252939
4253050
4253068
26754146
26754417
11112237
26754146
26754417
17389055
17389467
17389055
17389055
17389467
4239131
4239291
4240270
4241178
4242447
11112592
11112592
11112592
11112592
11112592
11113687
11113687
11113687
11113687
11113687
26748451
26754289
26754300
11112621
11114166
17388919
17388919
17388919
17388919
17388919
4252453
4253223
4252453
4252453
4253223
17388682
17388777
17389051
17389554
17388682
4252636
14723383
4252636
4252636
14723383
26748960
26748960
26748960
26748960
26748960
26747705
11110755
26747705
26747705
11110755
4254296
4254296
4254296
4254296
4254296
26753974
26753974
26753974
26753974
26753974
17389130
17389130
17389130
17389130
17389130
17389057
26749798
26749799
4252762
4254051
4253224
4253224
4253224
4253224
4253224
26752657
26752657
26752657
26752657
26752657
26749637
26749637
26749637
26749637
26749637
26749975
26749975
26749975
26749975
26749975
4253277
4253277
4253277
4253277
4253277
4238216
4238216
4238216
4238216
4238216
26749801
26749801
26749801
26749801
26749801
4238296
4238387
4238453
4238574
4239782
4239290
4253949
4239290
4239290
4253949
4241890
4252950
11112399
4241890
4252950
14742462
14742462
14742462
14742462
14742462
17388889
26749667
17388889
17388889
26749667
26754164
11112641
26754164
26754164
11112641
17389033
17389033
17389033
17389033
17389033
17389038
11111255
17389038
17389038
11111255
11111298
11111298
11111298
11111298
11111298
4253594
4253594
4253594
4253594
4253594
4253335
4253336
4253335
4253335
4253336
4238242
4238265
4238635
4238840
4239329
17413238
17413238
17413238
17413238
17413238
17389257
11113988
17389257
17389257
11113988
4239116
4240116
4239116
4239116
4240116
17389182
17389182
17389182
17389182
17389182
4237789
4238186
4238415
4238846
4238977
26749700
11111678
26749700
26749700
11111678
4253065
4253065
4253065
4253065
4253065
4252783
4252783
4252783
4252783
4252783
17389148
17389148
17389148
17389148
17389148
4254264
11113992
4254264
4254264
11113992
4252798
4253401
4253444
4252798
4253401
4243097
4252130
4243097
4243097
4252130
4253297
4253297
4253297
4253297
4253297
4247458
4247458
4247458
4247458
4247458
17389193
17389332
17389334
26754427
4252754
11110872
11110873
11110872
11110872
11110873
4244122
4244122
4244122
4244122
4244122
17389433
17389483
17389433
17389433
17389483
17389088
26753263
4242507
17409832
17411152
4252630
4254184
4252630
4252630
4254184
17406709
17406709
17406709
17406709
17406709
17388881
17388881
17388881
17388881
17388881
4237750
4251097
17402229
17402419
17409901
17388956
26749139
26749546
852985
11112373
4253677
4254322
4254346
11114147
4253677
26752660
26752660
26752660
26752660
26752660
17388840
17388885
17388937
17388840
17388885
17389454
17389461
17389786
4252470
4252830
4254300
17401935
17413001
4254300
17401935
4252621
4252621
4252621
4252621
4252621
14741302
14741302
14741302
14741302
14741302
26752555
26752555
26752555
26752555
26752555
4253698
4253698
4253698
4253698
4253698
17402400
17413859
17402400
17402400
17413859
26748505
26749819
26752422
11111020
11112218
4253306
4253520
17406873
4253306
4253520
17389220
17389220
17389220
17389220
17389220
7973151
14745448
7973151
7973151
14745448
26748342
26754285
11112903
26748342
26754285
4252596
4252761
4252596
4252596
4252761
26754303
26754303
26754303
26754303
26754303
17389001
26747979
4252796
4253728
17389001
4252867
4252867
4252867
4252867
4252867
11112439
11112439
11112439
11112439
11112439
14735330
14735330
14735330
14735330
14735330
4243668
4247469
4243668
4243668
4247469
26752651
26752651
26752651
26752651
26752651
7972981
7977971
11113676
7972981
7977971
17385557
17385558
17385559
17385568
26752397
17388947
26749670
17388947
17388947
26749670
11111578
11111578
11111578
11111578
11111578
862330
4252731
4252951
17409838
862330
26749854
26749854
26749854
26749854
26749854
4251945
4251945
4251945
4251945
4251945
26752630
26754297
853133
7972961
11111378
26753873
26751286
26751410
26751418
26751431
14729232
14729232
14729232
14729232
14729232
4248610
4252769
4252770
11112466
4248610
17390038
26748635
26751159
17390038
26748635
17402372
17402372
17402372
17402372
17402372
11114549
11114552
11114553
11114549
11114552
26750094
4238196
4238389
4238396
4240100
26753867
26753867
26753867
26753867
26753867
26754293
11112567
26754293
26754293
11112567
14729246
14731871
17403329
17406872
14729246
4254055
17412186
4254055
4254055
17412186
860889
4239001
4250655
860889
4239001
858342
4237525
4239825
858342
4237525
845632
4246477
845632
845632
4246477
26747761
26747761
26747761
26747761
26747761
858164
4253358
17402766
17402772
17406579
26754290
11111354
11112375
11112755
11112916
17389913
17390028
26747782
17411028
17411299
26749861
26753301
11112407
26749861
26753301
26748051
26749965
11112333
26748051
26749965
4254329
4254418
4254329
4254329
4254418
17389035
17389508
4254339
4254352
17389035
4237504
4237561
4239894
4240233
4237504
17389289
17389321
17389392
17389411
17389421
11111040
11111952
11112888
11114150
11111040
26748258
11112647
11114156
26748258
11112647
11114498
11114530
11114498
11114498
11114530
4253586
4253618
4253586
4253586
4253618
17389023
17389071
26747896
17412426
17389023
849118
4251968
849118
849118
4251968
855690
855690
855690
855690
855690
26752526
26752526
26752526
26752526
26752526
4242891
4245907
4247305
11111183
11111816
17388983
17389251
26749127
26749283
26749602
4238827
4239767
4240177
4238827
4239767
4237608
4237695
4237825
4238110
4238333
4247533
4253346
4247533
4247533
4253346
17389737
11112423
17401711
17411775
17412137
11112893
11112893
11112893
11112893
11112893
856017
4253990
11112136
14724049
14745206
849292
4240173
4242750
4251435
4254328
26753203
26753203
26753203
26753203
26753203
4239975
14724050
17410791
4239975
14724050
26748084
26754302
4253165
4253172
4253942
26749932
26750088
4241511
4245643
7974123
4241769
4254391
11112229
4241769
4254391
17387834
17387834
17387834
17387834
17387834
17388877
17388877
17388877
17388877
17388877
26749080
26749080
26749080
26749080
26749080
17385503
26752574
26752618
17385503
26752574
26749882
11114070
26749882
26749882
11114070
4252456
4252456
4252456
4252456
4252456
17406923
17406923
17406923
17406923
17406923
4254179
4254179
4254179
4254179
4254179
17389198
17390059
17389198
17389198
17390059
4253796
4253796
4253796
4253796
4253796
26749449
26749464
4253449
26749449
26749464
26748092
11112232
26748092
26748092
11112232
26752410
26752410
26752410
26752410
26752410
26752401
26752640
17407590
26752401
26752640
26752347
26752429
26752595
26751106
26752347
4241092
17401288
26750863
26750963
4241092
4254261
4254275
4254261
4254261
4254275
855523
26749038
855523
855523
26749038
4252838
11111795
4252838
4252838
11111795
17388792
17388797
17389432
17389434
17388792
4254301
11112285
4254301
4254301
11112285
17402223
17402223
17402223
17402223
17402223
26747723
11111421
11112553
26747723
11111421
4250288
4250288
4250288
4250288
4250288
26748714
26754386
26748714
26748714
26754386
17389444
17389981
4254232
17389444
17389981
855514
17389753
26747946
26747959
26748047
4247846
4247846
4247846
4247846
4247846
17389236
14724092
17389236
17389236
14724092
11111100
11111100
11111100
11111100
11111100
26751003
26751003
26751003
26751003
26751003
26754024
26754024
26754024
26754024
26754024
17390001
4252510
4253791
11113984
17408698
14742207
14742207
14742207
14742207
14742207
858482
11111458
14740921
14742426
858482
4253589
4253589
4253589
4253589
4253589
11113846
11113846
11113846
11113846
11113846
26749406
11112513
26749406
26749406
11112513
14735802
14735802
14735802
14735802
14735802
4253932
4254279
4253932
4253932
4254279
4237528
4237560
4237775
4237922
4237923
26754286
26754286
26754286
26754286
26754286
26747755
26747755
26747755
26747755
26747755
26754265
4254349
11110859
11111068
11112497
11110886
11110886
11110886
11110886
11110886
26752439
26752441
26752439
26752439
26752441
4252565
4254015
14726104
14735464
4252565
11112529
11112529
11112529
11112529
11112529
26749987
26752409
4252797
4253221
4253249
17389902
4243975
17411618
17389902
4243975
4252256
14725996
4252256
4252256
14725996
26749548
26749548
26749548
26749548
26749548
17389471
26747747
17389471
17389471
26747747
4252981
4252981
4252981
4252981
4252981
17416204
17416204
17416204
17416204
17416204
11111062
17409971
11111062
11111062
17409971
26748363
4253723
4253770
17409016
26748363
844570
26751154
26751166
844570
26751154
4253581
4253581
4253581
4253581
4253581
11113474
11113474
11113474
11113474
11113474
26748700
26748700
26748700
26748700
26748700
26749657
14722916
26749657
26749657
14722916
4252075
4252075
4252075
4252075
4252075
14745978
14745978
14745978
14745978
14745978
11112566
11112566
11112566
11112566
11112566
4253193
4253193
4253193
4253193
4253193
14731683
14735180
14740825
17401142
17401965
26749021
4254332
26749021
26749021
4254332
4253647
4253647
4253647
4253647
4253647
26748627
26752530
4253091
11113630
26748627
17390035
17390035
17390035
17390035
17390035
11113633
14724112
11113633
11113633
14724112
26749717
26749902
11110841
11111466
26749717
17389438
14721914
17389438
17389438
14721914
17388787
26754182
4247480
4254290
4254299
863427
863663
4250700
863427
863663
17388721
26750017
26753139
4251949
4252785
4253422
4253422
4253422
4253422
4253422
4238163
14745293
4238163
4238163
14745293
14734703
14742107
17414353
14734703
14742107
7977434
17412939
7977434
7977434
17412939
14723876
14744735
14745761
17387134
17401280
4241102
4252155
14722206
17387985
4241102
4239438
4239756
4244205
4249519
4250490
26752479
26752479
26752479
26752479
26752479
4245811
14731961
4245811
4245811
14731961
26754361
4238802
4238812
4248323
26754361
17389099
4244188
11111198
17411193
17389099
26754373
26754373
26754373
26754373
26754373
4253222
4253512
4253222
4253222
4253512
11114494
11114495
11114533
4238278
4252726
14741007
14741007
14741007
14741007
14741007
17388929
26749553
11111012
11112753
17388929
846155
859883
4252570
4252916
846155
11111250
11111252
11113660
11111250
11111252
26753261
4238281
4238476
4238519
4238729
4253137
4253235
7972648
7976436
11112434
4239275
11111418
4239275
4239275
11111418
4245114
11112228
14741218
17406636
17406743
11111940
11111940
11111940
11111940
11111940
11114397
11114403
11114430
11114439
11114446
26747733
4253372
17408548
26747733
4253372
4253845
17402042
4253845
4253845
17402042
3712359
3712359
3712359
3712359
3712359
26749605
26749605
26749605
26749605
26749605
17385525
17412183
17385525
17385525
17412183
26754340
26754340
26754340
26754340
26754340
26750095
26750095
26750095
26750095
26750095
855646
11110951
11112264
855646
11110951
26750845
26750845
26750845
26750845
26750845
4253439
4253998
4253439
4253439
4253998
26754091
26754091
26754091
26754091
26754091
17388713
17390021
844275
4252852
11112456
4253105
4253156
4253105
4253105
4253156
26749692
11112317
26749692
26749692
11112317
4249874
4249874
4249874
4249874
4249874
14734155
14734155
14734155
14734155
14734155
11111760
11111760
11111760
11111760
11111760
858313
4239781
4252564
4252883
4252964
4244010
4247416
14722629
14723183
14740532
4252989
4252989
4252989
4252989
4252989
4240712
17402965
4240712
4240712
17402965
4254389
17401215
4254389
4254389
17401215
846175
14723887
17403208
17416196
846175
26751000
26751000
26751000
26751000
26751000
4253228
4253228
4253228
4253228
4253228
17389163
17387538
17389163
17389163
17387538
4251655
17408731
4251655
4251655
17408731
26749068
26749068
26749068
26749068
26749068
851503
11110786
11112297
17402586
851503
4252759
14741250
17406901
4252759
14741250
4253268
4253310
4253767
11112636
4253268
26748942
4253081
17385055
26748942
4253081
4247644
4252810
4247644
4247644
4252810
863440
11111581
863440
863440
11111581
4245646
14744572
4245646
4245646
14744572
26752631
17402906
17409836
26752631
17402906
26748376
26748376
26748376
26748376
26748376
852799
852799
852799
852799
852799
11112656
14727167
14727291
17411922
11112656
26754042
26754070
26754042
26754042
26754070
848253
4241299
14735112
848253
4241299
863281
14738620
17403489
863281
14738620
17389418
17389565
17389649
17389771
17389418
26752536
4253775
4254180
11110780
11113375
26750731
26750731
26750731
26750731
26750731
3717322
4238051
4252699
4254111
4254392
26753273
26753273
26753273
26753273
26753273
855580
855756
26753795
26753822
4252578
4237591
4238813
4238916
11111781
4237591
4253029
4253034
11112258
11112490
11112922
17409331
17411549
17409331
17409331
17411549
855842
4238198
11112639
11114236
855842
4253265
4253265
4253265
4253265
4253265
4253285
14730358
17407809
17415439
4253285
26752556
26752556
26752556
26752556
26752556
4253923
4253952
4254089
4254090
11113742
17388966
26749537
17388966
17388966
26749537
11114041
11114041
11114041
11114041
11114041
3715298
11114231
14744910
17388005
17409333
855883
4239954
855883
855883
4239954
4237879
4238553
4237879
4237879
4238553
26748648
26754325
11112322
26748648
26754325
26748644
26748644
26748644
26748644
26748644
17388717
4252781
11112243
17388717
4252781
4253801
4253801
4253801
4253801
4253801
17388891
26749182
17388891
17388891
26749182
26754253
26754263
4252514
4253510
11112260
26752732
26752732
26752732
26752732
26752732
855676
26754027
7976045
855676
26754027
855911
14745951
855911
855911
14745951
4253540
17388857
26749724
4253540
17388857
4253806
11110672
4253806
4253806
11110672
4239861
4249263
4251033
14734020
4239861
26749960
26754308
17414653
26749960
26754308
11111122
11111122
11111122
11111122
11111122
4237492
4239062
4237492
4237492
4239062
4238091
4238621
4253287
11112392
14722887
26749262
26749262
26749262
26749262
26749262
855879
4243992
855879
855879
4243992
17385526
26748055
4253319
17385526
26748055
4245524
4245524
4245524
4245524
4245524
26749279
26754345
4253279
4253969
26749279
14741628
14741628
14741628
14741628
14741628
17389637
4254171
17389637
17389637
4254171
26749939
4241678
4253314
26751088
26749939
863343
863343
863343
863343
863343
26749015
26749855
26749916
4253130
11111429
26749554
26749829
4252811
4253366
14740761
4239274
14735445
14745828
17387780
4239274
26753215
4253788
11113870
14727160
26753215
4237832
4243086
4237832
4237832
4243086
26748396
846555
848612
7976741
14731296
26753196
859900
26753196
26753196
859900
855932
26753207
26753813
26753828
26753833
11113688
14730920
14745872
11113688
14730920
4244157
4246367
14744529
14745353
14745381
26749332
26749482
7973588
26749332
26749482
4237796
4240174
4252577
4237796
4240174
26747727
11112435
26747727
26747727
11112435
843170
843170
843170
843170
843170
4238158
4238801
7978203
14723762
4238158
26752407
4254406
17385317
26752407
4254406
14730533
14741026
14743013
14730533
14741026
17389222
17389361
17389222
17389222
17389361
26749060
26749060
26749060
26749060
26749060
4252603
4252603
4252603
4252603
4252603
4238293
4238835
4240359
26751055
4238293
860294
14745959
17409201
860294
14745959
26748509
11111730
11112151
11112417
26748509
26747757
17406829
26747757
26747757
17406829
11112712
11112712
11112712
11112712
11112712
26752509
26752658
26752661
26752509
26752658
26752547
26752547
26752547
26752547
26752547
26754135
26754135
26754135
26754135
26754135
26749967
11112262
26749967
26749967
11112262
4248335
4248335
4248335
4248335
4248335
4245422
4253559
14742241
4245422
4253559
4253119
4253119
4253119
4253119
4253119
17411412
17411412
17411412
17411412
17411412
4252712
4252908
4253180
4252712
4252908
855815
855966
14744341
855815
855966
26748412
26754251
4253710
26748412
26754251
4253196
4253196
4253196
4253196
4253196
4238939
4239653
4238939
4238939
4239653
4241545
4241633
4243194
4244521
4245497
4246493
4246493
4246493
4246493
4246493
4252994
4252994
4252994
4252994
4252994
11111414
11113686
14736895
14741457
11111414
26747715
26747731
11111862
26747715
26747731
4253656
4253656
4253656
4253656
4253656
26752696
11112328
17409964
26752696
11112328
26754316
26754316
26754316
26754316
26754316
4241996
4252813
4254350
4241996
4252813
17389855
17389855
17389855
17389855
17389855
4251375
4251375
4251375
4251375
4251375
860227
14745355
17401210
860227
14745355
4253192
4253478
17401425
4253192
4253478
26749491
4243832
4244745
26749491
4243832
4241122
4241122
4241122
4241122
4241122
26754016
11111355
26754016
26754016
11111355
11112558
11112558
11112558
11112558
11112558
4253163
4254259
4253163
4253163
4254259
17389063
17389063
17389063
17389063
17389063
4248297
4251069
11111755
4248297
4251069
4253238
4253746
4254431
4253238
4253746
26749009
4248385
11112836
11112862
26749009
17385556
4250228
4251217
17385556
4250228
4242011
4245335
11110715
14722936
17408719
4241425
17413976
4241425
4241425
17413976
26752608
26754442
4252532
26752608
26754442
17409719
17409719
17409719
17409719
17409719
4254278
11112230
4254278
4254278
11112230
4247299
4250268
14738666
4247299
4250268
4254120
11112677
11112849
11114278
17403436
4254103
17403117
17406801
4254103
17403117
26749551
4251992
4252535
4253858
11112402
11111295
11111430
11111295
11111295
11111430
17389230
26749299
4249856
17389230
26749299
4252705
4252705
4252705
4252705
4252705
17389018
17408809
17389018
17389018
17408809
17389111
17389210
26747659
26749169
26754255
17388806
4244958
4252566
4253340
4253810
14724129
14724129
14724129
14724129
14724129
858229
4243705
14727129
858229
4243705
850739
850739
850739
850739
850739
26748398
4254030
11112250
26748398
4254030
14738528
14738528
14738528
14738528
14738528
14723964
14723964
14723964
14723964
14723964
4254331
4254331
4254331
4254331
4254331
851940
851940
851940
851940
851940
26749663
26754272
4245064
11113463
26749663
11113884
11113884
11113884
11113884
11113884
26753266
26753266
26753266
26753266
26753266
4253968
14741972
4253968
4253968
14741972
851660
4247250
11112847
851660
4247250
846056
14745610
846056
846056
14745610
855794
17388839
17388982
17389202
26749813
3716536
4254421
11110893
11111145
11111881
26749632
26750097
26754387
4253734
11113887
17389119
26753240
26753241
17389119
26753240
4253531
4253531
4253531
4253531
4253531
859001
4239302
4252407
14723935
17408737
4246708
11111661
4246708
4246708
11111661
4253472
4250618
4252737
17403483
4253472
4248825
14737074
14742291
17402890
17413538
3713783
4247859
4253361
14722923
14722960
3713645
3713645
3713645
3713645
3713645
17385498
17385517
17385498
17385498
17385517
17389369
26749810
4251787
7973923
11112739
4248095
14726301
14742372
4248095
14726301
14741776
26751157
14741776
14741776
26751157
4249752
4250343
14731005
14733844
17415116
4253895
17401953
17409712
4253895
17401953
17385521
17385533
17385521
17385521
17385533
17388672
17388750
17389989
26747645
26748369
17385474
17385474
17385474
17385474
17385474
17389146
26748609
26749900
26749935
4253712
11111699
11111699
11111699
11111699
11111699
11110931
11112580
14740916
11110931
11112580
26749827
4252780
11112537
11112604
26749827
4249892
4251506
11111240
4249892
4251506
11112102
11112102
11112102
11112102
11112102
14731328
14739739
17402244
17410103
17411968
26749824
26754147
4253380
26749824
26754147
11110744
11112809
11110744
11110744
11112809
11114069
14742786
17402368
17408925
11114069
26747759
853529
11112921
14742173
17402258
4251829
14726040
14735069
14740849
17409299
11111501
11112610
11111501
11111501
11112610
4240295
4254216
4240295
4240295
4254216
11113909
11113909
11113909
11113909
11113909
26749414
4252527
26749414
26749414
4252527
855680
14744579
17386161
855680
14744579
4237603
4237668
4237672
4238529
4238534
26752552
26752569
26752614
26752623
4253889
4252999
4252999
4252999
4252999
4252999
4241204
17406768
4241204
4241204
17406768
4254286
4254286
4254286
4254286
4254286
4254173
11111445
17414690
4254173
11111445
26748871
4250317
26748871
26748871
4250317
3713968
4253861
3713968
3713968
4253861
11110741
11110741
11110741
11110741
11110741
4238807
17408863
17409987
4238807
17408863
3715632
3715632
3715632
3715632
3715632
4250644
4250644
4250644
4250644
4250644
4248413
4248413
4248413
4248413
4248413
11111410
11113360
11111410
11111410
11113360
14722183
14742035
14742235
14743442
14722183
26754043
4248033
14723147
26754043
4248033
26749958
4253500
26749958
26749958
4253500
4251903
14740839
4251903
4251903
14740839
26747719
4240553
4247852
26747719
4240553
4247422
14726333
14745950
17402246
17410178
17389518
4252741
17389518
17389518
4252741
4238016
4238181
4238346
4238420
4238619
4238379
4240437
4240969
14739749
4238379
4243600
4244377
4252881
4254012
17412694
14745781
17415403
14745781
14745781
17415403
14741897
17402985
14741897
14741897
17402985
17402769
17402769
17402769
17402769
17402769
4254168
4254168
4254168
4254168
4254168
17408812
17408812
17408812
17408812
17408812
14735756
14735756
14735756
14735756
14735756
14745223
14745223
14745223
14745223
14745223
17389169
26752685
17389169
17389169
26752685
26747941
26748850
26749682
26754301
11112178
14733937
14733937
14733937
14733937
14733937
852502
7972131
852502
852502
7972131
4254218
4254218
4254218
4254218
4254218
4253462
4253462
4253462
4253462
4253462
26749625
26749625
26749625
26749625
26749625
4254193
4254193
4254193
4254193
4254193
11114406
11114496
11114512
11114525
11114526
4254337
17409906
4254337
4254337
17409906
26752691
26752700
26750730
26750858
26750867
4238169
4238169
4238169
4238169
4238169
4247268
17385722
17412079
17415892
4247268
26748037
26754138
4253005
11112119
26748037
11111341
14725994
14736074
17415278
11111341
4253122
4253338
4253898
11111112
11111285
852029
862611
852029
852029
862611
17386006
17408866
17409130
17386006
17408866
17387933
17408497
17387933
17387933
17408497
4252926
11112823
4252926
4252926
11112823
26750779
26750779
26750779
26750779
26750779
17389061
26752635
4252975
26750781
26750790
17388934
17389277
17389374
17389410
17389484
14737477
26751185
14737477
14737477
26751185
17389553
26749534
4241519
4247103
4252735
4254226
4254226
4254226
4254226
4254226
26752419
26750739
26750760
26750774
26750775
26748724
4240399
4242418
26748724
4240399
26752504
26752506
26752519
26752563
26752663
17390016
26754013
858457
4248636
7976782
3712042
4250391
14740894
3712042
4250391
11113530
11113530
11113530
11113530
11113530
26752677
26752677
26752677
26752677
26752677
26749090
4245875
4252608
4254292
11110666
11112454
11112454
11112454
11112454
11112454
17389802
17389802
17389802
17389802
17389802
863964
14726114
863964
863964
14726114
4239911
4242442
14745932
17411187
4239911
845581
4252828
11111191
11112788
14726121
4254124
4254124
4254124
4254124
4254124
17388908
17389509
4253102
4253461
7977748
17388862
4254291
17388862
17388862
4254291
4250102
4253438
4253441
4250102
4253438
11111412
11111412
11111412
11111412
11111412
26752427
26752427
26752427
26752427
26752427
17389203
4248302
26751177
17389203
4248302
4252837
4252837
4252837
4252837
4252837
4252895
4252895
4252895
4252895
4252895
846376
4241793
4246524
4252763
11111916
26752641
26752641
26752641
26752641
26752641
17408252
17408252
17408252
17408252
17408252
11111764
11113541
14734680
11111764
11113541
26754405
4253397
11113713
26754405
4253397
17387786
17387786
17387786
17387786
17387786
4254132
4254132
4254132
4254132
4254132
17388975
17388975
17388975
17388975
17388975
17403233
17403233
17403233
17403233
17403233
14727154
14730502
14727154
14727154
14730502
17388780
17389030
17389460
17389587
26749978
855748
4248294
4253826
11112718
855748
7972303
14730208
14738123
17402211
17402708
855554
4237473
4237619
4237649
4237797
855587
11110758
11112397
855587
11110758
14726376
14745315
14726376
14726376
14745315
4254158
14732668
17402934
17408135
17410296
17388679
17389250
17389347
17389351
17389581
17389805
26754388
4238032
11111395
11112368
14744698
14744698
14744698
14744698
14744698
14745414
14745414
14745414
14745414
14745414
4253396
4253396
4253396
4253396
4253396
26748527
4242334
4247334
4254032
14735496
4249054
4252978
4249054
4249054
4252978
17412338
17415258
17412338
17412338
17415258
4240176
4240477
4245261
4245658
14726437
14732047
14732047
14732047
14732047
14732047
3715879
4252698
4253891
4253975
4254045
4253929
11112492
4253929
4253929
11112492
858640
4253664
858640
858640
4253664
17388573
17402838
17408443
17388573
17402838
17389458
17389458
17389458
17389458
17389458
26751192
26751192
26751192
26751192
26751192
4238978
4253752
7974056
11110837
4238978
4251804
17410841
17410937
4251804
17410841
11114550
11114550
11114550
11114550
11114550
4253981
14726101
4253981
4253981
14726101
26752682
17387965
17403283
17403306
17403553
17389245
17389611
17389245
17389245
17389611
26749252
26754245
26749252
26749252
26754245
4239082
4239657
4239674
14726445
4239082
26753821
4252899
4253213
26753821
4252899
17389699
4253362
17389699
17389699
4253362
4253638
11112168
11112270
4253638
11112168
26752710
844622
4244817
11112746
14726063
17388803
26753140
4249537
11112253
11112585
17389383
17389487
17389586
7974225
17389383
7974511
7974511
7974511
7974511
7974511
26751312
26751330
26751339
26751348
26751350
26747713
14740840
26747713
26747713
14740840
4238427
4240381
4247677
4248487
14724159
14745456
17401431
17408588
14745456
17401431
844442
844442
844442
844442
844442
26753173
4245508
4247208
4253166
26753173
11114122
17401253
11114122
11114122
17401253
4250184
17408113
4250184
4250184
17408113
26750765
26750766
26750771
26750798
26750803
4252952
4252952
4252952
4252952
4252952
26750726
26750726
26750726
26750726
26750726
4253719
4253719
4253719
4253719
4253719
4238339
4239553
4238339
4238339
4239553
4254013
14734624
14735146
14739769
17386564
26750960
26750960
26750960
26750960
26750960
14727218
14727218
14727218
14727218
14727218
11114431
11114448
11114515
11114521
3711413
4253569
4253569
4253569
4253569
4253569
851833
4254231
14726076
17403487
851833
11111016
11111538
11112686
11111016
11111538
4242611
4243316
4244609
4244770
4245936
4253363
11111972
4253363
4253363
11111972
26752673
4239358
4240202
4252957
11111367
26750782
26750807
26750782
26750782
26750807
4252940
4253257
4252940
4252940
4253257
14732870
14732870
14732870
14732870
14732870
4246359
4253576
11112198
11112438
26750749
26750732
26750732
26750732
26750732
26750732
17389131
17389153
26752539
26752591
26752612
4254378
4254378
4254378
4254378
4254378
17388851
17389795
11111521
17388851
17389795
4253435
4253435
4253435
4253435
4253435
4246116
14724025
14732051
14739846
4246116
4238030
4238127
4238932
4238949
4239648
4252711
4252711
4252711
4252711
4252711
26749669
26749669
26749669
26749669
26749669
14729233
14729233
14729233
14729233
14729233
848749
14722950
848749
848749
14722950
17406951
17411994
17406951
17406951
17411994
26753815
26753815
26753815
26753815
26753815
4237988
4239802
4252631
11111267
4237988
4254236
17413319
4254236
4254236
17413319
4253051
11111071
4253051
4253051
11111071
4252478
11113995
4252478
4252478
11113995
26749812
17408453
26749812
26749812
17408453
17386002
17411373
17386002
17386002
17411373
4253200
4253201
4253350
11113885
14742111
17389082
26748623
4252458
11112106
11112185
4254407
4254407
4254407
4254407
4254407
4253395
4253945
4253395
4253395
4253945
4253758
11113328
4253758
4253758
11113328
855677
847033
4243920
7976748
11111329
26748380
26748541
26749463
26754240
4252683
4254065
14723155
4254065
4254065
14723155
17389497
26751070
17389497
17389497
26751070
14726322
14726322
14726322
14726322
14726322
14721896
14721896
14721896
14721896
14721896
17388706
17388754
26748104
4252904
4253049
26749698
26749698
26749698
26749698
26749698
4254125
14739808
17403216
17409525
17411591
4249666
4253855
4249666
4249666
4253855
7973657
7973657
7973657
7973657
7973657
17388940
17389563
26753220
11110975
11111386
14745799
14745799
14745799
14745799
14745799
4252725
4252725
4252725
4252725
4252725
4237737
17385024
17387958
4237737
17385024
26752343
26752343
26752343
26752343
26752343
11110673
11110673
11110673
11110673
11110673
4241412
11111277
17385801
17403560
17406735
17401189
17411703
17401189
17401189
17411703
4241342
4241342
4241342
4241342
4241342
4253611
4253611
4253611
4253611
4253611
855602
17385580
26749058
4253254
4253273
26753157
4253021
4253117
4253186
11110900
4238615
4239298
4251016
14729201
4238615
4253491
4253946
11111651
11112291
4253491
4247040
11112817
14722908
17411461
4247040
4238525
4240190
4240451
4238525
4240190
4252464
4252511
4253387
11110942
11111608
14735717
14742822
14743143
14743144
14743145
11111767
11111767
11111767
11111767
11111767
860103
4254095
4254277
14741798
860103
4239041
4240240
4250519
17409332
4239041
11111550
11112334
11111550
11111550
11112334
4243991
4253786
14735687
14741259
17388610
860250
860250
860250
860250
860250
26748918
11112661
26748918
26748918
11112661
17401424
17416113
17401424
17401424
17416113
14745870
14745870
14745870
14745870
14745870
11112186
17409218
11112186
11112186
17409218
855633
14734804
14745943
17403232
17406746
26749884
26749884
26749884
26749884
26749884
26748972
4253060
26748972
26748972
4253060
26754143
11111945
11112499
11112538
17402767
26754444
26754444
26754444
26754444
26754444
855536
855536
855536
855536
855536
26749847
26754318
4253451
4253830
11111529
26754270
26754284
11112357
26754270
26754284
4244730
4247905
14722890
14723427
14744507
26748976
26748976
26748976
26748976
26748976
4244413
4244463
4244502
4245142
4247854
4252897
4253004
4253086
4253272
14722621
17411514
17414694
17411514
17411514
17414694
4241898
4241898
4241898
4241898
4241898
26752402
4253016
14741554
17384881
17384911
26749831
26749984
4241870
14743554
17402750
14734985
14734985
14734985
14734985
14734985
4240206
4240206
4240206
4240206
4240206
11111864
14734950
11111864
11111864
14734950
7976208
14727233
14736071
7976208
14727233
17389039
17389040
17411170
17389039
17389040
4253809
11113968
4253809
4253809
11113968
11113758
11113817
14745942
17416252
11113758
11111861
14738127
17402867
17402904
17411953
26748765
11111531
26748765
26748765
11111531
17389904
4238955
4238975
14745547
17414044
4252681
4252681
4252681
4252681
4252681
14738163
14738163
14738163
14738163
14738163
7973776
7973776
7973776
7973776
7973776
4248768
11112714
4248768
4248768
11112714
26751235
26751250
26751253
26751235
26751250
17406615
17407674
17406615
17406615
17407674
17406716
17406716
17406716
17406716
17406716
26750808
26750808
26750808
26750808
26750808
4254123
11112623
17387660
17387899
17406708
4240980
14730508
4240980
4240980
14730508
858981
3716641
4249080
7978209
14722704
858593
11113768
14742510
17401987
17413943
26754092
26751212
26751215
26751266
26751284
17389535
26752667
11111532
11112210
26750866
4253742
14741636
4253742
4253742
14741636
4237958
4239089
4252655
11111497
17406957
17388688
4252452
17388688
17388688
4252452
11112579
11112579
11112579
11112579
11112579
4253823
4253823
4253823
4253823
4253823
26748762
26754036
26754053
26754073
26748762
11113733
11113733
11113733
11113733
11113733
11112820
11112820
11112820
11112820
11112820
4253436
4253436
4253436
4253436
4253436
4249963
14732606
4249963
4249963
14732606
4245342
4254405
17401911
4245342
4254405
4252971
4253135
4253159
11113917
4252971
4238258
4252970
4253096
4253103
4253829
26749347
857689
26749347
26749347
857689
26749995
11110812
14726413
26749995
11110812
855697
859405
4250552
4252488
11112268
859862
17388752
17388805
862672
4252657
4238831
4239895
4243934
4244484
4251279
26754026
26754061
26754026
26754026
26754061
4253905
4254141
4253905
4253905
4254141
4245972
14726061
4245972
4245972
14726061
4252840
14735267
14744663
4252840
14735267
14739753
17387860
17402799
17408844
14739753
4239647
4244360
14734949
17409584
4239647
17388808
11113392
11113503
17388808
11113392
861962
17403673
17406616
861962
17403673
855885
4238022
4252882
14740880
14744479
862891
4249770
4254235
11110732
14740820
4253973
11112524
14740902
14741499
4253973
11112673
11112673
11112673
11112673
11112673
848751
848751
848751
848751
848751
4252888
17403675
17407603
17414652
4252888
17389992
26752604
4252849
4254119
14727090
14742136
14742136
14742136
14742136
14742136
17388990
26749635
863141
11111411
11111545
17389417
4252829
4253028
7972272
17389417
4242925
17410813
17412172
4242925
17410813
4253377
4253748
4253377
4253377
4253748
14725997
16952412
17403168
14725997
16952412
4252592
4253132
14745859
4252592
4253132
11112323
11112323
11112323
11112323
11112323
4244400
17406688
4244400
4244400
17406688
4253747
14741575
17412535
4253747
14741575
4254302
4254302
4254302
4254302
4254302
4241324
14745957
17407634
17410393
17412033
3714062
4247474
14725987
14727188
14739942
11114242
17411058
17411190
17412166
17414157
26747819
4252495
17415286
26747819
4252495
26747745
4252197
11111719
17411863
17412895
14726390
14726390
14726390
14726390
14726390
17388906
26752520
4244899
14733593
14738527
4238695
4247960
4252601
11112828
4238695
842789
3715127
14726110
14733922
14735006
11112255
11113560
14741287
11112255
11113560
4252517
4253052
11110850
4252517
4253052
4238336
11112252
14734882
17401158
4238336
11112173
11112920
11112173
11112173
11112920
11110964
11110964
11110964
11110964
11110964
17389481
4252679
4252953
4253388
4254004
4252976
4252976
4252976
4252976
4252976
11113863
14738665
11113863
11113863
14738665
14741576
17385806
17408907
14741576
17385806
4252853
11112157
11114247
4252853
11112157
26750755
26750755
26750755
26750755
26750755
26750933
26750933
26750933
26750933
26750933
17387832
17413648
17414147
17387832
17413648
4240639
4249742
4240639
4240639
4249742
26748938
26750744
26750772
26750787
26750792
4237690
4238612
4239595
4244345
4245504
17388863
4252469
4253577
26751025
17388863
17403348
17403348
17403348
17403348
17403348
17388944
4252949
11111642
17388944
4252949
4250321
26751169
26751343
26751358
26751361
17411486
17415167
17411486
17411486
17415167
17412175
17412175
17412175
17412175
17412175
14732878
14732878
14732878
14732878
14732878
17406596
17409031
17409628
17406596
17409031
17388669
26748529
26748611
4254423
14731299
4245059
11112212
17411286
17415879
4245059
859536
4238391
4239097
17416299
859536
4251628
4252653
4253511
4253700
4253814
4252583
11113422
11113877
14740749
17411619
7977073
17409368
7977073
7977073
17409368
859279
26747785
26749894
26754378
4252507
11113342
11113342
11113342
11113342
11113342
4247125
4253107
4253550
11112422
11112460
846406
846406
846406
846406
846406
4242385
14727293
26751082
4242385
14727293
4242803
11113836
17408777
17411592
4242803
26752606
26752662
17402113
26752606
26752662
864212
4240843
4245688
4245747
14724040
4253048
4253048
4253048
4253048
4253048
4246417
14745467
4246417
4246417
14745467
14744481
14744481
14744481
14744481
14744481
11111632
11112467
11111632
11111632
11112467
11111306
11111306
11111306
11111306
11111306
17388941
17389366
4253587
4253792
17388941
859990
14743963
17411967
859990
14743963
11111211
11111211
11111211
11111211
11111211
26747802
4252980
11111527
11111694
26747802
14735181
14735181
14735181
14735181
14735181
26747449
26754115
26747449
26747449
26754115
11112665
26751164
11112665
11112665
26751164
26754389
26754389
26754389
26754389
26754389
17389281
17389288
17389416
17389929
11111563
4247564
4251030
11114197
17387973
17415616
11110712
11110984
11110712
11110712
11110984
26752704
4244215
17384993
17385045
17385103
26748125
11111437
11112754
26748125
11111437
26752334
26752334
26752334
26752334
26752334
17408170
17408170
17408170
17408170
17408170
4247246
14722185
14732792
4247246
14722185
4253686
11112214
4253686
4253686
11112214
11113759
11113759
11113759
11113759
11113759
3713259
4239413
4243836
4250195
4252757
4238407
4249175
4253865
14726357
14742091
4254104
11113878
17402172
17409918
4254104
11112094
11112094
11112094
11112094
11112094
26749611
26752720
26749611
26749611
26752720
26749469
26749503
14735111
14737249
26749469
26749588
11112578
26749588
26749588
11112578
26754448
3716063
14740855
17402724
17407263
864330
864330
864330
864330
864330
17413359
17413359
17413359
17413359
17413359
4244520
17407138
4244520
4244520
17407138
4251471
4252324
4251471
4251471
4252324
4254374
4254374
4254374
4254374
4254374
26752594
4241809
4242708
17413912
26752594
4252642
11110678
4252642
4252642
11110678
860508
7974951
11114213
860508
7974951
4253495
4254347
4253495
4253495
4254347
852148
4252784
4252919
4253278
4253596
7975242
26751186
7975242
7975242
26751186
4240076
4246968
4254294
4254354
4240076
4252466
4253071
4254384
4252466
4253071
26754014
26754014
26754014
26754014
26754014
4253783
14723167
4253783
4253783
14723167
4246836
11114034
4246836
4246836
11114034
862488
862488
862488
862488
862488
11112814
11112814
11112814
11112814
11112814
852680
14723764
852680
852680
14723764
17388886
4252730
4254217
17388886
4252730
26753191
4254153
4254188
11112433
17406647
14741595
14741595
14741595
14741595
14741595
4247608
4252936
17414584
17414821
17415529
26749832
26752638
26749832
26749832
26752638
14729662
14729662
14729662
14729662
14729662
17389295
17389399
17389402
17389419
17389422
14737250
17407075
14737250
14737250
17407075
11111932
11111932
11111932
11111932
11111932
11111561
11111561
11111561
11111561
11111561
4240867
4245131
4253819
4240867
4245131
4253498
4253762
4253498
4253498
4253762
14734123
17408565
14734123
14734123
17408565
4238989
4240114
17410289
4238989
4240114
17389408
26748549
26749674
26753267
26753792
4252497
4253093
14743428
4252497
4253093
26750842
26750842
26750842
26750842
26750842
4253226
7975189
11113682
4253226
7975189
17389195
17403400
17407341
17408837
17415344
17387490
17402983
17411315
17387490
17402983
14723193
17409857
14723193
14723193
17409857
26752511
11114258
26752511
26752511
11114258
4253043
4254282
4253043
4253043
4254282
4244149
4249173
4252913
4252958
4253368
4237706
4238470
4239280
17402779
17410797
26749521
26749587
26749592
26749521
26749587
17389526
17389526
17389526
17389526
17389526
4252823
4252823
4252823
4252823
4252823
4253414
11111703
4253414
4253414
11111703
26753832
4253564
17385016
26753832
4253564
14732905
14732905
14732905
14732905
14732905
26749903
26754266
4252455
4252729
4253061
26752483
17402010
26752483
26752483
17402010
17389058
26747707
17389058
17389058
26747707
14740282
14740282
14740282
14740282
14740282
4243420
4248727
14726046
14727242
4243420
17403225
17403225
17403225
17403225
17403225
860146
4253567
14736977
860146
4253567
11113582
14732032
11113582
11113582
14732032
17385528
17385538
4243274
4247580
17403391
26752644
14743546
26752644
26752644
14743546
17385537
4252504
4253900
11111078
14724007
860691
11112414
17412089
860691
11112414
17389308
11113835
17389308
17389308
11113835
4253920
17406795
4253920
4253920
17406795
4252756
4252756
4252756
4252756
4252756
26753167
11113391
26753167
26753167
11113391
4253524
4254006
11112301
14745077
17411280
4254361
4254361
4254361
4254361
4254361
17409982
17409982
17409982
17409982
17409982
4252494
14738529
4252494
4252494
14738529
17388896
4253164
17415675
17388896
4253164
855900
4242776
4245701
855900
4242776
7974664
16952742
17406976
7974664
16952742
4252486
4252724
4253259
11110751
4252486
855877
4238973
855877
855877
4238973
855714
17389296
17389951
26747839
26747875
26751129
26751129
26751129
26751129
26751129
14745762
17403266
17403311
17408688
14745762
14723841
14745376
14723841
14723841
14745376
14735106
17407213
17414517
14735106
17407213
11110968
11111111
17408962
17408992
11110968
861506
4238015
4253027
11111436
11111484
14722117
14726365
14735693
17407162
17407913
4253241
17415132
4253241
4253241
17415132
17409821
17409821
17409821
17409821
17409821
4253055
4253056
4253057
11112691
4253055
4253076
4253114
4253076
4253076
4253114
853212
4253670
11113683
17407638
853212
4253112
4253112
4253112
4253112
4253112
4246626
4253941
4246626
4246626
4253941
4252998
4252998
4252998
4252998
4252998
4252948
11110879
11111033
4252948
11110879
26749618
17408176
26750853
26749618
17408176
3714876
14724161
3714876
3714876
14724161
855781
4252917
855781
855781
4252917
4254369
11110829
4254369
4254369
11110829
11111950
11114009
11111950
11111950
11114009
26754323
11112664
26754323
26754323
11112664
17411605
17411605
17411605
17411605
17411605
26750729
26750729
26750729
26750729
26750729
11114051
11114051
11114051
11114051
11114051
14745226
17387617
14745226
14745226
17387617
4243079
11114121
14724123
14740975
4243079
17401814
17401814
17401814
17401814
17401814
4252973
7973141
14745857
4252973
7973141
11114497
4253097
14740941
17408828
11114497
14734810
17406725
17415155
14734810
17406725
4242516
17403468
4242516
4242516
17403468
4251289
26751064
4251289
4251289
26751064
4252542
4252542
4252542
4252542
4252542
4252860
4252860
4252860
4252860
4252860
17411608
26750728
26751131
17411608
26750728
7972814
17386056
7972814
7972814
17386056
4240269
14724110
17401482
17402118
17407189
4238303
17402718
17410977
4238303
17402718
14745367
14745367
14745367
14745367
14745367
4254106
11111053
4254106
4254106
11111053
3714944
4245134
14726047
14727194
17403454
860043
4243300
14733262
860043
4243300
4254057
4254057
4254057
4254057
4254057
4256503
17389403
26749785
3717051
11112144
26754110
4253529
26754110
26754110
4253529
7977873
17402704
17415336
7977873
17402704
26748671
4253851
11113333
26748671
4253851
863214
14734509
17387659
17408111
863214
4252723
4253046
4253735
4253736
4252723
17388922
26747817
4251953
17387604
17387889
14721877
14723667
14724103
17412918
14721877
3711919
17402141
3711919
3711919
17402141
14730896
17408864
17414273
14730896
17408864
17401760
17411051
17411232
17411259
17401760
4254428
4254428
4254428
4254428
4254428
17406847
17406847
17406847
17406847
17406847
4253433
4253467
4253627
4254047
4254083
4252821
4253515
4252821
4252821
4253515
26753634
4252571
4253113
4253125
4253290
4253753
14743835
4253753
4253753
14743835
17389636
26749917
4251856
17389636
26749917
845384
850010
4241528
4242510
4248656
14741592
14742100
14742376
14741592
14742100
26747809
4243684
26747809
26747809
4243684
26749112
26754145
4253084
4253202
11112274
26751230
26751248
26751249
26751406
26751429
17389282
26749171
4252387
4253095
17389282
11111879
17409041
11111879
11111879
17409041
4253036
7977334
11111083
4253036
7977334
4238386
4239723
4240370
11113654
4238386
17389489
4252844
17401220
17402902
17389489
4252659
4252930
4253838
14741691
4252659
4253341
17401134
4253341
4253341
17401134
17389064
17414060
17389064
17389064
17414060
4253636
4253636
4253636
4253636
4253636
4252886
4253033
4252886
4252886
4253033
17403290
17403290
17403290
17403290
17403290
14723741
14723741
14723741
14723741
14723741
26748351
26753826
3717423
4253430
4253680
11112519
11112519
11112519
11112519
11112519
17385549
17385549
17385549
17385549
17385549
4253953
17385661
4253953
4253953
17385661
26751170
26751170
26751170
26751170
26751170
17411248
17412423
17413164
17411248
17412423
4252911
4253425
4252911
4252911
4253425
26749249
26749249
26749249
26749249
26749249
14745324
14745324
14745324
14745324
14745324
17411943
17411943
17411943
17411943
17411943
4253402
4253402
4253402
4253402
4253402
4252643
4254177
4252643
4252643
4254177
26748470
4253553
17406813
17414007
26748470
26749309
26749309
26749309
26749309
26749309
17389396
17389927
26747739
26747741
852944
26747815
7975186
26747815
26747815
7975186
26752443
842968
4250432
26752443
842968
4253142
4253142
4253142
4253142
4253142
26749331
26754134
26749331
26749331
26754134
26749570
26754163
4253187
17408473
26749570
14741914
14741914
14741914
14741914
14741914
4253022
17387657
17406880
17412427
4253022
14726350
14726350
14726350
14726350
14726350
14741324
14742196
17411706
14741324
14742196
7978071
14732674
14734978
17403618
17407085
14743147
17415186
14743147
14743147
17415186
17389049
4240523
17389049
17389049
4240523
11111499
11112762
11111499
11111499
11112762
11111500
11111102
11111500
11111500
11111102
4254363
4254363
4254363
4254363
4254363
4252906
4252906
4252906
4252906
4252906
4254067
11112343
17406756
4254067
11112343
851909
858280
4246073
851909
858280
11111468
11111468
11111468
11111468
11111468
4253501
4253641
4254388
14724051
17403434
4247506
4252795
7974741
7975101
17410334
14734578
14734578
14734578
14734578
14734578
4253755
4253755
4253755
4253755
4253755
14735444
17402806
17409449
17410037
14735444
4238657
4239066
4238657
4238657
4239066
858418
4252815
858418
858418
4252815
11114079
14744949
17387615
17415970
11114079
17403603
17403603
17403603
17403603
17403603
850554
14731283
17412487
850554
14731283
4253070
4254415
11111723
17401890
17403023
4238209
4238502
4239428
4238209
4238502
26747753
26752687
17387622
26747753
26752687
26753182
11111006
14732353
17411709
26753182
861108
14743337
17408549
861108
14743337
17389154
26748657
26752513
26754443
17389154
4252990
14730875
4252990
4252990
14730875
26752485
26752722
4253236
26752485
26752722
26750993
26750999
26751134
26750993
26750999
14740858
17407084
14740858
14740858
17407084
4248341
4251826
14721949
14724154
14732561
14738126
14743908
17403226
17411736
14738126
26752575
17401265
26751173
26752575
17401265
26749874
26754365
26749874
26749874
26754365
11112609
14721848
11112609
11112609
14721848
26748154
3717701
4249041
4253010
4254014
4248316
4253440
17401318
4248316
4253440
17409014
17409607
17416357
17409014
17409607
17407636
17409187
17407636
17407636
17409187
4253741
4253741
4253741
4253741
4253741
4254198
4254198
4254198
4254198
4254198
4237573
4249081
4253332
4253892
14723909
4252954
14732607
14732862
17385999
17406914
4252750
26751114
26751130
26751187
4252750
4252666
11111768
4252666
4252666
11111768
11111644
11112401
11111644
11111644
11112401
4253672
11113523
4253672
4253672
11113523
4249597
4253574
14744693
17402353
17413989
11113689
11113689
11113689
11113689
11113689
14721904
14735451
14741054
14721904
14735451
14727114
14745933
17410541
14727114
14745933
4253291
4253291
4253291
4253291
4253291
17407584
17412982
17407584
17407584
17412982
17389952
4248757
11112902
17389952
4248757
26750736
26751102
26750736
26750736
26751102
14741142
17402999
17407191
17407348
14741142
14723408
17402791
14723408
14723408
17402791
26754158
11112446
26754158
26754158
11112446
866042
866054
4252554
4253054
4253217
17402907
17402907
17402907
17402907
17402907
11113462
11113598
11113462
11113462
11113598
17408052
17409295
17408052
17408052
17409295
4254252
14724148
14744389
14744476
17402497
11114029
17387643
11114029
11114029
17387643
4240452
4241117
17407870
4240452
4241117
14727133
14742484
17403276
14727133
14742484
7972241
17413674
7972241
7972241
17413674
11112779
11112779
11112779
11112779
11112779
14745725
14745725
14745725
14745725
14745725
26748533
26748769
26749345
4252457
4253367
26752470
26752471
26752484
26752470
26752471
14742491
14742491
14742491
14742491
14742491
853696
14721907
17403475
853696
14721907
4252707
11112655
11113935
4252707
11112655
4253690
4253690
4253690
4253690
4253690
14721902
14740712
14744480
17407018
14721902
856953
4253309
4253652
856953
4253309
17388824
17388825
17388827
17389197
17389238
4254283
17407700
4254283
4254283
17407700
17389868
26749583
26749621
26754238
26754258
17406648
17406648
17406648
17406648
17406648
17388843
17389167
4253073
11112532
17388843
4253820
4253820
4253820
4253820
4253820
17415560
17415560
17415560
17415560
17415560
17416140
17416202
17416140
17416140
17416202
11112123
14735115
11112123
11112123
14735115
17409641
17409641
17409641
17409641
17409641
17389246
17409426
17415257
17389246
17409426
4238250
14723798
4238250
4238250
14723798
4253787
14745755
4253787
4253787
14745755
17385585
26752491
17402217
17385585
26752491
17403486
17408952
17403486
17403486
17408952
26749200
26751199
26751201
26751214
26751217
14738657
14738657
14738657
14738657
14738657
17389401
17389567
26749545
4252901
4252905
4252961
14731887
14739050
17410845
17414022
4252986
4252986
4252986
4252986
4252986
4254050
11110989
4254050
4254050
11110989
14737454
14737454
14737454
14737454
14737454
4249573
11111428
17386661
4249573
11111428
17388692
17389589
17402938
17406589
17388692
17407475
17408580
17407475
17407475
17408580
14726314
14726314
14726314
14726314
14726314
26748392
4250629
17406657
26748392
4250629
26752668
26752668
26752668
26752668
26752668
26751349
26751367
26751414
26751419
26751349
4239561
4252931
4239561
4239561
4252931
17388838
11111094
14722917
17388838
11111094
4254087
4254087
4254087
4254087
4254087
4239873
4242053
14740879
17413675
4239873
26754011
17385299
26754011
26754011
17385299
4252900
4252900
4252900
4252900
4252900
14733416
14736469
17406575
14733416
14736469
4252836
17409144
17409262
26751149
4252836
4253713
11112877
4253713
4253713
11112877
4253292
11113451
14741448
17411245
4253292
17406724
17406724
17406724
17406724
17406724
4252946
4252946
4252946
4252946
4252946
4248694
4254116
4248694
4248694
4254116
17389382
17389393
4252515
4252640
4252706
17389804
4253856
11110663
17389804
4253856
17389894
4254383
14741594
17412184
17389894
11114261
14723995
17411368
11114261
14723995
4254059
14743506
4254059
4254059
14743506
850433
14742835
850433
850433
14742835
11112684
11112684
11112684
11112684
11112684
4237924
4237947
4239061
4239853
4239885
26752505
26752543
3717418
26752505
26752543
4249865
14727250
14741000
17387679
17387976
17410363
17413929
17410363
17410363
17413929
11111506
11111751
26751152
26751165
11111506
4250957
4253374
17403221
4250957
4253374
17407492
17407492
17407492
17407492
17407492
11111646
17409372
11111646
11111646
17409372
4237639
4237643
4237654
4237831
4237848
14741420
26750856
26750857
14741420
26750856
17389916
11113616
11113617
17389916
11113616
4250510
4254230
4254324
11114036
14738125
4253138
4253138
4253138
4253138
4253138
4253965
4253965
4253965
4253965
4253965
4253621
17416159
4253621
4253621
17416159
845859
4244000
4247249
7973964
845859
4252675
11110847
11111326
11111476
11111543
4253104
4253104
4253104
4253104
4253104
17385560
17388895
26747589
26748984
26749356
14724107
14742354
17410479
17411814
14724107
17407125
17413121
17407125
17407125
17413121
4253343
11111597
11111605
11112802
4253343
4241185
4253974
14741608
4241185
4253974
14741125
17402171
14741125
14741125
17402171
4253168
4253766
4253168
4253168
4253766
4252503
4253509
4253523
4254344
11113402
26749991
11112098
26749991
26749991
11112098
4237731
4237995
4239069
4240075
4237731
11112895
11112895
11112895
11112895
11112895
26749190
4252559
11112097
11112349
26749190
26748194
26752404
4251689
4253013
4253148
26754382
11111348
11113920
17387993
17402612
17389066
850189
4248333
14744343
17387628
26751267
26751285
26751403
26751405
26751267
14738525
17402913
14738525
14738525
17402913
4253488
4253488
4253488
4253488
4253488
4254253
11112891
4254253
4254253
11112891
11112668
11112668
11112668
11112668
11112668
17408821
17408821
17408821
17408821
17408821
851674
14731052
17412236
851674
14731052
17389259
4253288
17389259
17389259
4253288
7978437
7978437
7978437
7978437
7978437
4252788
4253907
4253914
11112314
14724090
4237534
4237760
4238353
4238910
4240197
17408682
17414991
17408682
17408682
17414991
4238395
4239375
4242433
14723680
14723750
4242618
4254243
4242618
4242618
4254243
26749295
26749295
26749295
26749295
26749295
4252755
4253131
17401143
4252755
4253131
17412637
17412637
17412637
17412637
17412637
855720
17385532
17388884
4252826
4253542
26748263
4253427
26748263
26748263
4253427
14745965
14745965
14745965
14745965
14745965
17403287
17408799
17415593
17403287
17408799
17388761
26754403
17388761
17388761
26754403
4238763
4239373
4250267
14727060
14739946
11111344
14740976
11111344
11111344
14740976
17402138
17402150
17403519
17409853
17402138
4252599
17410368
17411805
17414984
4252599
4244436
14722166
14743076
4244436
14722166
855592
17389062
17389412
17389504
26749322
26752582
11112547
14736520
14739056
17416347
4247338
4250821
26751273
26751291
26751363
4252451
11111754
4252451
4252451
11111754
861630
14734105
17401419
17406764
17406928
17403588
17411785
17403588
17403588
17411785
4252499
4253756
4252499
4252499
4253756
14721947
14721947
14721947
14721947
14721947
11112187
17415201
11112187
11112187
17415201
17389485
17389485
17389485
17389485
17389485
4247636
11114084
17408816
4247636
11114084
14723955
14741751
14743316
17410752
14723955
17401886
17401886
17401886
17401886
17401886
14724126
17402758
14724126
14724126
17402758
4253812
4253812
4253812
4253812
4253812
26752444
14727159
26752444
26752444
14727159
14737449
14737449
14737449
14737449
14737449
4253566
14741336
4253566
4253566
14741336
26748469
4253240
4253394
11112192
26748469
4238388
4238512
4238759
4239136
14721867
11110750
11110750
11110750
11110750
11110750
17402407
17402960
17406624
17406844
17409115
17389123
26752570
4251463
4253797
4253798
26749318
4253590
14741098
26749318
4253590
4253311
14731226
4253311
4253311
14731226
4254000
17401402
17407219
4254000
17401402
4241700
17402839
4241700
4241700
17402839
11113800
11113800
11113800
11113800
11113800
17388813
11112583
11113839
17410314
26751101
26754080
4253139
26754080
26754080
4253139
26751313
26751331
26751313
26751313
26751331
4239027
11111707
11113697
14723802
14742028
847251
14737075
14740419
14744271
17388022
856259
14733105
17402551
856259
14733105
17409513
17409513
17409513
17409513
17409513
17411536
17411536
17411536
17411536
17411536
4252533
4252545
4253007
4253066
4253673
26752371
26752371
26752371
26752371
26752371
26747735
4252865
17385894
17408865
26747735
14726120
14726120
14726120
14726120
14726120
4242829
7973019
14726069
17410777
4242829
864189
7976365
17407520
17412095
864189
26748310
17409356
17411475
17414993
26748310
4253859
11110970
17407078
17408631
17409453
14723173
14727306
14723173
14723173
14727306
17388820
17388932
17389262
17389313
4253917
11112873
14732917
14740958
14744985
17410918
4252450
4252866
4253017
4254096
4254269
17412990
17412990
17412990
17412990
17412990
11113954
11113954
11113954
11113954
11113954
11110782
11111330
11110782
11110782
11111330
17406862
17406862
17406862
17406862
17406862
855579
855925
17388693
26749074
4253216
4241858
11112791
17415294
4241858
11112791
4253403
14737415
14741638
17402320
17407037
17388686
4252945
11110724
11110955
17388686
4254312
11114249
14734938
17412167
17412911
4253133
14742331
17415377
17415870
4253133
4253203
4253203
4253203
4253203
4253203
26754142
11113830
26754142
26754142
11113830
3713238
17408780
3713238
3713238
17408780
17388861
17388869
17388953
17389668
4253347
26751030
26751030
26751030
26751030
26751030
26752571
4253359
7972835
17411998
26752571
17388709
17389376
17389679
26749677
26754400
4252907
4253764
14723961
4252907
4253764
862353
4244086
4253665
14742052
14745091
4253386
11112289
11112404
17409067
4253386
11111780
11111792
11113790
11113793
11114143
4252534
4252555
4252654
4253781
4253782
26754097
26754097
26754097
26754097
26754097
26749936
11111490
11113638
26749936
11111490
17388864
4253331
4254092
14745935
17385808
11111752
11111752
11111752
11111752
11111752
855609
26748318
4253337
14744006
855609
4253976
11111701
11112606
4253976
11111701
14740424
17414660
17414785
14740424
17414660
17406729
17406794
17411634
17406729
17406794
4251232
4251232
4251232
4251232
4251232
855782
4245001
4253653
11110919
11113661
4253718
4253718
4253718
4253718
4253718
843289
4240797
4252691
17408761
843289
4252808
11110791
11113585
17412130
4252808
17411123
17411123
17411123
17411123
17411123
26752674
11111059
11112514
14742200
26750860
17407654
17407654
17407654
17407654
17407654
26748029
26748035
4253572
11112099
11112100
849116
4246957
4250101
11111831
14742761
4252996
4252544
4252622
4252987
4253364
26749341
26749777
11112135
17385723
26749341
4239393
4254118
4239393
4239393
4254118
14740008
14740759
17402462
14740008
14740759
26749011
26752406
11112871
26749011
26752406
4242129
4242426
4249477
11111870
11113926
26749312
26749964
4252546
11112303
26749312
14734982
14734982
14734982
14734982
14734982
26749840
4250639
11112372
14731797
14734511
26752683
26751100
26752683
26752683
26751100
11112096
11112096
11112096
11112096
11112096
26748216
26748288
26748302
26748445
26749415
17409035
17409035
17409035
17409035
17409035
4253537
4254005
4253537
4253537
4254005
26749427
26749427
26749427
26749427
26749427
17387989
17387989
17387989
17387989
17387989
4254280
11112545
17413212
4254280
11112545
4253035
4253206
4253503
4253573
4254263
17389466
17389991
11112883
11114129
17389466
26748605
4252943
4253570
14723907
14723984
26752367
26752368
26752370
14731040
26752367
26749619
26749619
26749619
26749619
26749619
17389880
26749595
26749791
17389880
26749595
4254317
17402296
17407869
4254317
17402296
26749915
26750068
11111446
11111573
11112747
4253777
4253777
4253777
4253777
4253777
3713267
14727244
3713267
3713267
14727244
4253044
4254011
14743312
4253044
4254011
26753558
26753558
26753558
26753558
26753558
26748525
26749465
11112197
11112759
14726094
864407
17413177
864407
864407
17413177
4253493
17385028
4253493
4253493
17385028
14744558
14745477
17402678
17403183
17414794
26750859
26750859
26750859
26750859
26750859
4253691
4253692
4253711
4253757
4253691
26754021
17401395
17412036
26754021
17401395
17407047
17408278
17407047
17407047
17408278
4248555
4248555
4248555
4248555
4248555
14722901
14722901
14722901
14722901
14722901
14724034
17407594
14724034
14724034
17407594
4252623
4252791
4253994
4252623
4252791
17385018
17402265
17408536
17385018
17402265
11110788
11110788
11110788
11110788
11110788
11111413
11113994
11111413
11111413
11113994
17410228
17410228
17410228
17410228
17410228
17409161
17409161
17409161
17409161
17409161
4239809
11112152
17408544
17410894
17411349
17387620
17387620
17387620
17387620
17387620
4243895
4243895
4243895
4243895
4243895
17385206
17406667
17410735
17385206
17406667
17388756
26749155
851595
4241848
4265800
4253385
4253385
4253385
4253385
4253385
26749528
26752534
4254157
17410287
26749528
4241198
14741502
17408841
4241198
14741502
26751434
26751434
26751434
26751434
26751434
17389118
3714248
17389118
17389118
3714248
17411415
17411415
17411415
17411415
17411415
26752477
26752477
26752477
26752477
26752477
4237527
4237535
4237676
4237792
4237805
17390053
3717913
4252386
14745113
17415938
4244870
4253289
14743379
17401970
4244870
26748382
4252598
4254323
11113415
14723163
14724132
14742721
17406752
14724132
14742721
847473
4253167
17402104
847473
4253167
14723912
17386335
17403186
14723912
17386335
4241538
4247510
4252775
4253903
14745871
17411294
17411294
17411294
17411294
17411294
849510
4253001
4253128
14721905
849510
4246000
4253471
14722925
14723707
14727205
11112804
17408666
17413465
11112804
17408666
4253750
14743096
14743815
17407083
17411952
4252985
4253463
4253597
4254228
11112453
14738639
17385023
17406769
14738639
17385023
4245670
4245670
4245670
4245670
4245670
14745938
14745938
14745938
14745938
14745938
4245389
7974345
17407045
17408872
17411249
4254225
11112452
17411501
4254225
11112452
863998
863998
863998
863998
863998
17413006
17413006
17413006
17413006
17413006
4254315
4254315
4254315
4254315
4254315
17389240
17389390
17389446
17389455
17389463
14741476
14741568
17401966
14741476
14741568
14731967
17407354
17409315
17412604
17415872
4252938
11112646
17402254
17409399
4252938
17406935
17416201
17406935
17406935
17416201
4238663
4239851
4247711
14742061
14743844
11112626
11112876
11113766
17402534
11112626
17409884
17413045
17409884
17409884
17413045
4252884
4253087
17411258
4252884
4253087
26750994
26751218
26751272
26751290
26751335
14744945
14744945
14744945
14744945
14744945
4253360
11112403
11113690
14721895
14726020
17387530
17387530
17387530
17387530
17387530
4253557
14732864
14744582
17406902
17414302
4254091
11111401
4254091
4254091
11111401
17388814
17389226
17389303
17389871
26749495
17388711
17388711
17388711
17388711
17388711
4242809
17410839
17414352
4242809
17410839
26750740
26750743
26750767
26750805
26750821
858515
4253205
4254115
858515
4253205
859984
11111405
14741988
17414543
859984
4253295
4253295
4253295
4253295
4253295
17415952
17415952
17415952
17415952
17415952
4253460
4253460
4253460
4253460
4253460
26749129
26749411
4252484
4253678
26749129
17402576
17402576
17402576
17402576
17402576
855618
14730640
17387849
17387879
17387943
17389235
17389248
17389623
17389799
17389235
26752586
17402236
26752586
26752586
17402236
26752550
14740135
17407343
17409903
17410065
4254163
4254258
4254163
4254163
4254258
17389307
4252776
17389307
17389307
4252776
4250284
4252668
4252967
4253275
4254148
17389968
17410394
17411581
17389968
17410394
11113644
11113644
11113644
11113644
11113644
17390009
17406883
17411633
17411810
17413227
17406979
17408920
17406979
17406979
17408920
14744606
17415951
17416249
14744606
17415951
26752403
14729727
17411142
17415107
17415370
855809
4253934
855809
855809
4253934
14741373
14741373
14741373
14741373
14741373
14741799
14745286
17387566
17406956
17408942
26752646
4245443
4246476
14726105
14726347
4240507
4240507
4240507
4240507
4240507
26748726
26749104
4252475
4253082
4253151
17408412
17408412
17408412
17408412
17408412
14741057
14741057
14741057
14741057
14741057
4252962
4252968
11111464
11112541
11112685
14743673
17401216
14743673
14743673
17401216
11113539
11113539
11113539
11113539
11113539
17403592
17403592
17403592
17403592
17403592
14730426
17410389
14730426
14730426
17410389
3712514
11111369
14726103
17386135
17403566
4252609
17411891
4252609
4252609
17411891
4252727
4253152
11112918
11114104
17408188
14744613
14744613
14744613
14744613
14744613
26754393
14740690
14745027
17415944
26754393
17385385
26753923
4238089
4238168
4238362
14724023
14724031
14724023
14724023
14724031
17388914
17389503
26749838
26752467
11112569
17401447
17403648
17406748
17401447
17403648
14737691
14737691
14737691
14737691
14737691
4240561
4254256
4240561
4240561
4254256
4242338
14742169
17409010
4242338
14742169
11112602
11112602
11112602
11112602
11112602
17403228
17403228
17403228
17403228
17403228
4249983
4249983
4249983
4249983
4249983
14729731
14731141
14729731
14729731
14731141
4252604
4252786
4254342
11111400
11113910
848536
4254169
17415812
848536
4254169
4253543
4253904
11113828
17409709
4253543
17389012
3713399
4252326
11114218
14744551
17389312
4253706
4254043
17403525
17406614
14726440
14742488
14726440
14726440
14742488
4243474
17406991
17410899
17413644
4243474
17389341
4252841
4253344
4253375
11113739
4253667
4253671
11113741
11114019
4253667
14745190
14745190
14745190
14745190
14745190
11113794
11113794
11113794
11113794
11113794
4253020
11114035
17407188
4253020
11114035
11110878
11110878
11110878
11110878
11110878
26752601
26752601
26752601
26752601
26752601
26752500
858323
26751037
26752500
858323
17387564
17402633
17412407
17387564
17402633
17389928
4242315
4244369
4253162
4254376
14731252
14731983
17387580
17387760
17387999
17388765
859874
4242183
4253603
7972958
4253595
4253991
4253595
4253595
4253991
14724147
14727146
17387815
14724147
14727146
11114141
17407466
11114141
11114141
17407466
4253490
26750927
4253490
4253490
26750927
26751307
26751316
26751325
26751334
26751352
17389135
17389756
17411946
17389135
17389756
17411815
17411815
17411815
17411815
17411815
11112495
17402581
11112495
11112495
17402581
17390042
4254321
14727246
17390042
4254321
4246292
14744947
17407076
17407477
17407488
14724077
14724077
14724077
14724077
14724077
4238536
4238799
4239240
4253804
17386118
4240409
14731511
17409839
4240409
14731511
11112420
11114267
11112420
11112420
11114267
17411925
17411925
17411925
17411925
17411925
17389352
17390019
17401881
17406728
17389352
11111714
11111714
11111714
11111714
11111714
4254213
17415910
4254213
4254213
17415910
26749358
857679
860091
26750733
26749358
4251498
17415412
4251498
4251498
17415412
4252893
17415571
4252893
4252893
17415571
4242723
4245627
14722644
4242723
4245627
26750903
26750903
26750903
26750903
26750903
4253732
4253732
4253732
4253732
4253732
14742139
17411796
14742139
14742139
17411796
4253535
14741085
14741642
4253535
14741085
17403496
17403536
17408464
17403496
17403536
14744460
17387942
14744460
14744460
17387942
26747721
4249134
4251954
4253499
14733939
26751204
26751208
26751213
26751221
26751222
14731240
17414306
14731240
14731240
17414306
4254143
26751132
4254143
4254143
26751132
4253616
4253616
4253616
4253616
4253616
4253019
4253019
4253019
4253019
4253019
11111143
11111143
11111143
11111143
11111143
26749281
26749628
26749639
4253465
4253977
4252563
4254268
4252563
4252563
4254268
26754099
26754099
26754099
26754099
26754099
11112279
14745637
17411237
11112279
14745637
14743431
14743431
14743431
14743431
14743431
26752405
17413643
17414892
17415779
26752405
26750868
26750868
26750868
26750868
26750868
4253174
4253174
4253174
4253174
4253174
4245358
4245358
4245358
4245358
4245358
852628
4247364
14723182
14741024
14742697
855675
4248398
7977574
14743282
17402499
4247514
17401993
4247514
4247514
17401993
11112652
11113645
11112652
11112652
11113645
4253538
14722111
14737068
17401324
17403188
859244
7972790
14726293
859244
7972790
14738621
14738621
14738621
14738621
14738621
26754450
11111406
14727287
26754450
11111406
17411207
17411207
17411207
17411207
17411207
4241556
14742424
4241556
4241556
14742424
4252732
4254319
4254334
14734164
14734526
14741039
14741666
17403546
17410159
17412196
17388767
17388770
17388900
17388901
17388903
14722924
14726117
17384949
17388614
14722924
14732844
14732844
14732844
14732844
14732844
26749438
4245901
11112681
26749438
4245901
4238200
4239030
14727328
17406955
4238200
14742018
14742018
14742018
14742018
14742018
4239189
4239465
4252701
4239189
4239465
4237657
4238233
4238444
4238717
4239719
4244721
14721971
17408852
4244721
14721971
14742461
17406803
14742461
14742461
17406803
11111891
26749988
4241356
4242304
4243183
4240087
4240087
4240087
4240087
4240087
4253807
17402932
4253807
4253807
17402932
4253625
11113925
4253625
4253625
11113925
4252982
4252982
4252982
4252982
4252982
26749719
4254340
26749719
26749719
4254340
11112571
11112571
11112571
11112571
11112571
11113640
11113640
11113640
11113640
11113640
11112321
11112321
11112321
11112321
11112321
14741619
17406726
14741619
14741619
17406726
3711926
14724027
14740669
3711926
14724027
14739117
14739117
14739117
14739117
14739117
11113575
17412219
11113575
11113575
17412219
4239007
17416167
4239007
4239007
17416167
14741952
14743918
14741952
14741952
14743918
7975986
17388782
17390037
26748948
26749025
4253014
4253575
4253014
4253014
4253575
4252708
26751133
26751441
4252708
26751133
4254112
14745122
26751121
4254112
14745122
4237517
4237546
4237607
4237761
4237951
17389442
11112142
17389442
17389442
11112142
26752494
4252479
4253694
26752494
4252479
4253324
4253324
4253324
4253324
4253324
4253631
4253802
4253631
4253631
4253802
26748663
26749863
26754203
26754363
4252638
26747940
7973786
14740943
26747940
7973786
26752492
26752492
26752492
26752492
26752492
4252720
11112145
17411046
4252720
11112145
4242566
4244546
4247110
4253121
17413517
14737230
14742016
14737230
14737230
14742016
17389447
4253031
17408800
17389447
4253031
4247401
4253378
4247401
4247401
4253378
4243307
17412661
17412875
4243307
17412661
11111114
11114003
11114004
11111114
11114003
17389405
17389465
17389405
17389405
17389465
11112863
17410003
11112863
11112863
17410003
4252685
4252685
4252685
4252685
4252685
4252944
4253544
11111770
11112549
14726006
846220
846220
846220
846220
846220
14740919
17388380
14740919
14740919
17388380
4252934
4253111
11111898
4252934
4253111
14736080
14741500
14744992
17388025
17409435
11112720
4253293
4253294
4253530
14721887
4254056
4254056
4254056
4254056
4254056
11112418
11113700
17413630
17413798
11112418
11112304
14744846
11112304
11112304
14744846
4254222
14741260
4254222
4254222
14741260
17388796
17388935
17389290
3712980
4252662
17409547
17409672
17409684
17409547
17409672
26752593
26752613
4245632
26752593
26752613
865245
4246165
17409873
865245
4246165
3717473
4245895
3717473
3717473
4245895
4247708
14742810
17401962
4247708
14742810
855855
4253307
17387450
17408948
17416217
844043
4248185
4251046
14723143
14743774
4252656
4253383
4253682
4254085
11111257
14731457
14741405
17409151
17413790
17414595
17385512
14723158
14727330
14731985
14744185
17403013
17403013
17403013
17403013
17403013
4253058
4253058
4253058
4253058
4253058
17403587
17406881
17403587
17403587
17406881
17406888
17414119
17414656
17406888
17414119
26749678
4253751
26749678
26749678
4253751
14741195
14741195
14741195
14741195
14741195
4256920
26754033
26754052
4252847
4252918
861145
4244435
4252709
4252789
4252816
4254303
4254303
4254303
4254303
4254303
26747948
11113606
14727222
26747948
11113606
26751303
26751321
26751303
26751303
26751321
14726746
14745765
17407484
17407493
17410970
17413861
17414714
17413861
17413861
17414714
4253207
4253412
4253207
4253207
4253412
26748653
26754404
17406952
26748653
26754404
4238305
4238749
4239190
4239196
4239402
14745269
14745269
14745269
14745269
14745269
11112574
11112574
11112574
11112574
11112574
4252855
17410150
4252855
4252855
17410150
17385406
17385577
26749729
4241831
4249762
4242601
11112710
4242601
4242601
11112710
4243298
14720752
4243298
4243298
14720752
7972806
14741052
17402222
17410384
7972806
17409896
17411877
17412663
17412985
17409896
4249185
4249185
4249185
4249185
4249185
4237575
4239424
4252509
4254139
17408869
4253452
4253504
4253452
4253452
4253504
4248923
14732667
4248923
4248923
14732667
26751415
26751415
26751415
26751415
26751415
4252493
4252493
4252493
4252493
4252493
4253831
4253831
4253831
4253831
4253831
4242143
4242143
4242143
4242143
4242143
26753227
14726031
14727253
14732472
26753227
4241391
17411819
4241391
4241391
17411819
11112879
11114216
11114224
11112879
11114216
14721893
14727273
14740972
17409867
14721893
11112923
14726032
14744588
11112923
14726032
17387747
17413002
17413430
17387747
17413002
26748783
26748783
26748783
26748783
26748783
26750847
26750847
26750847
26750847
26750847
14740834
14742193
17415827
14740834
14742193
3712469
4239075
4240166
4242635
4248751
17401161
17401161
17401161
17401161
17401161
14744526
14744526
14744526
14744526
14744526
4252880
7976809
11113854
4252880
7976809
17402161
17402161
17402161
17402161
17402161
17407046
17409009
17407046
17407046
17409009
17389513
26749905
26749972
4252682
4252748
17406891
17409661
17406891
17406891
17409661
4251084
11111690
11112575
14722102
4251084
11111599
11111599
11111599
11111599
11111599
17389206
26749891
26754031
4243497
4243590
4253708
4253708
4253708
4253708
4253708
26752619
17406786
17407951
26752619
17406786
17403288
17416341
17403288
17403288
17416341
26749326
4253554
26749326
26749326
4253554
11112374
11112374
11112374
11112374
11112374
17409676
17409676
17409676
17409676
17409676
4253612
4253612
4253612
4253612
4253612
11113788
17407919
11113788
11113788
17407919
14735103
14735103
14735103
14735103
14735103
14740815
14741194
14740815
14740815
14741194
17385497
11113461
17385497
17385497
11113461
17387481
17387481
17387481
17387481
17387481
4253355
4253468
4253355
4253355
4253468
17402961
17402961
17402961
17402961
17402961
4243381
4252538
4253434
4253613
17413736
4250823
14740871
14745824
17402278
17402899
4253400
4253400
4253400
4253400
4253400
17414490
17414490
17414490
17414490
17414490
11111906
11111906
11111906
11111906
11111906
4253120
4253120
4253120
4253120
4253120
17402982
17402982
17402982
17402982
17402982
17385386
17388958
17388970
26752499
26752690
4254126
4254126
4254126
4254126
4254126
17411782
17414262
17411782
17411782
17414262
26750033
26752634
26754441
4238029
4238065
4253879
17407074
4253879
4253879
17407074
4242309
14723197
17387775
17411945
17412024
14731430
17409334
14731430
14731430
17409334
17409235
17409235
17409235
17409235
17409235
4254061
17387482
26750985
4254061
17387482
17389364
26753809
4252652
11112165
14735727
17389963
26752589
853557
4252556
17389963
26748914
4251910
4252806
14740996
17403004
17389152
4253773
11110805
17389152
4253773
26754328
11111015
26754328
26754328
11111015
11113858
11113858
11113858
11113858
11113858
4253276
11112531
14741376
4253276
11112531
17411233
17411233
17411233
17411233
17411233
26748422
4252868
11112350
26748422
4252868
17409734
17410181
17409734
17409734
17410181
4252891
4254048
4252891
4252891
4254048
4244802
4244802
4244802
4244802
4244802
7975066
7975066
7975066
7975066
7975066
4253555
14723942
4253555
4253555
14723942
4247167
14734111
17403548
17412217
17415062
26752626
7977291
17402883
26752626
7977291
17402238
17402238
17402238
17402238
17402238
17401191
17401191
17401191
17401191
17401191
17389409
11110961
14723793
17409961
17389409
4253064
14735050
4253064
4253064
14735050
17387909
17406664
17407595
17387909
17406664
17412204
17412204
17412204
17412204
17412204
4240885
4252632
11112763
14722695
4240885
4240800
4246954
14722631
17408469
17408847
4243475
17402416
4243475
4243475
17402416
17388775
11110726
11110798
17388775
11110726
4253009
4254367
4253009
4253009
4254367
846035
4248895
4254072
14723786
14741505
14741558
14741558
14741558
14741558
14741558
14740788
14740788
14740788
14740788
14740788
26747917
4253214
4254064
11112206
26747917
14731753
17415236
14731753
14731753
17415236
26748631
14722918
14732863
17387674
26748631
26751433
26751433
26751433
26751433
26751433
850151
11112562
14721852
17387491
850151
845164
14737060
17401156
845164
14737060
859218
859218
859218
859218
859218
26754007
26754007
26754007
26754007
26754007
4246711
11111853
17410244
4246711
11111853
26750769
26750814
26750837
26750769
26750814
14722128
14724045
14741771
14722128
14724045
17389072
17389072
17389072
17389072
17389072
4253469
4253469
4253469
4253469
4253469
17389314
17389314
17389314
17389314
17389314
4253458
4253458
4253458
4253458
4253458
4242792
4253092
17410429
4242792
4253092
4246363
4249360
4254167
4246363
4249360
14743170
14743170
14743170
14743170
14743170
17409630
17409630
17409630
17409630
17409630
7973849
17415953
7973849
7973849
17415953
17402699
17403449
17407666
17410910
17412598
4253008
4253008
4253008
4253008
4253008
4251855
11112526
11112533
17416378
26750870
26748064
26748834
26748923
4252932
4253899
860967
4252743
11111318
11112156
17413740
14745913
17403437
17411974
14745913
17403437
14727226
14738161
17403606
17407496
14727226
14745155
14745155
14745155
14745155
14745155
26749532
26749575
26749532
26749532
26749575
17389876
17410890
17411364
17411416
17389876
4254161
4254161
4254161
4254161
4254161
26749887
11112605
26749887
26749887
11112605
26748763
26749245
26753531
11112765
26748763
17413926
17413926
17413926
17413926
17413926
4246755
14745632
4246755
4246755
14745632
11112865
11112865
11112865
11112865
11112865
17389906
17390049
17390050
17390051
11113526
17389576
7976568
14734434
17414340
17415988
4253074
14742523
4253074
4253074
14742523
4253381
11112614
4253381
4253381
11112614
26752568
26752602
17401319
17408402
26752568
14725960
14725960
14725960
14725960
14725960
17414755
17414755
17414755
17414755
17414755
26747821
17401483
26747821
26747821
17401483
26748930
4241655
17407468
17407487
17409758
17409825
17409825
17409825
17409825
17409825
14736820
17385003
14736820
14736820
17385003
4240881
4241927
4242935
4252415
7977815
848966
4243099
4252590
4252716
4253026
11112539
14723709
14739976
11112539
14723709
4253514
4254396
4253514
4253514
4254396
26750924
26750939
26751150
26750924
26750939
17403263
17412011
17403263
17403263
17412011
4245452
4251528
17385810
17414122
4245452
4252459
4252459
4252459
4252459
4252459
17415320
17415320
17415320
17415320
17415320
4253702
26751162
4253702
4253702
26751162
17385993
17385993
17385993
17385993
17385993
17406671
17406671
17406671
17406671
17406671
4250496
4250496
4250496
4250496
4250496
17387848
17387848
17387848
17387848
17387848
11113959
14727180
14727262
14740846
11113959
11112586
11113799
11112586
11112586
11113799
17389358
4252501
4252914
4253274
4253303
4253888
4253888
4253888
4253888
4253888
26749485
4246147
4246413
11112287
11112288
17407124
17407483
17409578
17411390
17407124
4252745
14742444
17402307
4252745
14742444
11112202
11112202
11112202
11112202
11112202
14743309
14743309
14743309
14743309
14743309
17411809
17411809
17411809
17411809
17411809
850684
4253079
4253519
7972595
850684
26749794
4253349
26749794
26749794
4253349
4242554
14744008
17410283
4242554
14744008
4247934
4252669
17408383
17415796
4247934
17388912
17388998
26748742
26749383
26749969
4253882
14737835
17409809
17412850
4253882
4253737
4253737
4253737
4253737
4253737
26749803
4240921
4252831
11112164
11112335
4237488
4237515
4237554
4237641
4237691
14743941
17403488
14743941
14743941
17403488
26748386
26749277
26749416
26749731
11112208
26753279
14726306
14727158
14742134
17401145
4237509
4237601
4237818
4237925
4238187
26748565
4252751
17406964
26748565
4252751
4253357
11112716
11113725
14745480
17385006
14732945
17406843
17410497
17410731
17413930
17408007
17408007
17408007
17408007
17408007
14727215
14727215
14727215
14727215
14727215
17385507
848392
17385507
17385507
848392
4242950
17413320
4242950
4242950
17413320
17388849
3713263
3716661
4253957
14744858
11112839
17406932
11112839
11112839
17406932
14743588
17413850
14743588
14743588
17413850
14729372
14742816
14729372
14729372
14742816
26749650
26754425
26749650
26749650
26754425
4245232
4245427
14721854
14722958
14726070
14745915
17401190
14745915
14745915
17401190
14727173
14727173
14727173
14727173
14727173
4237860
4239631
4240017
4240195
17385009
11113862
17407631
17408024
17411532
11113862
849132
4252960
14731398
14740717
14743883
17402148
17402148
17402148
17402148
17402148
14724032
14726707
14727107
14741464
14724032
11112476
11112476
11112476
11112476
11112476
17389810
4252476
4252582
4252861
4253371
17411253
17411253
17411253
17411253
17411253
4253304
11112698
11112919
4253304
11112698
17401274
17401274
17401274
17401274
17401274
26750092
11112231
17387748
26751147
26750092
4240802
4243599
14731297
17402251
4240802
17389032
17389050
17389499
17389633
4244754
26751160
26751160
26751160
26751160
26751160
4252878
11113425
17410877
4252878
11113425
4250318
4252845
17415961
4250318
4252845
4252454
4252702
4252454
4252454
4252702
855708
26749098
26749486
26750075
26754407
4243380
4243380
4243380
4243380
4243380
4252879
4252903
4253844
4252879
4252903
11111069
11111069
11111069
11111069
11111069
17411004
17412450
17411004
17411004
17412450
855940
26749761
26749836
26752525
4248061
4248824
4252693
14740128
4248824
4252693
17408596
17408596
17408596
17408596
17408596
14721922
14721922
14721922
14721922
14721922
11112560
11112560
11112560
11112560
11112560
26754360
11112917
26754360
26754360
11112917
11113845
11113845
11113845
11113845
11113845
855656
855872
4253997
14745649
855656
4254245
4254245
4254245
4254245
4254245
26749926
26749926
26749926
26749926
26749926
17414065
17414065
17414065
17414065
17414065
11111057
11111057
11111057
11111057
11111057
26748467
11112568
11114199
17385083
17402391
14742251
14742251
14742251
14742251
14742251
17389388
17403614
17389388
17389388
17403614
11114250
11114250
11114250
11114250
11114250
17401983
17409696
17401983
17401983
17409696
4252782
17411853
17414317
4252782
17411853
14745823
17406913
14745823
14745823
17406913
17389273
856905
4251174
4252602
4252760
17411662
17414643
17411662
17411662
17414643
4253098
4253098
4253098
4253098
4253098
14726409
17408563
17410486
17415338
17415587
17387996
17387996
17387996
17387996
17387996
26747737
4252774
4252804
4252818
4252887
4244738
4254181
4244738
4244738
4254181
4254246
4254424
4254246
4254246
4254424
4252746
11112855
17414364
4252746
11112855
4240108
4240108
4240108
4240108
4240108
4254178
4254178
4254178
4254178
4254178
4252965
17406985
17409892
4252965
17406985
14731984
14735681
17416098
17416214
14731984
26748404
11110734
26748404
26748404
11110734
4247536
17406700
4247536
4247536
17406700
26749631
11113647
26749631
26749631
11113647
4252461
4252993
4253379
4253382
4253622
14730501
14730501
14730501
14730501
14730501
4254084
4254084
4254084
4254084
4254084
4253063
4253063
4253063
4253063
4253063
17406592
17409927
17406592
17406592
17409927
4253793
4253793
4253793
4253793
4253793
14731041
14731041
14731041
14731041
14731041
4253000
4253915
4253985
14723958
4253000
17411420
17411420
17411420
17411420
17411420
14741574
14741574
14741574
14741574
14741574
11112204
11112204
11112204
11112204
11112204
26754412
4252898
11113718
14722200
26754412
4253413
14743943
26751049
26751116
4253413
4254390
17413412
17415795
4254390
17413412
863043
14727112
17409785
863043
14727112
4253688
4253688
4253688
4253688
4253688
3716276
3716276
3716276
3716276
3716276
843859
11111444
14741270
843859
11111444
4253681
4254002
17407053
4253681
4254002
14723199
14742096
14744482
14723199
14742096
14740889
17401350
14740889
14740889
17401350
17385384
4242500
4252353
4252694
4253109
17416199
17416199
17416199
17416199
17416199
4253951
4253951
4253951
4253951
4253951
26754401
4252525
4253384
4254432
11111070
26749646
26749646
26749646
26749646
26749646
4246319
4249370
4246319
4246319
4249370
3715858
4252984
4253208
4254093
14739382
7973411
7973411
7973411
7973411
7973411
14745175
14745175
14745175
14745175
14745175
855574
17388768
4253101
11110754
17408159
4254257
11111805
11112666
4254257
11111805
26748284
26754006
26754063
11112269
11112770
26749159
14741300
17406838
26749159
14741300
17402959
17402959
17402959
17402959
17402959
26751136
26751137
26751136
26751136
26751137
11113726
11113726
11113726
11113726
11113726
4253979
4253979
4253979
4253979
4253979
17388601
17388601
17388601
17388601
17388601
14744039
17412221
14744039
14744039
17412221
17412882
17412882
17412882
17412882
17412882
7974699
7975573
14726021
14726095
14742057
4253617
17415453
4253617
4253617
17415453
4253733
4254026
4254082
11111177
11112125
4242508
4252875
11112410
14729207
17402702
14738522
14738522
14738522
14738522
14738522
4254195
17408996
4254195
4254195
17408996
4252540
4252540
4252540
4252540
4252540
